8	12	12	1
 0  0  0  6  0  0  0  1  0  0  0  0
 0  0  0  6  0  0  0  1  5  2  0  0
 0  0  4  0  9  0  0  0  0  0  0  0
 0  0  4  0  0  0  0  0  5  2  0  0
10  0  0  0  0  0  0  1  0  0  3  8
 0 12  0  0  0  7  0  1  0  2  3  8
 0  0  0  0  0  0 11  0  0  0  3  0
 0  0  0  0  0  7  0  0  0  2  3  0
0.1	0.5	0.2	0.6	0.8	0.7	0.1	0.6	0.4	0.3	0.3	0.8	
0.375	0.545	0.039	0.556	0.367	0.546	0.016	0.615	
------target--------
2
------result--------
1	
------details--------
0.567241 0.581917 0.451366  0.45033 0.451343 0.450061 0.451424 0.450511
0.253124 0.327749  0.45378   0.4557 0.453752 0.452874 0.453824 0.453126
  0.0479739   0.0329326 2.91574e-07 9.46742e-06 3.96008e-07 3.99039e-06  1.8014e-08 3.14487e-06
------result2--------
1	4	
------details2--------
       0 0.567199 0.581917  0.56726 0.566473 0.567242 0.566624        0 0.581885 0.581917 0.581975 0.581428 0.581919 0.581453 0.567199 0.581885 0.450268 0.451282 0.449999 0.451363 0.450449 0.581917        0 0.450268 0.450244 0.448952 0.450326 0.449406  0.56726 0.581975 0.451282 0.450244 0.449974  0.45134 0.450425 0.566473 0.581428 0.449999 0.448952 0.449974 0.450057 0.450061 0.567242 0.581919 0.451363 0.450326  0.45134 0.450057 0.450507 0.566624 0.581453 0.450449 0.449406 0.450425        0 0.450507
0.567241 0.568839 0.517889 0.566711 0.568046 0.566705 0.568375 0.581917  0.58313        0 0.580347 0.582427  0.58031 0.582766 0.253105 0.327722 0.455639 0.453691 0.452813 0.453765 0.453065 0.243068  0.45033 0.452692 0.452667 0.451781 0.452741 0.452034 0.253094 0.327724 0.453697 0.455614 0.452791 0.453748 0.453043 0.252711 0.327169 0.452423 0.454327 0.452417 0.452493        0 0.253122 0.327748 0.453777 0.455696 0.453748  0.45287 0.453123 0.252837 0.327333 0.452869  0.45478 0.452851 0.450511 0.452926
       0 0.253105 0.243068 0.253094 0.252711 0.253122 0.252837 0.517889 0.327722 0.243068 0.327724 0.327169 0.327748 0.327333 0.568839  0.58313 0.452692 0.453697 0.452423 0.453777 0.452869 0.517889        0 0.455639 0.455614 0.454327 0.455696  0.45478 0.566711 0.580347 0.453691 0.452667 0.452417 0.453748 0.452851 0.568046 0.582427 0.452813 0.451781 0.452791  0.45287  0.45222 0.566705  0.58031 0.453765 0.452741 0.453748 0.452493 0.452926 0.568375 0.582766 0.453065 0.452034 0.453043        0 0.453123
0.253124 0.253855 0.305109 0.253966 0.253566  0.25399 0.253659 0.253124 0.328824   0.4557 0.328476 0.328372 0.328498 0.328528 0.253855 0.328824  0.45809 0.456117 0.455241 0.456171 0.455493 0.305109   0.4557  0.45809 0.458148 0.457182 0.458221 0.457431 0.253966 0.328476 0.456117 0.458148 0.455215 0.456165 0.455464 0.253566 0.328372 0.455241 0.457182 0.455215 0.455287 0.453126  0.25399 0.328498 0.456171 0.458221 0.456165 0.455287 0.455535 0.253659 0.328528 0.455493 0.457431 0.455464 0.453126 0.455535
  0.0479739    0.047974   0.0493938   0.0479739   0.0479748   0.0479739   0.0479749   0.0489006   0.0329326   0.0454426   0.0329327   0.0329332   0.0329326   0.0329333    0.047974   0.0329326 9.76275e-06  6.8806e-07 4.28498e-06 3.09609e-07 3.43856e-06   0.0493938 9.46742e-06 9.76275e-06 9.87566e-06 1.35192e-05 9.48599e-06 1.26535e-05   0.0479739   0.0329327  6.8806e-07 9.87566e-06 4.39507e-06 4.14146e-07 3.54629e-06   0.0479748   0.0329332 4.28498e-06 1.35192e-05 4.39507e-06  4.0088e-06 4.15227e-06   0.0479739   0.0329326 3.09609e-07 9.48599e-06 4.14146e-07  4.0088e-06 3.16313e-06   0.0479749   0.0329333 3.43856e-06 1.26535e-05 3.54629e-06 3.14487e-06 3.16313e-06
