8	12	12	1
 0  0  0  0  0  0  5  2  0  0  0  0
 0 12  0  0  0  0  0  0  0  0  0  3
 0  0  0  0  0  0  5  2  0 10  0  0
 8  0  9  0  0  0  0  0  0  0  0  3
 0  0  0  6  1  4  0  2  0  0  0  0
 0  0  0  0  1  4  0  0  0  0  0  3
 0  0  0  6  1  0  0  2  7  0 11  0
 8  0  0  0  1  0  0  0  7  0  0  3
0.5	0.4	0.7	0.3	0.7	0.2	0.9	0.4	1	0.1	0.1	0.8	
0.307	0.625	0.729	0.79	0.546	0.994	0.973	0.521	
------target--------
5
------result--------
7	
------details--------
0.449831 0.449878 0.449752 0.449424 0.529258 0.449705 0.521156 0.449842
0.451133 0.451096 0.451097 0.450798 0.271565 0.452056 0.190477 0.451062
6.17012e-07 5.03441e-07 7.49237e-07 9.51821e-07   0.0294694 1.67833e-06   0.0400135 5.53828e-07
------result2--------
5	6	
------details2--------
0.449571        0 0.449115 0.529035 0.449397 0.520908 0.449534 0.449571  0.44949 0.449161 0.529195 0.449443 0.521043  0.44958 0.449752  0.44949 0.449034 0.529077 0.449316 0.520921 0.449453 0.449115 0.449161 0.449034 0.528965 0.448986 0.520753 0.449424 0.529035 0.529195 0.529077 0.528965 0.529258        0 0.529131 0.449397 0.449443 0.449316 0.448986        0 0.527589 0.449406 0.520908 0.521043 0.520921 0.520753 0.527589 0.527589 0.520985 0.449534  0.44958 0.449453        0 0.529131 0.449406 0.520985
 0.45079 0.449831 0.450491 0.271449 0.451749 0.190457 0.450755 0.450873 0.450838 0.450538 0.271552 0.451797  0.19064 0.450803        0 0.450711 0.450411 0.271499 0.451669 0.190675 0.450676 0.450419 0.450385 0.450384 0.271443 0.451345 0.190736        0 0.529978 0.529488 0.529704 0.529527        0 0.529258 0.529651 0.450701 0.450667 0.450666 0.450367 0.449705 0.182272 0.450632 0.521956  0.52157 0.521736 0.521526 0.494708 0.494708 0.521686 0.450836 0.450801 0.450801 0.449842  0.27151  0.45176 0.190574
0.450873        0 0.450419 0.529978 0.450701 0.521956 0.450836  0.45079 0.450711 0.450385 0.529488 0.450667  0.52157 0.450801 0.450932 0.450838 0.450384 0.529704 0.450666 0.521736 0.450801 0.450491 0.450538 0.450411 0.529527 0.450367 0.521526 0.450566 0.271449 0.271552 0.271499 0.271443        0 0.494708  0.27151 0.451749 0.451797 0.451669 0.451345        0 0.494708  0.45176 0.190457  0.19064 0.190675 0.190736 0.546443 0.182272 0.190574 0.450755 0.450803 0.450676        0 0.529651 0.450632 0.521686
0.452094 0.451133 0.451795 0.271944 0.453054  0.19054 0.452059 0.452094 0.452059  0.45176 0.271614 0.453022 0.189867 0.452023 0.451133 0.452059  0.45176 0.271729 0.453024 0.189979 0.452024 0.451795  0.45176  0.45176 0.271679 0.452721 0.190235 0.451062 0.271944 0.271614 0.271729 0.271679 0.452056 0.048105 0.271737 0.453054 0.453022 0.453024 0.452721 0.452056 0.239448 0.452984  0.19054 0.189867 0.189979 0.190235 0.048105 0.239448 0.190171 0.452059 0.452023 0.452024 0.451062 0.271737 0.452984 0.190171
1.12197e-06 6.17012e-07 1.57142e-06   0.0294697 2.29835e-06   0.0400139 1.17233e-06 1.12197e-06 1.25534e-06 1.45906e-06   0.0294694 2.18717e-06   0.0400137 1.05943e-06 7.52675e-07 1.25534e-06 1.70532e-06   0.0294695 2.43374e-06   0.0400138  1.3055e-06 1.57142e-06 1.45906e-06 1.70532e-06   0.0294695 2.63841e-06   0.0400138 1.01612e-06   0.0294697   0.0294694   0.0294695   0.0294695   0.0820261   0.0729561   0.0294695 2.29835e-06 2.18717e-06 2.43374e-06 2.63841e-06 1.67833e-06   0.0405475 2.23683e-06   0.0400139   0.0400137   0.0400138   0.0400138   0.0729961   0.0405475   0.0400137 1.17233e-06 1.05943e-06  1.3055e-06 5.53828e-07   0.0294695 2.23683e-06   0.0400137
