8	12	12	1
 0  3  0  0  8  0  0  1  0  4  0  0
 0  3  0  0  0  0  0  1  0  4  5  0
 0  3  2  0  0  0  0  1  0  0  0  0
 0  3  2 12  0  7  0  1  0  0  5  0
 0  0  0  0  8  0 10  1  6  4  0  9
 0  0  0  0  0  0  0  1  0  4  5  9
11  0  2  0  0  0  0  1  6  0  0  0
 0  0  2  0  0  7  0  1  0  0  5  0
0.3	0.9	0.5	0.7	0.6	0.2	0.1	1	0.8	0.3	0.4	0.1	
0.357	0.34	0.122	0.731	0.418	0.767	0.536	0.77	
------target--------
2
------result--------
6	
------details--------
0.610862 0.735119 0.611119 0.713539 0.604486 0.724705 0.611728  0.72188
0.615057 0.259468 0.619405  0.53461 0.633937 0.206075  0.61375 0.324018
7.40274e-06   0.0911855 1.40032e-05   0.0168005 0.000349294   0.0967091 1.05772e-06   0.0659837
------result2--------
2	3	
------details2--------
 0.734934  0.610862  0.713316         0  0.733554  0.610569  0.730597  0.734934  0.735119         0  0.733672         0  0.735203         0         0         0         0  0.602891  0.733753  0.610829  0.730787  0.713316  0.713539  0.713539  0.711647  0.711765  0.713567  0.713539  0.602891  0.733672  0.602891  0.711647  0.723247  0.604128  0.719049  0.733554  0.733753  0.733753  0.711765         0  0.724731  0.720479  0.610569  0.735203  0.610829  0.713567  0.604128  0.724731  0.721896  0.730597  0.730787  0.730787         0  0.719049  0.720479  0.721896
        0         0  0.514541  0.610862   0.19734  0.612598  0.313696  0.735919         0  0.735119  0.738937  0.735119  0.734617  0.735119  0.611119  0.611119  0.611119  0.633793  0.196272  0.612853  0.313143  0.714499         0         0  0.718482  0.736264  0.713373         0   0.61607  0.268515   0.61607  0.526775         0  0.606611  0.314915  0.702642  0.658861  0.658861  0.738318  0.724705  0.724551  0.750274  0.614764  0.259202  0.619106  0.534457  0.633736   0.20665  0.324373  0.700188  0.657306  0.657306   0.72188  0.729801  0.739918  0.721785
 0.735919  0.612237  0.714499   0.61607  0.702642  0.614764  0.700188         0         0         0  0.268515  0.658861  0.259202  0.657306         0         0         0   0.61607  0.658861  0.619106  0.657306  0.514541  0.765373   0.51458  0.526775  0.738318  0.534457  0.734269  0.685107  0.738937  0.633793  0.718482   0.73035  0.633736  0.729801   0.19734  0.752844  0.196272  0.736264         0   0.20665  0.739918  0.612598  0.734617  0.612853  0.713373  0.606611  0.724551  0.721785  0.313696   0.76134  0.313143         0  0.314915  0.750274  0.324373
 0.491916  0.619405  0.573235  0.614564  0.234173  0.616835  0.355564  0.491916  0.619405  0.259468  0.223579 0.0295201  0.261086 0.0553845  0.619405  0.619405  0.619405  0.635805  0.350042  0.621215  0.458464  0.573235  0.259468  0.619405  0.559469   0.11676  0.535535  0.324018  0.614564  0.223579  0.635805  0.559469  0.470995  0.635171  0.353499  0.234173 0.0295201  0.350042   0.11676  0.470995  0.202537  0.037483  0.616835  0.261086  0.621215  0.535535  0.635171  0.202537  0.321842  0.355564 0.0553845  0.458464  0.324018  0.353499  0.037483  0.321842
   0.144748 1.45437e-05   0.0176867 7.69314e-06    0.097248 8.47936e-06   0.0665247    0.144748    0.167327   0.0911855     0.09142    0.156807   0.0911858    0.146327 1.40032e-05 1.40032e-05 1.40032e-05 0.000378293   0.0986625 1.50727e-05   0.0678597   0.0176867   0.0924384   0.0187568   0.0170329    0.122493   0.0168006   0.0661706 0.000932126     0.09142 0.000378293   0.0170329    0.141522 0.000350617   0.0661918    0.097248    0.156854   0.0986625    0.122493    0.141506   0.0967105     0.15117 8.47936e-06   0.0911858 1.50727e-05   0.0168006 0.000350617   0.0967105   0.0659842   0.0665247    0.146547   0.0678597   0.0659837   0.0661918     0.15117   0.0659842
