8	12	12	1
 0  2  0  1  0  0  3  8  0  0  0  0
 0  0  7  1  0  0  3  8  9  0  0  0
 0  2  0  1  5  0  3  0  0 10  0  0
 0  0  7  1  5  6  3  0  0  0 12  0
 0  2  0  1  0  0  0  0  0  0  0 11
 0  0  0  1  0  0  0  0  9  0  0  0
 4  2  0  1  0  0  0  0  0 10  0 11
 4  0  0  1  0  6  0  0  0  0  0  0
0.7	0.8	0.1	0.4	0.7	0.5	0.3	0.8	0.1	1	0.6	0.7	
0.246	0.568	0.336	0.792	0.284	0.733	0.399	0.51	
------target--------
7
------result--------
5	
------details--------
0.561015 0.560756 0.559918 0.560196  0.67716 0.561175 0.700533 0.560871
 0.56327 0.563151 0.565913 0.562651 0.309257 0.563206 0.424649 0.563089
1.46073e-06 2.29028e-06 1.35876e-05 3.06011e-06   0.0598961 8.24375e-07   0.0392001 1.81296e-06
------result2--------
3	5	
------details2--------
       0 0.559531 0.559807 0.676911 0.560756 0.700365 0.560485 0.560756  0.55927 0.559538 0.676972        0 0.700565 0.560222 0.559531  0.55927 0.558706 0.700533 0.559692        0 0.559386 0.559807 0.559538 0.558706 0.676699 0.559963  0.70044 0.560196 0.676911 0.676972 0.700533 0.676699 0.677228        0 0.676929 0.560756        0 0.559692 0.559963 0.677228 0.700728 0.560643 0.700365 0.700565 0.700533  0.70044        0 0.700728 0.700453 0.560485 0.560222 0.559386        0 0.676929 0.560643 0.700453
0.561015 0.565527 0.562268 0.309147 0.562945 0.424419 0.562706        0  0.56526 0.562012 0.309064 0.560756 0.424223 0.562452 0.561795 0.561672 0.561172 0.288815 0.561723 0.559918 0.561612 0.562073  0.56196 0.564695 0.308933 0.562031 0.423902        0 0.678362 0.677668 0.616076 0.677636 0.676618  0.67716 0.677892 0.563113 0.561175 0.565681  0.56243 0.309184 0.424476 0.562868 0.701344 0.700446        0 0.700628 0.700533 0.698988 0.700785 0.562745 0.562628 0.565379 0.560871 0.309114 0.562689 0.424325
       0 0.561795 0.562073 0.678362 0.563113 0.701344 0.562745 0.562945 0.561672  0.56196 0.677668 0.563113 0.700446 0.562628 0.565527  0.56526 0.564695 0.616076 0.565681        0 0.565379 0.562268 0.562012 0.561172 0.677636  0.56243 0.700628 0.562238 0.309147 0.309064 0.288815 0.308933 0.309184        0 0.309114 0.562945        0 0.561723 0.562031 0.676618 0.698988 0.562689 0.424419 0.424223 0.288815 0.423902 0.616076 0.424476 0.424325 0.562706 0.562452 0.561612        0 0.677892 0.562868 0.700785
 0.56327 0.567808 0.564533 0.309794 0.565293 0.425773 0.564969  0.56327  0.56771 0.564416 0.309789 0.563206  0.42582 0.564853 0.567808  0.56771 0.567194 0.400583 0.567804 0.565913 0.567635 0.564533 0.564416 0.567194 0.309597 0.564473 0.425434 0.563089 0.309794 0.309789 0.400583 0.309597 0.309854 0.309257 0.309717 0.565293 0.563206 0.567804 0.564473 0.309854 0.426061 0.564907 0.425773  0.42582 0.565913 0.425434 0.309257 0.426061 0.425694 0.564969 0.564853 0.567635 0.563089 0.309717 0.564907 0.425694
1.46073e-06 1.50657e-05 4.53469e-06   0.0598966 2.41425e-06   0.0392006 3.28152e-06 2.30372e-06 1.59138e-05 5.38519e-06   0.0598963 2.29144e-06   0.0392006 4.12217e-06 1.50657e-05 1.59138e-05  1.6694e-05   0.0634233 1.44304e-05 1.35876e-05 1.54268e-05 4.53469e-06 5.38519e-06  1.6694e-05   0.0598965 3.90492e-06   0.0392007 3.24032e-06   0.0598966   0.0598963   0.0634233   0.0598965   0.0598962   0.0598961   0.0598964 2.41425e-06 8.24375e-07 1.44304e-05 3.90492e-06   0.0598962   0.0392007 2.64816e-06   0.0392006   0.0392006   0.0592744   0.0392007   0.0620955   0.0392007   0.0392005 3.28152e-06 4.12217e-06 1.54268e-05 1.81296e-06   0.0598964 2.64816e-06   0.0392005
