8	12	12	1
 0  0  9  0  0  0  0  0  8  0  3  0
 0  0  0  0  0  5  0  0  0  0  3  0
11  0  9  2  0  0  0  0  0  0  3  0
 0  0  0  2  0  0  6  0  0 10  3  0
 0  1  0  0  0  0  0  7  8  0  0  0
 0  1  0  0  4  5  0  7  0  0  0  0
 0  1  0  2  0  0  0  0  0  0  0 12
 0  1  0  2  4  0  6  0  0  0  0  0
0.9	1	0.6	0.1	0.9	0.6	0.4	0.9	0.4	0.1	0.2	0.4	
0.328	0.775	0.291	0.462	0.289	0.798	0.335	0.051	
------target--------
5
------result--------
1	
------details--------
0.705225 0.656212 0.647781 0.656848 0.730867 0.655122 0.656744 0.656928
0.494876 0.658157 0.677116 0.658721 0.554575 0.657947 0.658606 0.658781
   0.016759 1.99296e-06 0.000412862 4.64175e-07   0.0167079  4.0101e-06 8.11984e-07 1.55379e-07
------result2--------
3	1	
------details2--------
0.700915        0 0.705204 0.724538 0.722842  0.70512 0.705205 0.700915 0.647267 0.656091  0.72913        0 0.655986 0.656173 0.705465 0.647267 0.647643 0.724916 0.644098 0.647528 0.647738 0.705204 0.656091 0.647643 0.730913 0.654998 0.656624 0.656848        0  0.72913 0.724916 0.730913  0.72913 0.730855 0.730863 0.722842 0.655122 0.644098 0.654998        0 0.654892 0.655082  0.70512 0.655986 0.647528 0.656624 0.730855 0.654892 0.656705 0.705205 0.656173 0.647738        0 0.730863 0.655082 0.656705
0.712087 0.705225  0.70554 0.672547 0.696286  0.70599 0.706156 0.503553  0.67567 0.657982 0.580538 0.656212  0.65786 0.658036        0 0.648587 0.649801 0.542686 0.649733 0.649632 0.649819 0.494748 0.658039 0.677005 0.554377 0.657828  0.65849        0 0.730867 0.732879 0.743634 0.730197 0.732879 0.730957 0.731099 0.454194        0  0.67918 0.656904 0.655122 0.656779 0.656957   0.4947 0.657935  0.67691 0.658505 0.554265 0.657724 0.658562 0.494847 0.658119 0.677081 0.656928 0.554523 0.657908 0.658568
0.503553        0 0.494748 0.762646 0.454194   0.4947 0.494847 0.712087 0.648587 0.658039 0.732879        0 0.657935 0.658119 0.704144  0.67567 0.677005 0.743634  0.67918  0.67691 0.677081  0.70554 0.657982 0.649801 0.730197 0.656904 0.658505 0.658692 0.672547 0.580538 0.542686 0.554377        0 0.554265 0.554523 0.696286 0.657639 0.649733 0.657828 0.732879 0.657724 0.657908  0.70599  0.65786 0.649632  0.65849 0.730957 0.656779 0.658568 0.706156 0.658036 0.649819        0 0.731099 0.656957 0.658562
0.481639 0.655297 0.496811 0.300578 0.519923 0.496192 0.496268 0.481639 0.679431 0.659918 0.489035 0.658157 0.659804 0.659979 0.655297 0.679431 0.678787 0.581484 0.676015 0.678655 0.678821 0.496811 0.659918 0.678787 0.557532 0.659717 0.660369 0.658781 0.300578 0.489035 0.581484 0.557532 0.605414 0.556871 0.557035 0.519923 0.658157 0.676015 0.659717 0.605414 0.659597 0.659772 0.496192 0.659804 0.678655 0.660369 0.556871 0.659597 0.660427 0.496268 0.659979 0.678821 0.658781 0.557035 0.659772 0.660427
  0.0168666   0.0641731   0.0167591   0.0427834   0.0175207   0.0167593   0.0167591   0.0168666 0.000415885 2.46362e-06   0.0181517 1.99296e-06 2.81371e-06 2.14992e-06   0.0641736 0.000415885 0.000413416   0.0170928 0.000425301 0.000413797  0.00041304   0.0167591 2.46362e-06 0.000413416   0.0167084   4.485e-06 1.27981e-06 4.64422e-07   0.0424801   0.0181517   0.0170928   0.0167084   0.0472089   0.0167085    0.016708   0.0175207 4.10384e-06 0.000425301   4.485e-06  0.00580561 4.83636e-06 4.16806e-06   0.0167593 2.81371e-06 0.000413797 1.27981e-06   0.0167085 4.83636e-06 9.68183e-07   0.0167591 2.14992e-06  0.00041304 1.55379e-07    0.016708 4.16806e-06 9.68183e-07
