8	12	12	1
 0  0  0  2  0  0  0  0  3  4  0 12
 0  0  1  2  6  0  8 11  0  4  0  0
 0  0  0  2  0  0  0  0  3  0  5  0
 0  0  1  2  6  0  0  0  0  0  5  0
 0  0  0  0  0  7  0  0  3  4  0  0
 0  9  1  0  0  0  8  0  0  4  0  0
10  0  0  0  0  7  0  0  3  0  5  0
 0  0  1  0  0  0  0  0  0  0  5  0
0.5	0.5	0.6	0.2	0.8	0.6	0.9	0.6	0.5	0.2	0.2	0.7	
0.911	0.07	0.254	0.363	0.294	0.743	0.429	0.207	
------target--------
4
------result--------
2	
------details--------
 0.588671   0.73963  0.589365  0.745424  0.589333  0.589037   0.58871  0.589365
 0.590963 0.0938718  0.592772  0.191974  0.591474  0.591196  0.591367  0.592772
 2.6745e-06    0.164382 1.98781e-06    0.131686 1.27566e-06  2.0071e-06 3.37605e-06 1.98781e-06
------result2--------
2	4	
------details2--------
  0.739376   0.588356   0.745266   0.588323   0.588023   0.587692   0.588356   0.739376   0.743763   0.743763   0.739508   0.739567    0.74323   0.743763   0.588356   0.743763          0   0.589018   0.588723          0          0   0.745266          0   0.745424   0.745363   0.745434   0.744894   0.745424   0.588323   0.739508   0.589018   0.745363   0.588691          0   0.589018   0.588023   0.739567   0.588723   0.745434   0.588691   0.588061   0.588723   0.587692    0.74323    0.58871   0.744894    0.58871   0.588061    0.58871   0.588356   0.743763          0          0   0.589018   0.588723          0
 0.0939281   0.591777   0.192491   0.590476   0.590198   0.590368   0.591777   0.739954   0.701042   0.701042   0.740265    0.73978   0.733441   0.701042   0.590656  0.0921576   0.589365   0.591174    0.59089   0.589365   0.589365   0.745626   0.745424          0   0.745742   0.745401   0.746662          0   0.590622  0.0939028   0.592438   0.192757   0.590856   0.589333   0.592438   0.590328  0.0939335    0.59214   0.192467   0.590841   0.590733    0.59214   0.590004  0.0923949          0          0          0    0.59024          0   0.590656  0.0921576   0.589365   0.589365   0.591174    0.59089   0.589365
  0.739954   0.590656   0.745626   0.590622   0.590328   0.590004   0.590656  0.0939281  0.0921576   0.791368  0.0939028  0.0939335  0.0923949  0.0921576   0.591777   0.701042          0   0.592438    0.59214          0          0   0.192491   0.701042          0   0.192757   0.192467          0          0   0.590476   0.740265   0.591174   0.745742   0.590841          0   0.591174   0.590198    0.73978    0.59089   0.745401   0.590856    0.59024    0.59089   0.590368   0.733441   0.590897   0.746662   0.591283   0.590733   0.590897   0.591777   0.701042          0          0   0.592438    0.59214          0
 0.0937989    0.59408   0.191302   0.592772   0.592495   0.592668    0.59408  0.0937989   0.115768 0.00942298  0.0937078   0.093723  0.0966248   0.115768    0.59408   0.115768   0.592772   0.594611   0.594321   0.592772   0.592772   0.191302 0.00942298   0.592772   0.187784   0.190783   0.365172   0.592772   0.592772  0.0937078   0.594611   0.187784   0.593005   0.591474   0.594611   0.592495   0.093723   0.594321   0.190783   0.593005   0.592903   0.594321   0.592668  0.0966248   0.592772   0.365172   0.591474   0.592903   0.592772    0.59408   0.115768   0.592772   0.592772   0.594611   0.594321   0.592772
   0.164382 4.68069e-06    0.131686 3.96236e-06 4.70431e-06 6.08546e-06 4.68069e-06    0.164382     0.16474    0.213113    0.164382    0.164382    0.164432     0.16474 4.68069e-06     0.16474 1.98781e-06 3.28206e-06 4.01197e-06 1.98781e-06 1.98781e-06    0.131686    0.212963    0.207724    0.131689    0.131686     0.17222    0.207724 3.96236e-06    0.164382 3.28206e-06    0.131689 3.29338e-06 1.27566e-06 3.28206e-06 4.70431e-06    0.164382 4.01197e-06    0.131686 3.29338e-06 5.41451e-06 4.01197e-06 6.08546e-06    0.164432 3.87277e-06     0.17222 3.38281e-06 5.41451e-06 3.87277e-06 4.68069e-06     0.16474 1.98781e-06 1.98781e-06 3.28206e-06 4.01197e-06 1.98781e-06
