8	12	12	1
 4  0  1  3  0  0  0  0  0  0  0 10
 0  0  1  3  5  0  0  0 11  0  0 10
 0  0  1  0  0  0  0  0  0  0  9  0
 0  0  1  0  0  0 12  0  0  0  0  0
 4  2  1  3  0  6  0  7  0  0  0  0
 0  2  1  3  5  6  0  0  0  8  0  0
 0  2  1  0  0  0  0  7  0  0  9  0
 0  2  1  0  0  0  0  0  0  8  0  0
0.8	0.8	1	0.4	0.4	0.6	1	0.1	0.6	0.8	0.5	0.3	
0.318	0.63	0.107	0.596	0.379	0.42	0.515	0.644	
------target--------
7
------result--------
3	
------details--------
0.473349 0.472693 0.595071 0.472557  0.47349 0.472125 0.596077 0.472125
 0.47571 0.475216 0.102807 0.475233 0.475731 0.474859 0.152141 0.474859
9.56473e-07 2.90035e-06    0.101634  3.3803e-06 3.57067e-07 3.73628e-06   0.0856606 3.73628e-06
------result2--------
3	5	
------details2--------
       0 0.595085 0.472331 0.473266 0.471897 0.596098 0.471897 0.472693 0.594942 0.471669 0.472608 0.471231 0.595973 0.471231 0.595085 0.594942 0.594537 0.596077 0.594497        0 0.594497 0.472331 0.471669 0.594537 0.472473   0.4711 0.595558   0.4711 0.473266 0.472608 0.596077 0.472473  0.47204        0  0.47204 0.471897 0.471231 0.594497   0.4711  0.47204 0.595531        0 0.596098 0.595973        0 0.595558 0.596077 0.595531 0.595531 0.471897 0.471231 0.594497   0.4711  0.47204        0 0.595531
0.473349 0.102783 0.475011 0.475516 0.474637 0.152208 0.474637        0  0.10271 0.474356 0.474875 0.473982  0.15228 0.473982 0.594945 0.595311 0.595941 0.570087 0.595579 0.595071 0.595579 0.474704 0.474205 0.102679 0.474731 0.473845 0.152075 0.473845  0.47563 0.475135 0.102359 0.475151 0.474777  0.47349 0.474777 0.474278 0.473775 0.102633 0.473787  0.47431 0.152149 0.472125 0.595874 0.596269 0.596077  0.59692        0 0.596559 0.596559 0.474278 0.473775 0.102633 0.473787  0.47431 0.472125 0.152149
       0 0.594945 0.474704  0.47563 0.474278 0.595874 0.474278 0.475032 0.595311 0.474205 0.475135 0.473775 0.596269 0.473775 0.102783  0.10271 0.102679 0.102359 0.102633        0 0.102633 0.475011 0.474356 0.595941 0.475151 0.473787  0.59692 0.473787 0.475516 0.474875 0.570087 0.474731  0.47431        0  0.47431 0.474637 0.473982 0.595579 0.473845 0.474777 0.596559        0 0.152208  0.15228 0.570087 0.152075 0.102359 0.152149 0.152149 0.474637 0.473982 0.595579 0.473845 0.474777        0 0.596559
 0.47571 0.103036 0.477384 0.477898 0.477011 0.151487 0.477011  0.47571 0.102991  0.47689 0.477398 0.476516 0.151877 0.476516 0.103036 0.102991 0.103019 0.116779 0.102964 0.102807 0.102964 0.477384  0.47689 0.103019 0.477406 0.476531 0.152251 0.476531 0.477898 0.477398 0.116779 0.477406 0.477033 0.475731 0.477033 0.477011 0.476516 0.102964 0.476531 0.477033 0.152134 0.474859 0.151487 0.151877 0.102807 0.152251 0.475731 0.152134 0.152134 0.477011 0.476516 0.102964 0.476531 0.477033 0.474859 0.152134
9.56473e-07    0.101634 4.34657e-06 1.31672e-06 4.70577e-06   0.0856607 4.70577e-06 2.96379e-06    0.101634 6.30695e-06   3.265e-06 6.67085e-06   0.0856607 6.67085e-06    0.101634    0.101634    0.101635    0.101681    0.101635    0.101634    0.101635 4.34657e-06 6.30695e-06    0.101635  3.7422e-06 7.14485e-06   0.0856613 7.14485e-06 1.31672e-06   3.265e-06    0.101681  3.7422e-06 4.10014e-06 3.57067e-07 4.10014e-06 4.70577e-06 6.67085e-06    0.101635 7.14485e-06 4.10014e-06    0.085661 3.73628e-06   0.0856607   0.0856607    0.101673   0.0856613   0.0988895    0.085661    0.085661 4.70577e-06 6.67085e-06    0.101635 7.14485e-06 4.10014e-06 3.73628e-06    0.085661
