8	12	12	1
 0  1  0  0  0  0  0  6  0  3  0  4
 0  0  0  0  0  0  5  0  0  3  0  4
 0  1  0  0  0  9  0  6  0  0  0  4
 0  0  0  0  0  0  0  0  0  0  0  4
 0  1  0  2  8  0  0  0  7  3 11  0
10  0  0  2  8  0  5  0  0  3  0  0
 0  1  0  2  0  9  0  0  7  0  0  0
 0  0 12  2  0  0  0  0  0  0  0  0
0.2	0.4	0.5	0.7	0.3	0.6	0.6	1	0.3	0.4	0.3	0.7	
0.442	0.68	0.627	0.405	0.028	0.864	0.684	0.193	
------target--------
2
------result--------
6	
------details--------
0.369812  0.56547 0.368437 0.370582 0.373524 0.520741 0.372789 0.373332
 0.37726 0.203108 0.375172 0.381072 0.375985 0.146989 0.374454 0.375818
2.96327e-05    0.071533 1.77953e-05 4.75572e-05 1.02685e-07   0.0767688 1.46754e-06  1.0284e-06
------result2--------
2	4	
------details2--------
 0.562451         0  0.369812  0.369792  0.556068  0.368437  0.369597  0.562451  0.560758   0.56547  0.565476         0  0.564792  0.565459  0.368437  0.560758  0.368437  0.368416  0.554346         0  0.368218         0         0         0  0.370562  0.558997  0.369464  0.370369  0.369792  0.565476  0.368416  0.370562  0.520735  0.372769  0.373312  0.556068  0.558997  0.554346  0.558997  0.520735  0.514321  0.520626  0.368437  0.564792         0  0.369464  0.372769  0.514321  0.372576  0.369597  0.565459  0.368218  0.370369  0.373312  0.520626  0.372576
        0  0.369812         0  0.372265  0.131824  0.371105  0.372099  0.572432  0.567874         0  0.564764   0.56547  0.566207  0.565586         0         0         0   0.37091  0.132697  0.368437  0.370734  0.370582  0.370582  0.370582  0.373028  0.131057  0.371803  0.372865   0.37724  0.203099  0.375152  0.381051  0.147003  0.374435  0.375799  0.490434  0.445577  0.511095  0.445577  0.521548  0.528645  0.521965  0.376237  0.217121  0.372789  0.380003  0.375239  0.150254  0.375068  0.377045  0.203013  0.374959  0.380855  0.375777  0.147063  0.374244
 0.572432         0   0.37234   0.37724  0.490434  0.376237  0.377045         0         0         0  0.203099  0.445577  0.217121  0.203013  0.371105  0.567874  0.371672  0.375152  0.511095  0.376237  0.374959         0         0         0  0.381051  0.445577  0.380003  0.380855  0.372265  0.564764   0.37091  0.373028  0.521548  0.375239  0.375777  0.131824  0.603353  0.132697  0.131057  0.147003  0.150254  0.147063  0.371105  0.566207         0  0.371803  0.374435  0.528645  0.374244  0.372099  0.565586  0.370734  0.372865  0.375799  0.521965  0.375068
  0.29986   0.37726  0.381072  0.379765  0.165998  0.378856  0.379581   0.29986  0.240816  0.381072  0.204263 0.0506679  0.184495  0.204147   0.37726  0.240816  0.381072  0.377657  0.152295  0.374454   0.37748  0.381072  0.381072  0.381072  0.383634   0.21166  0.382754   0.38343  0.379765  0.204263  0.377657  0.383634  0.145335  0.376908  0.378277  0.165998 0.0506679  0.152295   0.21166  0.145335  0.143155  0.146193  0.378856  0.184495  0.374454  0.382754  0.376908  0.143155  0.376741  0.379581  0.204147   0.37748   0.38343  0.378277  0.146193  0.376741
    0.11975 2.96327e-05 4.96399e-05 2.97386e-05   0.0785208 3.32779e-05  3.0688e-05     0.11975   0.0922528    0.151226    0.071533    0.133141    0.071963   0.0715331 3.15364e-05   0.0922528 5.11576e-05 1.79014e-05   0.0772845 1.90307e-05 1.88514e-05 4.75572e-05 4.75572e-05 4.75572e-05 4.76631e-05    0.081763 5.07324e-05 4.86122e-05 2.97386e-05    0.071533 1.79014e-05 4.76631e-05   0.0767689 1.57106e-06 1.13151e-06   0.0785208    0.133378   0.0772845    0.081763   0.0767689   0.0768502   0.0767691 3.32779e-05    0.071963 1.46754e-06 5.07324e-05 1.57106e-06   0.0768502 2.50257e-06  3.0688e-05   0.0715331 1.88514e-05 4.86122e-05 1.13151e-06   0.0767691 2.50257e-06
