8	12	12	1
 5  0  8  0  1  0  0  2  0 10  0  0
 0  0  8  0  1  0  0  2  0  0  0  0
 0  0  0  4  1  0  0  0  0  0 11  0
 0  7  0  0  1  0  0  0  0  0  0  0
 5  0  0  0  0  6  0  2  3  0  0  0
 0  0  0  0  0  0 12  2  3  0  0  0
 0  0  0  4  0  6  0  0  3  0  0  9
 0  7  0  0  0  0  0  0  3  0  0  9
0.6	0.3	0.8	0.4	0.8	1	0.6	0.2	0.6	0.1	0.2	0.3	
0.032	0.174	0.457	0.177	0.306	0.528	0.342	0.239	
------target--------
7
------result--------
8	
------details--------
0.610646 0.610659  0.61077 0.610818 0.610241 0.610059 0.669496 0.659078
0.614793 0.614797  0.61483 0.616567 0.614077 0.614275 0.499152 0.393235
3.60741e-06 3.51746e-06 2.67708e-06 3.37122e-06 5.43509e-06 7.01282e-06   0.0136247   0.0214557
------result2--------
7	5	
------details2--------
0.610646 0.610301 0.610351 0.609772 0.609587 0.669252  0.65877        0 0.610314 0.610363 0.609784   0.6096 0.669246 0.658768 0.610301 0.610314 0.610474 0.609895 0.609708 0.669545 0.659027 0.610351 0.610363 0.610474 0.609932  0.60976 0.669359        0 0.609772 0.609784 0.609895 0.609932 0.609178        0 0.669359 0.609587   0.6096 0.609708  0.60976 0.609178 0.669062  0.65847 0.669252 0.669246 0.669545 0.669359 0.669496 0.669062        0  0.65877 0.658768 0.659027 0.659078 0.669359  0.65847        0
       0  0.61438 0.616116 0.613618 0.613817 0.498706 0.393079 0.610659 0.614391 0.616127  0.61363 0.613829 0.498727 0.393082 0.614462 0.614466 0.616244 0.613743 0.613944 0.498651 0.393156 0.614509 0.614513 0.614554 0.613833 0.613991 0.499436 0.610818 0.613935 0.613939  0.61398 0.615948 0.613416 0.610241 0.366771 0.613759 0.613763 0.613819 0.615551 0.613039  0.49807 0.392915   0.6714 0.671503 0.668972 0.671901        0 0.670781 0.669496 0.661499 0.661579  0.65962        0   0.6267 0.660888 0.659078
0.614634 0.614462 0.614509 0.613935 0.613759   0.6714 0.661499        0 0.614466 0.614513 0.613939 0.613763 0.671503 0.661579  0.61438 0.614391 0.614554  0.61398 0.613819 0.668972  0.65962 0.616116 0.616127 0.616244 0.615948 0.615551 0.671901        0 0.613618  0.61363 0.613743 0.613833 0.613039        0   0.6267 0.613817 0.613829 0.613944 0.613991 0.613416 0.670781 0.660888 0.498706 0.498727 0.498651 0.499436 0.273998  0.49807   0.6267 0.393079 0.393082 0.393156 0.305187 0.366771 0.392915 0.671901
0.614797 0.618549 0.620278 0.617784 0.617994 0.502762 0.394507 0.614797 0.618552 0.620279 0.617788 0.617998 0.502679 0.394516 0.618549 0.618552 0.620369 0.617827 0.618036 0.504828 0.394151 0.620278 0.620279 0.620369 0.618737 0.619768 0.493259 0.616567 0.617784 0.617788 0.617827 0.618737 0.617268 0.614077 0.529241 0.617994 0.617998 0.618036 0.619768 0.617268 0.502492 0.394235 0.502762 0.502679 0.504828 0.493259 0.614077 0.502492 0.325655 0.394507 0.394516 0.394151 0.616567 0.529241 0.394235 0.325655
3.60755e-06 6.31035e-06 6.99863e-06 9.07256e-06 1.06668e-05   0.0136265   0.0214571 3.51746e-06 6.21836e-06 6.90738e-06 8.98136e-06 1.05745e-05   0.0136265   0.0214572 6.31035e-06 6.21836e-06 6.07846e-06 8.14519e-06 9.75041e-06   0.0136267   0.0214558 6.99863e-06 6.90738e-06 6.07846e-06 8.85135e-06 1.04301e-05   0.0136263 3.37122e-06 9.07256e-06 8.98136e-06 8.14519e-06 8.85135e-06 1.25126e-05 5.43509e-06   0.0233893 1.06668e-05 1.05745e-05 9.75041e-06 1.04301e-05 1.25126e-05    0.013628   0.0214578   0.0136265   0.0136265   0.0136267   0.0136263   0.0318545    0.013628   0.0290517   0.0214571   0.0214572   0.0214558   0.0287975   0.0233893   0.0214578   0.0284509
