8	12	12	1
 0  0  0  0  0  0  0  8  0  0  0  0
 0  0  0  0  3  0  0  0  0  0  0  0
 1  0  0  0  0  0  0  0  0  0 11  0
 0  0  0  0  3  0  0  0  0  5  0  0
 0  0  0  0  0 12  0  0  4  0  0  0
 0  0  0  9  0  0  0  0  4  0  0  6
 1  2 10  0  0  0  0  0  0  0  0  0
 0  2  0  0  0  0  7  0  0  5  0  6
1	0.7	0.7	0.7	0.7	0.1	0.1	0.3	0.8	0.9	0.3	0.2	
0.487	0.338	0.432	0.699	0.427	0.607	0.979	0.302	
------target--------
4
------result--------
8	
------details--------
 0.364282  0.361612  0.364317  0.617307  0.364506  0.363784  0.363351  0.580547
 0.366759  0.375922  0.366792  0.146528  0.366977  0.366414  0.366075 0.0269137
1.50451e-06  7.2899e-05  1.3637e-06    0.124165 5.08094e-07 3.20713e-06 3.97911e-06    0.192877
------result2--------
8	4	
------details2--------
  0.361286    0.36399   0.617439   0.364181   0.363456   0.363022   0.580499   0.361286   0.361321          0   0.361512   0.360784   0.360349   0.616586    0.36399   0.361321   0.617424   0.364216   0.363491   0.363057   0.580503   0.617439   0.617307   0.617424   0.617404   0.617161   0.617121          0   0.364181   0.361512   0.364216   0.617404   0.363683   0.363249   0.580571   0.363456   0.360784   0.363491   0.617161   0.363683    0.36252   0.580097   0.363022   0.360349   0.363057   0.617121   0.363249    0.36252   0.579884   0.580499   0.616586   0.580503   0.616586   0.580571   0.580097   0.579884
  0.375574   0.366475   0.146488   0.366666   0.366092   0.365753  0.0270298   0.363766     0.3638   0.361612   0.363968   0.363426   0.363085  0.0243081   0.366476   0.375612   0.146492   0.366699   0.366127   0.365788  0.0270167   0.616436          0   0.616432   0.615026   0.617623   0.617521   0.617307   0.366664   0.375811   0.366697   0.146521   0.366316   0.365977  0.0269963   0.365946   0.375066   0.365979   0.146373   0.366171   0.365255  0.0270276   0.365517   0.374611   0.365551   0.146294   0.365748   0.365163  0.0271033   0.580865    0.47886   0.580876    0.47886   0.579989   0.581531   0.581319
  0.363766   0.366476   0.616436   0.366664   0.365946   0.365517   0.580865   0.375574   0.375612          0   0.375811   0.375066   0.374611    0.47886   0.366475     0.3638   0.616432   0.366697   0.365979   0.365551   0.580876   0.146488          0   0.146492   0.146521   0.146373   0.146294    0.47886   0.366666   0.363968   0.366699   0.615026   0.366171   0.365748   0.579989   0.366092   0.363426   0.366127   0.617623   0.366316   0.365163   0.581531   0.365753   0.363085   0.365788   0.617521   0.365977   0.365255   0.581319  0.0270298  0.0243081  0.0270167     0.6425  0.0269963  0.0270276  0.0271033
  0.378273   0.368967   0.146796   0.369151   0.368586   0.368246  0.0261325   0.378273   0.378307   0.375922   0.378629    0.37783   0.377478  0.0447915   0.368967   0.378307   0.146801   0.369184   0.368618   0.368279   0.026126   0.146796   0.375922   0.146801   0.146711   0.146873   0.146805 0.00589242   0.369151   0.378629   0.369184   0.146711   0.368802   0.368463  0.0249095   0.368586    0.37783   0.368618   0.146873   0.368802   0.367899  0.0266611   0.368246   0.377478   0.368279   0.146805   0.368463   0.367899  0.0266896  0.0261325  0.0447915   0.026126 0.00589242  0.0249095  0.0266611  0.0266896
7.44638e-05 2.87934e-06    0.124165  2.0188e-06 4.72802e-06 5.50464e-06    0.192878 7.44638e-05 7.43173e-05  7.2899e-05 7.34333e-05 7.61984e-05 7.69948e-05    0.197726 2.87934e-06 7.43173e-05    0.124165 1.87738e-06 4.58565e-06 5.36182e-06    0.192878    0.124165    0.209292    0.124165    0.124165    0.124165    0.124165    0.223691  2.0188e-06 7.34333e-05 1.87738e-06    0.124165 3.72232e-06 4.49647e-06    0.192879 4.72802e-06 7.61984e-05 4.58565e-06    0.124165 3.72232e-06 7.21753e-06    0.192878 5.50464e-06 7.69948e-05 5.36182e-06    0.124165 4.49647e-06 7.21753e-06    0.192878    0.192878    0.197726    0.192878    0.223709    0.192879    0.192878    0.192878
