8	12	12	1
 0  0  4  0  0  8  9  2  0  1  0 10
 0  0  4  0  0  8  0  0  0  1  0  0
 0  6  0  0  0  0  0  2  0  1  5 10
 0  0  0  0  0  0  0  0  0  1  5  0
 7  0  4 12  0  0  9  2  3  1  0  0
 7  0  4  0  0  0  0  0  3  1  0  0
 0  6  0  0  0  0  0  2  3  1  5  0
 0  0  0  0 11  0  0  0  3  1  5  0
0.4	1	0.9	0.4	0.3	0.5	0.7	0.6	0.9	0.3	0.3	0.8	
0.596	0.905	0.072	0.615	0.217	0.239	0.134	0.179	
------target--------
1
------result--------
3	
------details--------
0.587208 0.415107  0.55012    0.418 0.418194 0.418375 0.417626 0.417897
0.296248 0.424356 0.261018 0.421471 0.420709 0.420833 0.421572 0.421222
  0.0426612 4.12687e-05   0.0435813 3.52142e-06 1.74775e-06 1.02128e-06 5.93232e-06 3.77458e-06
------result2--------
1	2	
------details2--------
 0.587208         0  0.587082  0.587188  0.587189  0.586751  0.587115         0  0.586751  0.414481  0.414696   0.41488  0.414089  0.414375         0  0.586751   0.55012  0.549887  0.549988   0.55012  0.550085  0.587082  0.414481         0  0.417594  0.417776         0         0  0.587188  0.414696  0.549887  0.417594  0.418194  0.417218  0.417489  0.587189   0.41488  0.549988  0.417776         0  0.417401  0.417672  0.586751  0.414089         0  0.417626  0.417218  0.417401  0.417523  0.587115  0.414375  0.550085  0.417897  0.417489  0.417672  0.417523
        0  0.587208  0.587797  0.587309  0.587397  0.588561  0.587545  0.415107   0.24024  0.418093  0.417241  0.417367  0.418201  0.417823   0.55012  0.500255         0  0.551329  0.551444         0  0.550844  0.296504  0.423782     0.418  0.420122  0.420246     0.418     0.418  0.296111  0.423943  0.261024  0.421073         0   0.42117  0.420824  0.296171  0.424128  0.261017  0.421251  0.418375   0.42135  0.421002  0.296749  0.423431  0.417626         0  0.419749  0.419874  0.419724  0.296461  0.423675   0.16339         0   0.42002  0.420145  0.421695
0.0571595  0.500255  0.296504  0.296111  0.296171  0.296749  0.296461         0  0.500255  0.423782  0.423943  0.424128  0.423431  0.423675  0.588561   0.24024  0.163558  0.261024  0.261017 0.0718099   0.16339  0.587797  0.418093         0  0.421073  0.421251         0         0  0.587309  0.417241  0.551329  0.420122  0.420549  0.419749   0.42002  0.587397  0.417367  0.551444  0.420246         0  0.419874  0.420145  0.588561  0.418201         0  0.421805   0.42117   0.42135  0.421695  0.587545  0.417823  0.550844  0.420114  0.420824  0.421002  0.419724
 0.424356  0.161192  0.294988  0.296976  0.297036  0.294674  0.295435  0.424356  0.304765  0.427167  0.426556   0.42668  0.427229  0.426953  0.161192  0.304765  0.421471  0.260988  0.261027  0.421572  0.403355  0.294988  0.427167  0.421471  0.423615  0.423738  0.421471  0.421471  0.296976  0.426556  0.260988  0.423615  0.420833  0.423721  0.423364  0.297036   0.42668  0.261027  0.423738  0.420833  0.423844  0.423487  0.294674  0.427229  0.421572  0.421471  0.423721  0.423844  0.421522  0.295435  0.426953  0.403355  0.421471  0.423364  0.423487  0.421522
  0.0932966   0.0808097   0.0426617   0.0426613   0.0426612   0.0426628   0.0426614 4.12687e-05   0.0466462   4.491e-05 4.30936e-05 4.23339e-05 4.73594e-05 4.51819e-05   0.0787996   0.0466462   0.0616441   0.0435816   0.0435815   0.0832825   0.0598056   0.0426617   4.491e-05 3.52142e-06 5.29061e-06 4.55483e-06 3.52142e-06 3.52142e-06   0.0426613 4.30936e-05   0.0435816 5.29061e-06 1.75429e-06  7.7084e-06 5.54715e-06   0.0426612 4.23339e-05   0.0435815 4.55483e-06 1.02128e-06 6.96967e-06 4.80989e-06   0.0426628 4.73594e-05 5.93232e-06 5.94417e-06  7.7084e-06 6.96967e-06 6.26913e-06   0.0426614 4.51819e-05   0.0598056 3.89389e-06 5.54715e-06 4.80989e-06 6.26913e-06
