8	12	12	1
 0  0  0  1  0  0  0  0  0  0  0  0
 0  0  0  1 11  0  0  5  0  0  0  3
12  0  0  0  0  0  0  0  0  2  8  0
 0 10  0  0  0  0  0  5  6  2  0  3
 0  0  0  1  0  9  0  0  0  0  0  0
 0  0  7  1  0  0  0  0  0  0  0  3
 0  0  0  0  0  9  4  0  0  2  8  0
 0  0  7  0  0  0  4  0  6  2  0  3
0.7	0.4	0.7	0.3	1	0.2	0.8	0.4	1	0.6	0.9	0.4	
0.135	0.015	0.039	0.34	0.106	0.148	0.479	0.176	
------target--------
6
------result--------
8	
------details--------
0.806754 0.806722 0.806732 0.806443 0.806438 0.879043 0.806487 0.877923
0.807921  0.80827 0.809639 0.809378 0.808969 0.537469 0.809411 0.477511
 1.6686e-07 3.67244e-07 6.15723e-07 2.96242e-06  2.5265e-06   0.0540031 2.62751e-06   0.0627531
------result2--------
1	8	
------details2--------
       0 0.806686 0.806395        0        0 0.806438 0.879043 0.806722 0.806655 0.806363 0.806406 0.879027 0.806406 0.879027 0.806686 0.806655 0.806375 0.806369 0.879031 0.806419 0.877909 0.806395 0.806363 0.806375 0.806073 0.879082 0.806124 0.877946 0.806438 0.806406 0.806369 0.806073 0.879173        0 0.879173 0.879043 0.879027 0.879031 0.879082 0.879173 0.879173        0 0.806438 0.806406 0.806419 0.806124        0 0.879173 0.878017 0.879043 0.879027 0.877909 0.877946 0.879173        0 0.878017
0.806754 0.809594 0.809333 0.806754 0.806754  0.80937 0.475066        0 0.809564 0.809303  0.80934  0.47507  0.80934  0.47507 0.807857 0.808205 0.809313 0.808904 0.537462 0.809347 0.477493 0.807586 0.807931 0.809296 0.808635 0.537508 0.809079 0.477418        0 0.809272 0.809294 0.809039 0.474966 0.806438 0.474966        0 0.880418 0.879538  0.87876 0.877976 0.877976 0.879043 0.807661 0.807996 0.809342 0.809086 0.806487 0.538212 0.477475 0.851858 0.857709 0.878516 0.877762 0.870584 0.877923 0.877149
       0 0.807857 0.807586        0        0 0.807661 0.851858 0.809576 0.808205 0.807931 0.809272 0.880418 0.807996 0.857709 0.809594 0.809564 0.809296 0.809294 0.879538 0.809342 0.878516 0.809333 0.809303 0.809313 0.809039  0.87876 0.809086 0.877762  0.80937  0.80934 0.808904 0.808635 0.877976 0.807661 0.870584 0.475066  0.47507 0.537462 0.537508 0.474966 0.538212 0.851858  0.80937  0.80934 0.809347 0.809079        0 0.877976 0.877149 0.475066  0.47507 0.477493 0.477418 0.474966        0 0.477475
0.807921 0.810786 0.810525 0.807921 0.807921 0.810648 0.550252 0.807921 0.811137 0.810882 0.808037 0.793094 0.811024 0.531953 0.810786 0.811137 0.812236 0.811832 0.537753 0.812273 0.478321 0.810525 0.810882 0.812236 0.811577 0.537173 0.812021 0.478211 0.807921 0.808037 0.811832 0.811577 0.705636 0.809411  0.49426 0.807921 0.793094 0.537753 0.537173 0.705636 0.530766 0.477511 0.810648 0.811024 0.812273 0.812021 0.809411 0.530766 0.477828 0.550252 0.531953 0.478321 0.478211  0.49426 0.477511 0.477828
 1.6686e-07 7.83564e-07 3.13599e-06  1.6686e-07  1.6686e-07   2.812e-06   0.0629224 4.41079e-07 9.84472e-07 3.33976e-06 2.93426e-06   0.0612275 3.01917e-06   0.0628824 7.83564e-07 9.84472e-07  3.5846e-06 3.15007e-06   0.0540031 3.25029e-06   0.0627531 3.13599e-06 3.33976e-06  3.5846e-06 5.54487e-06   0.0540031 5.64091e-06   0.0627531 2.72096e-06 2.93426e-06 3.15007e-06 5.54487e-06   0.0585961 2.79427e-06   0.0628029   0.0617083   0.0612275   0.0540031   0.0540031   0.0585961   0.0540057   0.0628591   2.812e-06 3.01917e-06 3.25029e-06 5.64091e-06 2.62751e-06   0.0540057   0.0627533   0.0629224   0.0628824   0.0627531   0.0627531   0.0628029   0.0627531   0.0627533
