8	12	12	1
 0  1  0  0  4  0  6  7  0  0  0  0
 0  1  3  0  4  0  0  0  0  0 10  0
 0  1  0 11  0  5  6  0  0  0  0  0
 0  1  0  0  0  5  0  0  8  0 10 12
 0  0  0  0  0  0  0  7  0  9  0  0
 0  0  3  0  0  0  0  0  0  0  0  0
 2  0  0  0  0  0  0  0  0  9  0  0
 2  0  0  0  0  0  0  0  8  0  0  0
1	0.5	0.5	0.8	0.3	1	0.1	0.1	0.8	0.6	0.6	0.4	
0.937	0.557	0.262	0.694	0.37	0.618	0.744	0.958	
------target--------
5
------result--------
7	
------details--------
0.581711 0.581268  0.58165 0.580814 0.687151 0.581529 0.685267 0.581179
0.583018 0.582452 0.582742 0.582224 0.479613 0.582612 0.459195 0.582393
2.82962e-07 7.17172e-07 3.32987e-07 8.25585e-07   0.0223253 4.80118e-07   0.0262139 7.53689e-07
------result2--------
1	7	
------details2--------
0.581151 0.581534 0.580696        0 0.581413 0.687151 0.581063 0.581151  0.58109        0 0.686953 0.581268 0.685039 0.580595 0.581534  0.58109 0.580635 0.687054 0.581352 0.685163 0.581001 0.580696 0.580438 0.580635  0.68672 0.580438 0.684788 0.580814 0.687151 0.686953 0.687054  0.68672 0.687045        0 0.686775 0.581413        0 0.581352 0.580438 0.687045 0.685146 0.580885 0.687151 0.685039 0.685163 0.684788        0 0.685146 0.684868 0.581063 0.580595 0.581001        0 0.686775 0.580885 0.684868
0.582337 0.582627 0.582108 0.581711 0.582497 0.457781 0.582278 0.582465 0.582186 0.581268 0.479385        0 0.458915 0.581839 0.582842 0.582275 0.582047 0.479527 0.582435 0.459103 0.582217 0.582013 0.581655 0.581732  0.47917 0.581655 0.458669        0        0 0.687372 0.687651 0.687319 0.687429 0.687151 0.687479 0.582723 0.581529 0.582446 0.581929 0.479492 0.459047 0.582094 0.666681  0.68552   0.6858 0.685453 0.685267 0.685585 0.685614 0.582375  0.58181 0.582096 0.581179 0.479289 0.581958 0.458848
0.582465 0.582842 0.582013        0 0.582723 0.666681 0.582375 0.582337 0.582275 0.581655 0.687372 0.582229  0.68552  0.58181 0.582627 0.582186 0.581732 0.687651 0.582446   0.6858 0.582096 0.582108 0.581752 0.582047 0.687319 0.581929 0.685453 0.581735 0.457781 0.479385 0.479527  0.47917 0.479492 0.666681 0.479289 0.582497        0 0.582435 0.581655 0.687429 0.685585 0.581958 0.457781 0.458915 0.459103 0.458669        0 0.459047 0.458848 0.582278 0.581839 0.582217        0 0.687479 0.582094 0.685614
0.583648 0.583937 0.583419 0.583018 0.583808  0.47458 0.583588 0.583648  0.58337 0.582632 0.479871 0.582612 0.459511 0.583034 0.583937  0.58337 0.583141  0.48006  0.58353 0.459675 0.583311 0.583419 0.582632 0.583141 0.479788 0.583055 0.459403 0.582393 0.583018 0.479871  0.48006 0.479788 0.479936 0.459195 0.479898 0.583808 0.582612  0.58353 0.583055 0.479936 0.459589 0.583181  0.47458 0.459511 0.459675 0.459403 0.459195 0.459589 0.459501 0.583588 0.583034 0.583311 0.582393 0.479898 0.583181 0.459501
1.00263e-06 6.16773e-07  1.1112e-06 2.82962e-07  7.6474e-07   0.0262776 1.03845e-06 1.00263e-06 1.05184e-06 8.56514e-07   0.0223255   7.518e-07   0.0262141 1.49658e-06 6.16773e-07 1.05184e-06 1.16037e-06   0.0223254 8.14235e-07    0.026214 1.08809e-06  1.1112e-06 1.29263e-06 1.16037e-06   0.0223255 1.36995e-06   0.0262141 9.48151e-07   0.0246241   0.0223255   0.0223254   0.0223255   0.0223254   0.0262576   0.0223256  7.6474e-07 4.80118e-07 8.14235e-07 1.36995e-06   0.0223254    0.026214  1.2321e-06   0.0262776   0.0262141    0.026214   0.0262141   0.0262139    0.026214   0.0262142 1.03845e-06 1.49658e-06 1.08809e-06 7.53689e-07   0.0223256  1.2321e-06   0.0262142
