8	12	12	1
 0  0  4  0  0  9  0  0  0  0  0  1
 0  0  4 12  2  0  0  0  0  7  0  1
 0  0  4  0  0  0  0  0  6  0  3  1
 0  0  4  0  2  0  5  0  0  7  3  1
 0  8  0  0  0  9  0  0  0  0  0  1
 0  8  0  0  2  0  0  0  0  0  0  1
 0  0  0  0  0  0  0 11  6  0  3  1
10  0  0  0  2  0  5  0  0  0  3  1
0.7	0.6	0.2	0.5	0.9	0.1	0.7	0.4	0.5	0.3	0.1	0.3	
0.366	0.236	0.458	0.241	0.464	0.705	0.464	0.496	
------target--------
5
------result--------
1	
------details--------
0.524379 0.509061 0.508952 0.509285 0.531101 0.509078 0.508627 0.508804
0.288008 0.511422 0.511316 0.511591 0.476739 0.510132 0.511113 0.511232
 0.00679791 1.51815e-06 1.84702e-06 6.87476e-07  0.00141746 5.05116e-07 2.72943e-06 2.29166e-06
------result2--------
1	6	
------details2--------
0.524072 0.523957 0.524258        0 0.531101  0.52371  0.52381 0.524072 0.508565 0.509061 0.530851  0.50869 0.508238 0.508417 0.523957 0.508565  0.50879 0.530736  0.50858        0 0.508307 0.524258        0  0.50879 0.531008 0.508916 0.508465 0.508643        0 0.530851 0.530736 0.531008 0.531101 0.530543 0.530593 0.531101  0.50869  0.50858 0.508916        0 0.508252 0.508432  0.52371 0.508238 0.508627 0.508465 0.530543 0.508252  0.50798  0.52381 0.508417 0.508307 0.508643 0.530593 0.508432  0.50798
0.525953 0.525976 0.525989 0.524379 0.512313 0.525741 0.525962 0.287967 0.510937        0 0.476303 0.509753 0.510733 0.510852 0.287931 0.510934 0.511105 0.476215 0.509644 0.508952 0.510742 0.287996 0.509285 0.511158 0.476547 0.509974 0.510955 0.511074 0.531101 0.532375 0.532474 0.532331        0 0.532226 0.532504   0.2427 0.511059 0.510951  0.51123 0.509078 0.510748 0.510866 0.287907 0.510615        0 0.510788 0.475832 0.509323 0.510421 0.287884 0.510787  0.51068 0.510958 0.476082 0.509496 0.510477
0.287967 0.287931 0.287996        0   0.2427 0.287907 0.287884 0.525953 0.510934 0.511296 0.532375 0.511059 0.510615 0.510787 0.525976 0.510937 0.511158 0.532474 0.510951        0  0.51068 0.525989        0 0.511105 0.532331  0.51123 0.510788 0.510958 0.512313 0.476303 0.476215 0.476547   0.2427 0.475832 0.476082 0.512313 0.509753 0.509644 0.509974        0 0.509323 0.509496 0.525741 0.510733 0.510761 0.510955 0.532226 0.510748 0.510477 0.525962 0.510852 0.510742 0.511074 0.532504 0.510866 0.510421
 0.28823 0.288309 0.288172 0.288008 0.455725 0.288223 0.288364  0.28823 0.513307 0.511591  0.47902 0.512112 0.513106 0.513222 0.288309 0.513307 0.513475 0.478754 0.512008 0.511316 0.513116 0.288172 0.511591 0.513475 0.479352 0.512278 0.513275 0.513391 0.288008  0.47902 0.478754 0.479352 0.510132  0.47862 0.478593 0.455725 0.512112 0.512008 0.512278 0.510132 0.511806 0.511926 0.288223 0.513106 0.511316 0.513275  0.47862 0.511806 0.512914 0.288364 0.513222 0.513116 0.513391 0.478593 0.511926 0.512914
 0.00679882  0.00679918  0.00679827  0.00679791  0.00805347  0.00679962  0.00679961  0.00679882  3.3771e-06 1.52508e-06  0.00141864  2.0302e-06 4.26737e-06 3.82279e-06  0.00679918  3.3771e-06 2.54045e-06  0.00141891 2.35949e-06 1.84702e-06 4.15252e-06  0.00679827 6.87476e-07 2.54045e-06    0.001418 1.19603e-06 3.42688e-06 2.98555e-06  0.00695019  0.00141864  0.00141891    0.001418  0.00797065  0.00141958  0.00141929  0.00805347  2.0302e-06 2.35949e-06 1.19603e-06 5.05116e-07 3.24652e-06 2.80495e-06  0.00679962 4.26737e-06 2.77644e-06 3.42688e-06  0.00141958 3.24652e-06 5.04349e-06  0.00679961 3.82279e-06 4.15252e-06 2.98555e-06  0.00141929 2.80495e-06 5.04349e-06
