8	12	12	1
 8  0  0  1  0  5  0  0  2  0  0  0
 0  0  0  1  0  5 11  0  2  3  0  0
 8  0  0  1  4  0  0  0  0  0  0 10
 0  0  0  1  0  0  0  6  0  3  0 10
 0  0  0  1  0  0  0  0  2  0  9  0
 0 12  7  1  0  0  0  0  2  3  0  0
 0  0  0  1  4  0  0  0  0  0  9  0
 0  0  7  1  0  0  0  6  0  3  0  0
0.3	0.9	0.4	0.3	0.3	0.6	0.1	0.3	0.2	0.3	0.7	0.6	
0.816	0.569	0.436	0.463	0.831	0.305	0.436	0.498	
------target--------
3
------result--------
4	
------details--------
0.532885 0.533524  0.64642 0.635134 0.532234  0.53285 0.532234 0.533236
0.536369 0.535775  0.42654 0.355469 0.534775 0.535262 0.534775 0.535507
4.15915e-06 5.13297e-07   0.0244852   0.0366746 3.20342e-06 2.58029e-06 3.20342e-06 1.52832e-06
------result2--------
1	4	
------details2--------
0.532763        0  0.64642 0.531462 0.532083 0.531462 0.532472 0.532763 0.646493 0.635155  0.53211 0.532728  0.53211 0.533114  0.64642 0.646493        0 0.645847 0.646155 0.645847 0.646344  0.64642 0.635155        0 0.634311 0.634714 0.634311 0.634964 0.531462  0.53211 0.645847 0.634311 0.531427        0 0.531818 0.532083 0.532728 0.646155 0.634714 0.531427 0.531427  0.53285 0.531462  0.53211 0.645847 0.634311        0 0.531427 0.531818 0.532472 0.533114 0.646344 0.634964 0.531818        0 0.531818
0.535033 0.532885 0.345378 0.534019 0.534509 0.534019 0.534757  0.53625 0.426522  0.35542 0.534656 0.535144 0.534656  0.53539        0 0.645156  0.64642 0.646873 0.646954 0.646873 0.646762 0.598484 0.634761 0.635134  0.63579 0.635984  0.63579 0.635906 0.534963 0.534398 0.425939 0.354975 0.533858 0.532234 0.534109 0.535579 0.535002 0.426222 0.355197 0.533983 0.533983        0 0.534963 0.534398 0.425939 0.354975 0.532234 0.533858 0.534109 0.535964  0.53538 0.426398 0.355337 0.534368 0.533236 0.534368
 0.53625        0 0.598484 0.534963 0.535579 0.534963 0.535964 0.535033 0.645156 0.634761 0.534398 0.535002 0.534398  0.53538 0.345378 0.426522 0.598484 0.425939 0.426222 0.425939 0.426398 0.345378  0.35542        0 0.354975 0.355197 0.354975 0.355337 0.534019 0.534656 0.646873  0.63579 0.533983        0 0.534368 0.534509 0.535144 0.646954 0.635984 0.533858 0.533858 0.534967 0.534019 0.534656 0.646873  0.63579        0 0.533983 0.534368 0.534757  0.53539 0.646762 0.635906 0.534109        0 0.534109
 0.53858 0.536369 0.399266  0.53752 0.538015  0.53752 0.538265  0.53858 0.426867 0.356366 0.536917 0.537407 0.536917 0.537651 0.536369 0.426867 0.355469 0.427028 0.427197 0.427028 0.427199 0.399266 0.356366 0.355469 0.355871 0.356031 0.355871 0.356082  0.53752 0.536917 0.427028 0.355871 0.536404 0.534775 0.536649 0.538015 0.537407 0.427197 0.356031 0.536404 0.536404 0.535507  0.53752 0.536917 0.427028 0.355871 0.534775 0.536404 0.536649 0.538265 0.537651 0.427199 0.356082 0.536649 0.535507 0.536649
4.68717e-06 4.15915e-06   0.0375837 7.40281e-06 6.77473e-06 7.40281e-06 5.71191e-06 4.68717e-06   0.0244853   0.0366747  3.7269e-06 3.10269e-06  3.7269e-06 2.04809e-06   0.0338434   0.0244853   0.0372382   0.0244858   0.0244856   0.0244858   0.0244853   0.0375837   0.0366747   0.0366746   0.0366755   0.0366753   0.0366755   0.0366749 7.40281e-06  3.7269e-06   0.0244858   0.0366755 5.81349e-06 3.20342e-06  4.7518e-06 6.77473e-06 3.10269e-06   0.0244856   0.0366753 5.81349e-06 5.81349e-06 2.62819e-06 7.40281e-06  3.7269e-06   0.0244858   0.0366755 3.20342e-06 5.81349e-06  4.7518e-06 5.71191e-06 2.04809e-06   0.0244853   0.0366749  4.7518e-06 1.52832e-06  4.7518e-06
