8	12	12	1
 0  0  0  4  0  0  0  0  0  0  0  0
 0  2  6  4  0  5  0  0  0  0  0  0
 0  0  0  0  0  0  3  0  0  0  0  0
 0  2  0  0  0  5  3  7  0  0  0  0
 1  0  0  0  0  0  0  0  0  0 11 10
 1  2  6  0  0  0  0  0  0  9  0 10
 1  0  0  0  0  0  3  0  8  0  0  0
 1  2  0  0 12  0  3  7  8  9  0  0
0.4	0.6	0.7	0.9	0.2	0.4	0.8	0.3	0.8	0.3	0.4	0.2	
0.858	0.215	0.991	0.717	0.229	0.03	0.346	0.665	
------target--------
2
------result--------
6	
------details--------
 0.731756  0.819877  0.732012  0.731774   0.73281  0.792264  0.731719  0.731367
 0.734769  0.662595  0.734014  0.733917  0.737865 0.0540484  0.733901  0.733777
5.80228e-06   0.0160442 2.41194e-06 2.50932e-06 5.23989e-06   0.0930901 2.54042e-06 2.52436e-06
------result2--------
5	6	
------details2--------
        0  0.730502  0.730259  0.731203  0.819772  0.730204  0.729846  0.819877  0.819232  0.819338  0.819788         0  0.819162  0.819373  0.730502  0.819232         0  0.731562  0.791275         0         0  0.730259  0.819338  0.731774  0.731319  0.791204  0.731483         0  0.731203  0.819788  0.731562  0.731319   0.79221  0.731266  0.730907  0.819772  0.819772  0.791275  0.791204         0  0.791085  0.791004  0.730204  0.819162  0.731719  0.731483  0.731266  0.791085         0  0.729846  0.819373  0.731367  0.731367  0.730907  0.791004  0.731367
 0.731756   0.73252  0.732422  0.737471 0.0387007  0.732407  0.732281         0   0.82027  0.820117  0.820797  0.819877  0.820177  0.820015  0.733529  0.661601  0.732012   0.73665 0.0543113  0.732012  0.732012  0.733289  0.661383         0  0.736428 0.0545374  0.732807  0.731774  0.734436  0.662038  0.733574  0.733478         0  0.733461  0.733337  0.766314  0.766314   0.79287  0.792739  0.792264  0.792762  0.792613  0.733235  0.661359         0  0.732752  0.736366 0.0544235  0.731719   0.73288  0.661027         0         0  0.736041 0.0548206         0
        0  0.733529  0.733289  0.734436  0.766314  0.733235   0.73288         0  0.661601  0.661383  0.662038  0.766314  0.661359  0.661027   0.73252   0.82027         0  0.733574   0.79287         0         0  0.732422  0.820117  0.733064  0.733478  0.792739  0.732752         0  0.737471  0.820797   0.73665  0.736428  0.792863  0.736366  0.736041 0.0387007  0.837898 0.0543113 0.0545374         0 0.0544235 0.0548206  0.732407  0.820177  0.733062  0.732807  0.733461  0.792762         0  0.732281  0.820015  0.732875  0.732732  0.733337  0.792613  0.732681
 0.734769  0.735536  0.735441   0.73827 0.0915415  0.735424  0.735301  0.734769  0.663209  0.663144  0.668467 0.0274893  0.663122  0.663035  0.735536  0.663209  0.734014  0.738623 0.0538855  0.734014  0.734014  0.735441  0.663144  0.734014  0.738525 0.0538259  0.734018  0.733917   0.73827  0.668467  0.738623  0.738525  0.374831  0.738511  0.738387 0.0915415 0.0274893 0.0538855 0.0538259  0.374831 0.0538879   0.05383  0.735424  0.663122  0.734014  0.734018  0.738511 0.0538879  0.733901  0.735301  0.663035  0.734014  0.733917  0.738387   0.05383  0.733901
5.80228e-06  8.2425e-06 8.34602e-06 1.13641e-05   0.0955047 8.37431e-06 8.36432e-06    0.080848   0.0160454   0.0160453   0.0160484    0.101003   0.0160454   0.0160452  8.2425e-06   0.0160454 2.41194e-06 7.66907e-06   0.0930918 2.41194e-06 2.41194e-06 8.34602e-06   0.0160453 2.65518e-06 7.77225e-06   0.0930916 2.95546e-06 2.50932e-06 1.13641e-05   0.0160484 7.66907e-06 7.77225e-06    0.102274 7.80019e-06  7.7907e-06   0.0955047    0.101006   0.0930918   0.0930916    0.102274   0.0930917   0.0930914 8.37431e-06   0.0160454 2.71018e-06 2.95546e-06 7.80019e-06   0.0930917 2.54042e-06 8.36432e-06   0.0160452 2.95162e-06   2.817e-06  7.7907e-06   0.0930914 2.79691e-06
