8	12	12	1
 0  0  0  4  3  0  0  0  0  9 11  0
 0  2  0  0  0  0  0  8  0  9  0  0
 0  0  0  4  3  0  7  0  0  0  0  0
 0  2  0  0  0  0  0  0  0  0  0 12
 1  0  0  0  3  6  0  0  0  0  0  0
 1  2  0  0  0  6  0  8  0  0  0  0
 1  0  5  0  3  0  7  0  0  0  0  0
 1  2  5  0  0  0  0  0 10  0  0  0
0.3	0.9	0.9	1	0.7	0.3	0.9	0.7	0.6	0.1	0.4	0.5	
0.275	0.366	0.158	0.788	0.369	0.545	0.398	0.627	
------target--------
2
------result--------
1	
------details--------
0.601816 0.608508 0.587095 0.587202 0.587649 0.587387 0.587095 0.587236
0.486035 0.541283 0.589396 0.589371 0.589748 0.588709 0.589396 0.589429
  0.0028872  0.00197396  2.4482e-06 2.07836e-06  8.7421e-07 8.40144e-07  2.4482e-06 2.04957e-06
------result2--------
2	6	
------details2--------
0.606804 0.601117 0.601278 0.601489  0.60662 0.601117 0.601281        0 0.607876 0.608061  0.60833  0.60833 0.607876 0.608048 0.601117 0.607876 0.586416 0.586866 0.586601        0 0.586451 0.601278 0.608061 0.586416 0.586972 0.586706 0.586416 0.586556 0.601489  0.60833 0.586866 0.586972        0 0.586866 0.587007  0.60662        0 0.586601 0.586706 0.587387 0.586601 0.586741 0.601117 0.607876        0 0.586416 0.586866 0.586601 0.586451 0.601281 0.608048 0.586451 0.586556 0.587007 0.586741 0.586451
0.589537 0.603176 0.603008 0.604524 0.593817 0.603176 0.603114 0.608508 0.609735 0.609495 0.609797 0.609797 0.609735 0.609621 0.485341 0.540414 0.588595 0.588977 0.587934 0.587095 0.588653 0.485254 0.540395 0.588726 0.589086 0.588043 0.588726 0.588761  0.48668 0.543161 0.589172 0.589147 0.587649 0.589172 0.589206 0.457384 0.587387  0.58891 0.588887        0  0.58891 0.588945 0.485341 0.540414 0.587095 0.588595 0.588977 0.587934 0.588653 0.485368 0.540493  0.58876 0.588737 0.589118 0.588076  0.58876
0.624289 0.485341 0.485254  0.48668 0.457384 0.485341 0.485368 0.589537 0.540414 0.540395 0.543161        0 0.540414 0.540493 0.603176 0.609735 0.588726 0.589172  0.58891        0  0.58876 0.603008 0.609495 0.588595 0.589147 0.588887 0.588595 0.588737 0.604524 0.609797 0.588977 0.589086        0 0.588977 0.589118 0.593817 0.609797 0.587934 0.588043 0.588281 0.587934 0.588076 0.603176 0.609735        0 0.588726 0.589172  0.58891  0.58876 0.603114 0.609621 0.588653 0.588761 0.589206 0.588945 0.588653
0.309305 0.487413 0.487814 0.480631 0.545596 0.487413 0.487692 0.309305 0.542995 0.543284 0.518894 0.582501 0.542995  0.54323 0.487413 0.542995 0.590902 0.591279 0.590237 0.589396  0.59096 0.487814 0.543284 0.590902 0.591256  0.59021 0.590902 0.590936 0.480631 0.518894 0.591279 0.591256 0.589748 0.591279 0.591313 0.545596 0.582501 0.590237  0.59021 0.589748 0.590237 0.590269 0.487413 0.542995 0.589396 0.590902 0.591279 0.590237  0.59096 0.487692  0.54323  0.59096 0.590936 0.591313 0.590269  0.59096
 0.00900458  0.00288918  0.00288872  0.00288967  0.00336919  0.00288918  0.00288874  0.00896528  0.00197601   0.0019757  0.00200024   0.0198814  0.00197601  0.00197566  0.00288918  0.00197601 4.54467e-06 3.33107e-06 3.30003e-06  2.4482e-06 4.51422e-06  0.00288872   0.0019757 4.54467e-06 2.96343e-06 2.93233e-06 4.54467e-06 4.14714e-06  0.00288967  0.00200024 3.33107e-06 2.96343e-06  8.7421e-07 3.33107e-06 2.93324e-06  0.00336919 0.000101025 3.30003e-06 2.93233e-06 1.17914e-06 3.30003e-06 2.90199e-06  0.00288918  0.00197601  2.4482e-06 4.54467e-06 3.33107e-06 3.30003e-06 4.51422e-06  0.00288874  0.00197566 4.51422e-06 4.14714e-06 2.93324e-06 2.90199e-06 4.51422e-06
