8	12	12	1
 1  0  7  0  0  0  0  0  0  0  4  0
 1  0  0  0  9  0  0  0  0  0  4  0
 1  0  0  0  0  2  0  0  0  0  4  0
 1  0  0 11  0  2  6  0  0  0  4  0
 1  0  7  0  0  0  0  3  0  0  0  0
 1  5  0  0  9  0  0  3  0  0  0  0
 1  0  0  0  0  2  0  3  8 10  0  0
 1  5  0  0  0  2  6  3  8  0  0 12
0.2	0.8	0.4	0.8	0.8	0.6	0.6	0.9	0.4	0.3	0.4	0.2	
0.343	0.568	0.269	0.746	0.845	0.546	0.913	0.307	
------target--------
1
------result--------
5	
------details--------
0.680888  0.60935 0.610574 0.609772 0.675566 0.609653 0.610332 0.610689
0.521173 0.611804 0.612525 0.612018 0.494453 0.611838 0.612368 0.612705
  0.0132048 3.05719e-06 8.30858e-07 2.63634e-06    0.015722  2.5041e-06 1.55227e-06 4.61301e-07
------result2--------
3	5	
------details2--------
 0.67982 0.680888 0.679808        0  0.67982 0.680855 0.680902  0.67982  0.60935 0.608555  0.67982        0 0.608866 0.609231        0        0        0 0.680888  0.60935   0.6101 0.610458 0.679808 0.608555 0.609772 0.679808 0.608555 0.609291 0.609654        0  0.67982 0.680888 0.679808 0.673222 0.675466  0.67556  0.67982        0  0.60935 0.608555 0.673222 0.609172 0.609535 0.680855 0.608866   0.6101 0.609291 0.675466 0.609172 0.610215 0.680902 0.609231 0.610458 0.609654  0.67556 0.609535 0.610215
0.681799        0 0.682588 0.680888 0.681799 0.680998 0.680674 0.487598        0 0.610607 0.487598  0.60935  0.61093 0.611277 0.610574 0.610574 0.610574 0.487732 0.611625 0.612142  0.61248 0.488158 0.610816        0 0.488158 0.610816 0.611347 0.611692 0.675566 0.672708 0.638794 0.670705 0.677666 0.675892 0.675656 0.525484 0.609653 0.611528 0.610878 0.495933 0.611227 0.611572 0.520888 0.611334 0.612061  0.61155 0.494224 0.611369 0.612249 0.521102 0.611689 0.612412 0.611904 0.494396 0.611724 0.612256
0.487598 0.487732 0.488158 0.638794 0.525484 0.520888 0.521102 0.681799 0.611625 0.610816 0.672708 0.611528 0.611334 0.611689        0        0        0 0.638794 0.611528 0.612061 0.612412 0.682588 0.610607 0.611844 0.670705 0.610878  0.61155 0.611904        0 0.487598 0.487732 0.488158 0.495933 0.494224 0.494396 0.681799        0 0.611625 0.610816 0.677666 0.611369 0.611724 0.680998  0.61093 0.612142 0.611347 0.675892 0.611227 0.612256 0.680674 0.611277  0.61248 0.611692 0.675656 0.611572 0.612249
0.538509 0.612525 0.548208 0.494453 0.517024 0.522139 0.522378 0.538509 0.612525 0.612758 0.499374 0.611838  0.61338 0.613717 0.612525 0.612525 0.612525 0.553836 0.613791 0.614103  0.61444 0.548208 0.612758 0.612525 0.502224 0.613101 0.613595 0.613931 0.494453 0.499374 0.553836 0.502224 0.493116  0.49523  0.49542 0.517024 0.611838 0.613791 0.613101 0.493116 0.613413 0.613749 0.522139  0.61338 0.614103 0.613595  0.49523 0.613413 0.614283 0.522378 0.613717  0.61444 0.613931  0.49542 0.613749 0.614283
  0.0137176   0.0159114   0.0139921   0.0160044   0.0132218    0.013205   0.0132049   0.0137176 3.21789e-06 5.08902e-06   0.0157639 3.06902e-06 4.63512e-06 3.52694e-06 8.30858e-07 8.30858e-07 8.30858e-07   0.0162902 3.53055e-06 2.39148e-06 1.29494e-06   0.0139921 5.08902e-06 2.72185e-06   0.0157872 5.27411e-06 4.21143e-06 3.10516e-06    0.015722   0.0157639   0.0162902   0.0157872   0.0157306   0.0157221    0.015722   0.0132218  2.5041e-06 3.53055e-06 5.27411e-06   0.0157306 4.07619e-06  2.9719e-06    0.013205 4.63512e-06 2.39148e-06 4.21143e-06   0.0157221 4.07619e-06 2.02089e-06   0.0132049 3.52694e-06 1.29494e-06 3.10516e-06    0.015722  2.9719e-06 2.02089e-06
