8	12	12	1
 0  0  6  0  0  0  0  1  0  0  0  0
 0  0  0  0  0  0  4  0  0  0  0  0
 0  0  6  0  0  3  0  1  0  2  0  8
 0  0  0 11  0  0  0  0  0  2  0  8
 5  0  0  0 12  0  0  1  0  0  0  0
 0  0  0  0  0  0  4  0  0  0  7  0
 5 10  0  0  0  3  0  1  0  2  0  0
 0  0  0  0  0  0  0  0  9  2  7  0
0.8	1	0.4	0.2	0.3	0.2	0.1	0.7	0.7	0.9	0.9	0.3	
0.984	0.088	0.431	0.14	0.73	0.989	0.587	0.021	
------target--------
3
------result--------
4	
------details--------
0.535559 0.536257 0.597958 0.583781 0.535847  0.53486 0.535334 0.534865
 0.53771 0.538468 0.444821 0.135203 0.538102 0.537503 0.537854 0.537496
2.06669e-06 8.46306e-08   0.0113594   0.0414282  1.5766e-06 3.49324e-06 2.98875e-06 3.46164e-06
------result2--------
3	1	
------details2--------
  0.53554         0  0.597322  0.535123   0.53413   0.53461  0.534136   0.53554  0.597966  0.583779  0.535827         0  0.535315  0.534841  0.597958  0.597966         0  0.597906    0.5971  0.597328  0.597085  0.597322  0.583779  0.597322   0.58358  0.582679   0.58301  0.582672  0.535123  0.535827  0.597906   0.58358  0.534422    0.5349  0.534427   0.53413   0.53486    0.5971  0.582679  0.534422  0.533908         0   0.53461  0.535315  0.597328   0.58301    0.5349  0.533908  0.533914  0.534136  0.534841  0.597085  0.582672  0.534427  0.534841  0.533914
 0.537771  0.535559  0.113373  0.537396  0.536788  0.537141  0.536782  0.537691  0.444801   0.13522  0.538083  0.536257  0.537835  0.537479         0  0.597023  0.597958  0.598176  0.598694  0.599006  0.598706  0.558567  0.584007  0.558567   0.58463  0.584733  0.585069  0.584738  0.537286  0.538059  0.444463    0.1354  0.537075  0.537427  0.537069  0.536302         0  0.443729  0.135376  0.536699   0.53644   0.53486  0.536774  0.537542  0.444103  0.135276  0.537168  0.536562  0.536555  0.536307  0.537294  0.443738  0.135362  0.536703  0.537294  0.536446
 0.537691         0  0.558567  0.537286  0.536302  0.536774  0.536307  0.537771  0.597023  0.584007  0.538059         0  0.537542  0.537294         0  0.444801  0.558567  0.444463  0.443729  0.444103  0.443738  0.113373   0.13522  0.621799    0.1354  0.135376  0.135276  0.135362  0.537396  0.538083  0.598176   0.58463  0.536699  0.537168  0.536703  0.536788  0.537487  0.598694  0.584733  0.537075  0.536562  0.537294  0.537141  0.537835  0.599006  0.585069  0.537427   0.53644  0.536446  0.536782  0.537479  0.598706  0.584738  0.537069  0.536606  0.536555
 0.539926   0.53771  0.224499  0.539551  0.538947  0.539299  0.538941  0.539926  0.447121  0.133156  0.540306  0.538468  0.540057  0.539753   0.53771  0.447121 0.0516708  0.446375   0.44578  0.446038  0.445771  0.224499  0.133156 0.0516708  0.134335  0.135049  0.135077  0.135062  0.539551  0.540306  0.446375  0.134335   0.53934  0.539692  0.539334  0.538947  0.538468   0.44578  0.135049   0.53934  0.539091  0.537505  0.539299  0.540057  0.446038  0.135077  0.539692  0.539091  0.539085  0.538941  0.539753  0.445771  0.135062  0.539334  0.537505  0.539085
2.15295e-06 2.06669e-06    0.042847   3.665e-06 5.58723e-06 5.07649e-06 5.55491e-06 2.15295e-06   0.0113595   0.0414283 1.66267e-06 8.46306e-08 3.07445e-06 3.55874e-06   0.0580806   0.0113595   0.0553149   0.0113599   0.0113611    0.011361   0.0113611    0.042847   0.0414283   0.0553338   0.0414286   0.0414302   0.0414301   0.0414302   3.665e-06 1.66267e-06   0.0113599   0.0414286 5.09156e-06 4.58184e-06  5.0593e-06 5.58723e-06 3.50978e-06   0.0113611   0.0414302 5.09156e-06 6.50684e-06 3.49364e-06 5.07649e-06 3.07445e-06    0.011361   0.0414301 4.58184e-06 6.50684e-06  6.4748e-06 5.55491e-06 3.55874e-06   0.0113611   0.0414302  5.0593e-06 3.52377e-06  6.4748e-06
