8	12	12	1
 0  0 10  0  5  0  0  2  0  0  0  0
 0  1  0  0  0  0  4  2  0  0  0 12
 0  0  0  0  5  0  0  0  0  0  7  0
 8  1  0  0  0  0  0  0  0  0  7  0
 0  0  0  0  0  3  0  2  0  6  0  0
 0  1  0  0  0  0  4  2  9  6  0  0
 0  0  0  0  0  3  0  0  0  0  0  0
 0  1  0 11  0  0  0  0  0  0  0  0
0.2	0.7	0.3	0.5	0.3	0.8	0.8	1	0.7	1	0.1	0.1	
0.641	0.673	0.327	0.027	0.737	0.259	0.801	0.831	
------target--------
5
------result--------
6	
------details--------
0.344749 0.345012 0.345091 0.345079 0.590765 0.504421 0.337179 0.344342
0.347227 0.347483 0.347555 0.347546 0.239105 0.121096 0.354118 0.346898
1.90297e-06 7.93914e-07 4.02822e-07 4.65298e-07   0.0561948   0.0859048 0.000158109 3.15754e-06
------result2--------
5	7	
------details2--------
 0.344591  0.344671  0.344659  0.590903  0.504135   0.33676  0.343918  0.344591  0.344935  0.344922  0.590918  0.504355  0.337026  0.344183  0.344671  0.344935         0   0.59084  0.504389  0.337104  0.344264  0.344659  0.344922  0.345079  0.590847  0.504382  0.337092  0.344251  0.590903  0.590918   0.59084  0.590847         0  0.590765  0.590738  0.504135  0.504355  0.504389  0.504382  0.582204  0.582204  0.503738   0.33676  0.337026  0.337104  0.337092         0  0.582204  0.336348  0.343918  0.344183  0.344264  0.344251  0.590738  0.503738  0.336348
 0.347082  0.347155  0.347144  0.238924  0.121139   0.35367  0.346484  0.347077  0.347414  0.347404  0.239041  0.121127  0.353947  0.346745  0.347153  0.347414  0.345091  0.239074  0.121111  0.354034  0.346823  0.347141  0.347402         0  0.239068  0.121113  0.354021  0.346811  0.590099   0.58854  0.588482  0.588614  0.590765         0  0.590822  0.505821  0.505398  0.505432  0.505477  0.441611  0.441611  0.505846  0.339226  0.339443  0.339514  0.339509  0.337179 0.0977865  0.338909  0.346412   0.34668  0.346753  0.346742  0.238729  0.121125  0.353247
 0.347077  0.347153  0.347141  0.590099  0.505821  0.339226  0.346412  0.347082  0.347414  0.347402   0.58854  0.505398  0.339443   0.34668  0.347155  0.347414         0  0.588482  0.505432  0.339514  0.346753  0.347144  0.347404  0.347486  0.588614  0.505477  0.339509  0.346742  0.238924  0.239041  0.239074  0.239068  0.441611         0  0.238729  0.121139  0.121127  0.121111  0.121113  0.646023 0.0977865  0.121125   0.35367  0.353947  0.354034  0.354021         0  0.441611  0.353247  0.346484  0.346745  0.346823  0.346811  0.590822  0.505846  0.338909
 0.349566  0.349636  0.349627  0.239999  0.120883   0.35635  0.348978  0.349566  0.349898  0.349889  0.240058  0.120624  0.356715  0.349234  0.349636  0.349898  0.347555  0.240087   0.12061  0.356794  0.349304  0.349627  0.349889  0.347555  0.240086   0.12063  0.356776  0.349295  0.239999  0.240058  0.240087  0.240086 0.0644607  0.354118  0.239898  0.120883  0.120624   0.12061   0.12063 0.0644607  0.163146  0.121035   0.35635  0.356715  0.356794  0.356776  0.354118  0.163146  0.355963  0.348978  0.349234  0.349304  0.349295  0.239898  0.121035  0.355963
 2.7091e-06 2.31196e-06  2.3752e-06   0.0561952   0.0859053 0.000160153 5.08587e-06  2.7091e-06 1.20166e-06 1.26465e-06   0.0561952   0.0859049 0.000158978 3.96582e-06 2.31196e-06 1.20166e-06 4.02822e-07    0.056195   0.0859048  0.00015855 3.56763e-06  2.3752e-06 1.26465e-06 4.65343e-07    0.056195   0.0859048 0.000158618 3.63106e-06   0.0561952   0.0561952    0.056195    0.056195    0.128741    0.133847   0.0561954   0.0859053   0.0859049   0.0859048   0.0859048     0.12904   0.0934878   0.0859059 0.000160153 0.000158978  0.00015855 0.000158618 0.000158109   0.0934878 0.000161464 5.08587e-06 3.96582e-06 3.56763e-06 3.63106e-06   0.0561954   0.0859059 0.000161464
