8	12	12	1
 0  0  0  0  1  0  0  0  3  0 10  0
 0  6  0  0  1  2  0  0  3  9  0  0
 0  0  8  0  1  0  0 11  0  0 10  0
 5  6  0  0  1  2  0  0  0  0  0  0
 0  0  0  4  0  0  7  0  3  0  0  0
 0  0  0  4  0  2  0  0  3  9  0  0
 0  0  8  0  0  0  7  0  0  0  0  0
 5  0  0  0  0  2  0  0  0  0  0 12
0.9	0.8	0.1	0.4	0.3	0.3	0.7	0.6	0.3	1	1	0.4	
0.001	0.744	0.498	0.156	0.888	0.459	0.795	0.596	
------target--------
2
------result--------
6	
------details--------
0.341121 0.596734 0.340509 0.339892 0.339737 0.575702 0.339572 0.340617
0.343557  0.21711 0.342864 0.351262 0.342588 0.195435 0.342538 0.343112
1.11389e-08   0.0691951 2.37871e-06 2.76544e-05 4.51607e-06   0.0758835 4.88161e-06 2.23853e-06
------result2--------
4	6	
------details2--------
0.596732        0  0.33989 0.339735 0.575701  0.33957 0.340615 0.596732 0.596758 0.596734 0.596096        0 0.596292   0.5968 0.340509 0.596758 0.339277 0.339007 0.575564 0.339007 0.339998  0.33989        0 0.339277 0.338505 0.596734  0.33834 0.339385 0.339735 0.596096 0.339007 0.338505 0.574817        0 0.339224 0.575701        0 0.575564 0.596734 0.574817 0.574936 0.575626  0.33957 0.596292        0  0.33834 0.339572 0.574936 0.339056 0.340615   0.5968 0.339998 0.339385 0.339224 0.575626 0.339056
0.217109 0.341121  0.35126 0.342586 0.195434 0.342536  0.34311 0.598347 0.596665        0   0.5974 0.596734 0.597131 0.596477        0 0.216844 0.350611 0.341994 0.195197 0.341994 0.342503 0.342326 0.339892 0.341631 0.341356 0.191402 0.341306 0.341879 0.342173 0.216497 0.341572  0.34982 0.194896 0.339737 0.341734 0.577665 0.575702 0.576089 0.453991  0.57663 0.576393 0.575997 0.342012 0.216424 0.339572 0.349637        0 0.194828 0.341573 0.343053 0.216896 0.342362 0.350725 0.342083 0.195242 0.342033
0.598347        0 0.342326 0.342173 0.577665 0.342012 0.343053 0.217109 0.216844 0.191402 0.216497 0.453991 0.216424 0.216896 0.342862 0.596665 0.341631 0.341572 0.576089  0.34147 0.342362  0.35126        0 0.350611  0.34982 0.453991 0.349637 0.350725 0.342586   0.5974 0.341994 0.341356  0.57663        0 0.342083 0.195434        0 0.195197 0.191402 0.194896 0.194828 0.195242 0.342536 0.597131 0.341994 0.341306 0.341876 0.576393 0.342033  0.34311 0.596477 0.342503 0.341879 0.341734 0.575997 0.341573
0.218208 0.343557 0.353797 0.345038 0.196393  0.34499 0.345564 0.218208 0.217869 0.351262 0.217763 0.195435 0.217741 0.217959 0.343557 0.217869 0.353133 0.344516 0.196113 0.343873 0.344875 0.353797 0.351262 0.353133 0.352806 0.239391 0.352765 0.353403 0.345038 0.217763 0.344516 0.352806 0.196008 0.342588 0.344594 0.196393 0.195435 0.196113 0.239391 0.196008 0.195992 0.196196  0.34499 0.217741 0.343873 0.352765 0.342588 0.195992 0.344545 0.345564 0.217959 0.344875 0.353403 0.344594 0.196196 0.344545
  0.0691951 1.11389e-08 2.76656e-05  4.5273e-06   0.0758835 4.89286e-06 2.24972e-06   0.0691951   0.0691955   0.0754233   0.0691962    0.077867   0.0691961   0.0691955 2.37961e-06   0.0691955 3.00676e-05 7.28442e-06   0.0758838 6.86361e-06 4.63802e-06 2.76656e-05 2.76544e-05 3.00676e-05 3.22203e-05   0.0781987 3.25954e-05 2.99272e-05  4.5273e-06   0.0691962 7.28442e-06 3.22203e-05   0.0758847 4.51607e-06 6.78125e-06   0.0758835   0.0758835   0.0758838   0.0781987   0.0758847   0.0758846   0.0758838 4.89286e-06   0.0691961 5.72414e-06 3.25954e-05 4.92024e-06   0.0758846 7.15404e-06 2.24972e-06   0.0691955 4.63802e-06 2.99272e-05 6.78125e-06   0.0758838 7.15404e-06
