8	12	12	1
 0  0  2  0  0  5  0  0  0  0  0  4
 0  0  2 11 12  0  6  0  0  0  0  4
 8  0  0  0  0  0  0  0  3  0  0  4
 8  0  0 11  0  0  0  0  3  0  0  4
 0  1  2  0  0  5  0  0  0  9 10  0
 0  1  2  0  0  0  6  0  0  0 10  0
 0  1  0  0  0  0  0  7  3  9  0  0
 0  1  0  0  0  0  0  7  3  0  0  0
0.4	1	0.6	0.9	0.2	0.4	0.2	0.1	0.4	0.6	0.7	0.6	
0.782	0.177	0.738	0.236	0.276	0.094	0.781	0.509	
------target--------
4
------result--------
2	
------details--------
0.709834  0.81569 0.709552  0.82904  0.70901 0.710119 0.709599 0.710188
0.711472 0.150943 0.712367  0.50097 0.711079 0.711199 0.711328 0.711812
1.27339e-06    0.132533 3.65531e-06   0.0591605 2.47687e-06 3.38673e-07 1.72456e-06 3.01844e-07
------result2--------
2	4	
------details2--------
 0.815581  0.709112  0.829076         0  0.709661   0.70915  0.709751  0.815581  0.828432  0.828432  0.815263  0.815639  0.815465    0.8157  0.709112  0.828432         0  0.708279  0.709401  0.708875  0.709471  0.829076         0   0.82904  0.828985  0.829033  0.829013  0.829091   0.70901  0.815263  0.708279  0.828985         0  0.708913  0.708913  0.709661  0.815639  0.709401  0.829033         0  0.709404  0.710039   0.70915  0.815465  0.708875  0.829013         0  0.709404  0.709599  0.709751    0.8157  0.709471  0.829091  0.708913  0.710039         0
 0.151616  0.711932  0.501183  0.709834  0.710821  0.710899  0.711392  0.815991  0.780715  0.780715  0.815964  0.816006  0.816044   0.81549  0.710763  0.139767  0.709552  0.710365  0.710487  0.710616  0.711106   0.82894   0.82904         0  0.829075  0.829084  0.829082  0.828064         0  0.152533  0.711109   0.50137   0.70901  0.710687  0.710687  0.711331   0.15113  0.712216  0.501017  0.710119  0.711186  0.711663  0.710815  0.151857  0.711697    0.5012  0.709599  0.710638         0  0.711394  0.151224  0.712286  0.501079  0.711002  0.711119  0.710188
 0.815991  0.710763   0.82894         0  0.711331  0.710815  0.711394  0.151616  0.139767  0.846696  0.152533   0.15113  0.151857  0.151224  0.711932  0.780715         0  0.711109  0.712216  0.711697  0.712286  0.501183  0.780715         0   0.50137  0.501017    0.5012  0.501079  0.710774  0.815964  0.710365  0.829075  0.711043  0.710646  0.711002  0.710821  0.816006  0.710487  0.829084         0  0.710638  0.711119  0.710899  0.816044  0.710616  0.829082  0.710687  0.711186  0.711257  0.711392   0.81549  0.711106  0.828064  0.710687  0.711663         0
 0.149053  0.713594  0.500371  0.711472  0.712615  0.712554  0.713024  0.149053  0.199019 0.0433468  0.149902  0.149771  0.149477  0.145415  0.713594  0.199019  0.712367  0.713195  0.713313  0.713446   0.71397  0.500371 0.0433468  0.712367  0.500708  0.500675  0.500601  0.498821  0.711472  0.149902  0.713195  0.500708  0.711199  0.711365  0.712664  0.712615  0.149771  0.713313  0.500675  0.711199  0.712498  0.712755  0.712554  0.149477  0.713446  0.500601  0.711365  0.712498  0.711812  0.713024  0.145415   0.71397  0.498821  0.712664  0.712755  0.711812
   0.132534 4.95215e-06   0.0591606 1.27339e-06 1.68244e-06 3.03265e-06 1.58043e-06    0.132534    0.134059    0.167433    0.132534    0.132533    0.132534    0.132534 4.95215e-06    0.134059 3.65531e-06 6.17236e-06 3.99944e-06 5.40816e-06 3.96599e-06   0.0591606    0.167409    0.157337   0.0591606   0.0591605   0.0591606   0.0591608 2.65449e-06    0.132534 6.17236e-06   0.0591606  2.4832e-06 2.81433e-06 2.81177e-06 1.68244e-06    0.132533 3.99944e-06   0.0591605 3.38673e-07 2.18227e-06 6.41239e-07 3.03265e-06    0.132534 5.40816e-06   0.0591606 1.74712e-06 2.18227e-06 1.75702e-06 1.58043e-06    0.132534 3.96599e-06   0.0591608 2.81177e-06 6.41239e-07 3.01844e-07
