8	12	12	1
 0  6  7  0  1  0  0  0  0  0  3  0
 5  6  0  4  1  0  0  0  0  0  0  0
 0  0  7  0  0  0  0  0  0  0  3  0
 0  0  0  4  0  0  0  0  9  0  0  0
 0  0  0  0  1 11  2  0  0  0  3  0
 5  0  0  0  1  0  2  8  0  0  0  0
 0  0  0  0  0  0  2  0  0 10  3  0
 0  0  0  0  0  0  2  0  0  0  0 12
1	0.5	0.8	0.4	0.6	0.1	0.9	0.3	0.2	0.9	0.1	0.7	
0.717	0.238	0.279	0.824	0.359	0.944	0.468	0.792	
------target--------
1
------result--------
3	
------details--------
0.560492 0.355334 0.546125 0.356096 0.356376 0.355866 0.355686 0.355418
0.190294  0.36522 0.148648 0.358574 0.358844 0.358355 0.358355 0.358095
  0.0753102 2.14171e-05   0.0906027 1.67322e-06 4.33209e-07 2.45138e-06 3.19397e-06 3.71167e-06
------result2--------
3	2	
------details2--------
0.560492        0   0.5607 0.560569 0.560684 0.560119 0.560181        0 0.560492 0.354969  0.35525 0.354738 0.354558 0.354288        0 0.560492 0.546216  0.54617 0.546152 0.545642 0.545632   0.5607 0.354969 0.546216 0.356011 0.355496 0.355319 0.355048 0.560569  0.35525  0.54617 0.356011  0.35578 0.355601 0.355333 0.560684 0.354738 0.546152 0.355496  0.35578 0.355087 0.354816 0.560119 0.354558 0.545642 0.355319 0.355601 0.355087 0.354638 0.560181 0.354288 0.545632 0.355048 0.355333 0.354816 0.354638
       0 0.560492 0.559304 0.558334 0.559888 0.561397 0.560975 0.355334 0.144773 0.357452  0.35772 0.357234 0.357233 0.356973 0.546125 0.458943 0.545596 0.544837 0.546039   0.5473 0.546891 0.190206 0.364834 0.148554 0.358501    0.358 0.357994 0.357734 0.190274  0.36513 0.148625 0.358495 0.358275 0.358272 0.358012 0.190144 0.364596   0.1485 0.357995 0.358275 0.357764 0.357505 0.190045 0.364429 0.148449 0.357807 0.358082 0.357587 0.357322 0.189979 0.364148 0.148385 0.357545 0.357823 0.357322 0.357315
0.144773 0.458943 0.190206 0.190274 0.190144 0.190045 0.189979        0 0.458943 0.364834  0.36513 0.364596 0.364429 0.364148        0 0.144773 0.148554 0.148625   0.1485 0.148449 0.148385 0.559304 0.357452 0.545596 0.358495 0.357995 0.357807 0.357545 0.558334  0.35772 0.544837 0.358501 0.358275 0.358082 0.357823 0.559888 0.357234 0.546039    0.358 0.358275 0.357587 0.357322 0.561397 0.357233   0.5473 0.357994 0.358272 0.357764 0.357315 0.560975 0.356973 0.546891 0.357734 0.358012 0.357505 0.357322
 0.36522 0.148648 0.190813 0.190864 0.190779 0.190907 0.190793  0.36522 0.191188 0.367525 0.367876 0.367259 0.367187 0.366931 0.148648 0.191188 0.149203 0.149328 0.149128 0.149139 0.149064 0.190813 0.367525 0.149203 0.360983 0.360495 0.360487 0.360228 0.190864 0.367876 0.149328 0.360983 0.360762 0.360756 0.360496 0.190779 0.367259 0.149128 0.360495 0.360762 0.360269 0.360009 0.190907 0.367187 0.149139 0.360487 0.360756 0.360269 0.360006 0.190793 0.366931 0.149064 0.360228 0.360496 0.360009 0.360006
  0.0879711   0.0919176   0.0753105   0.0753103   0.0753104   0.0753108   0.0753106 2.14171e-05    0.092209 2.31298e-05 2.18622e-05 2.39197e-05 2.46496e-05  2.5181e-05   0.0906027    0.092209   0.0906028   0.0906028   0.0906028   0.0906034   0.0906033   0.0753105 2.31298e-05   0.0906028 2.11421e-06 4.15232e-06 4.88393e-06 5.40897e-06   0.0753103 2.18622e-05   0.0906028 2.11421e-06 2.89351e-06 3.63199e-06 4.15198e-06   0.0753104 2.39197e-05   0.0906028 4.15232e-06 2.89351e-06  5.6678e-06 6.19474e-06   0.0753108 2.46496e-05   0.0906034 4.88393e-06 3.63199e-06  5.6678e-06 6.93057e-06   0.0753106  2.5181e-05   0.0906033 5.40897e-06 4.15198e-06 6.19474e-06 6.93057e-06
