8	12	12	1
 0  9  0  0  2  0  6  0  1  5  0  0
 0  0  0  4  2 12  0  0  1  5  0 10
 0  0  0  0  2  0  6  0  1  0  0  0
 0  0  0  4  2  0  0  0  1  0  0  0
 0  9  0  0  0  0  0  3  1  5  0  0
 8  0  0  4  0  0  0  3  1  5 11 10
 0  0  7  0  0  0  0  3  1  0  0  0
 8  0  7  4  0  0  0  3  1  0  0  0
0.2	0.2	0.8	0.3	0.2	0.9	0.3	0.8	0.7	0.2	0.7	0.6	
0.44	0.456	0.226	0.351	0.142	0.566	0.942	0.967	
------target--------
1
------result--------
5	
------details--------
0.574781 0.528862  0.52964 0.529471 0.572773 0.528875 0.528163 0.527591
0.300577 0.531279 0.530806 0.531611 0.147456  0.53097 0.530953  0.53075
  0.0210566  2.6815e-06 1.69788e-07 9.36876e-07   0.0356124 2.11668e-06 3.85363e-06 4.40527e-06
------result2--------
3	5	
------details2--------
0.574311 0.574781 0.574704        0 0.574531 0.573642 0.573615 0.574311 0.528783 0.528862 0.572269 0.528277 0.527276 0.526976        0 0.528783 0.529393 0.574781 0.528795 0.528083 0.527509 0.574704        0 0.529393 0.572682        0 0.527893        0        0 0.572269 0.574781 0.572682 0.572474 0.571595 0.571523 0.574531 0.528277 0.528795 0.528875 0.572474  0.52706  0.52706 0.573642 0.527276 0.528083 0.527893 0.571595  0.52706        0 0.573615 0.526976 0.527509 0.527591 0.571523        0 0.527591
0.575636        0 0.575374 0.574781 0.575151 0.575682 0.575344   0.3001 0.529965        0 0.147341 0.530084 0.530099 0.529962  0.52964 0.531202 0.531536 0.143276 0.530892 0.530875 0.530672 0.300423 0.529471 0.530566 0.147432 0.529471 0.530708 0.529471 0.572773 0.573691 0.546187 0.573474 0.573217 0.573707 0.573378 0.300028   0.5305  0.52998        0 0.147368  0.53011  0.53011  0.29977 0.529736 0.529268 0.530109 0.147195 0.529493 0.528163 0.299334 0.529239 0.528714        0 0.147147 0.527591        0
  0.3001 0.143276 0.300423 0.546187 0.300028  0.29977 0.299334 0.575636 0.531202 0.531119 0.573691   0.5305 0.529736 0.529239        0 0.529965 0.530566 0.546187  0.52998 0.529268 0.528714 0.575374        0 0.531536 0.573474        0 0.530109        0        0 0.147341 0.143276 0.147432 0.147368 0.147195 0.147147 0.575151 0.530084 0.530892 0.530712 0.573217 0.529493 0.529108 0.575682 0.530099 0.530875 0.530708 0.573707  0.53011        0 0.575344 0.529962 0.530672 0.530572 0.573378  0.53011 0.529775
0.301468 0.530806  0.30179 0.147456 0.301416 0.301229 0.301198 0.301468 0.532375 0.531611  0.14767 0.531927 0.532544 0.531962 0.530806 0.532375 0.532701 0.260927 0.532068  0.53205 0.531851  0.30179 0.531611 0.532701 0.147643 0.531611 0.532935 0.531611 0.147456  0.14767 0.260927 0.147643  0.14759 0.147667 0.147611 0.301416 0.531927 0.532068 0.531611  0.14759 0.532438 0.531466 0.301229 0.532544  0.53205 0.532935 0.147667 0.532438 0.530953 0.301198 0.531962 0.531851 0.531611 0.147611 0.531466 0.530953
  0.0210575   0.0353014   0.0210568     0.03571    0.021057   0.0210586    0.021058   0.0210575 2.85531e-06 2.71936e-06   0.0356133 3.96682e-06 6.61312e-06 6.36061e-06 1.69788e-07 2.85531e-06 1.10859e-06   0.0358728 2.29086e-06 4.02746e-06 4.58156e-06   0.0210568 9.36876e-07 1.10859e-06   0.0356126 9.36876e-07 4.86309e-06 9.36876e-07   0.0356124   0.0356133   0.0358728   0.0356126   0.0356127   0.0356145   0.0356138    0.021057 3.96682e-06 2.29086e-06 2.25019e-06   0.0356127 6.55677e-06 5.55304e-06   0.0210586 6.61312e-06 4.02746e-06 4.86309e-06   0.0356145 6.55677e-06 3.85363e-06    0.021058 6.36061e-06 4.58156e-06 4.61227e-06   0.0356138 5.02451e-06 4.67224e-06
