8	12	12	1
 0  0  1  0  8  0  0  5  0  4  0  0
 0  2  1  0  0  0  0  0  0  4  0  0
 0  0  1  0  0  0  3  5  0  4  0  0
 0  2  1  7  0  0  3  0  0  4  0 12
10  0  1  0  0  0  0  0  6  0  0  0
 0  2  1  0  0  0  0  0  0  0  0  0
 0  0  1  0  0  9  3  0  6  0  0  0
 0  2  1  7  0  0  3  0  0  0 11  0
1	0.4	0.3	0.9	0.4	0.8	0.2	0.3	0.6	0.4	0.5	0.3	
0.618	0.151	0.115	0.659	0.87	0.997	0.711	0.645	
------target--------
2
------result--------
3	
------details--------
 0.84034 0.854557 0.843722 0.851529 0.804746  0.80419 0.804955 0.804011
0.708943  0.73646 0.357949 0.759884 0.806137 0.807517 0.806242 0.806789
  0.0101034   0.0106666   0.0420695  0.00675595 1.54215e-06 8.32702e-06 1.25244e-06 6.14811e-06
------result2--------
2	6	
------details2--------
0.850294  0.84034 0.846998 0.839811 0.850294 0.839994 0.849458        0        0        0 0.854211 0.854557 0.854358 0.853659        0 0.854015 0.850952 0.843226 0.854015 0.843401 0.853125 0.846998 0.851529 0.850952 0.851143 0.851529 0.851299 0.850635 0.839811 0.854211 0.843226 0.851143 0.803471 0.804244  0.80329 0.850294        0 0.854015        0 0.803471 0.803683        0 0.839994 0.854358 0.843401 0.851299 0.804244 0.803683 0.803502 0.849458 0.853659 0.853125 0.850635  0.80329 0.804011 0.803502
0.824701        0 0.833138 0.840852 0.824701  0.84089 0.832135 0.854557 0.854557 0.854557 0.854891        0 0.854872 0.857675 0.843722 0.827479 0.835862 0.844204 0.827479 0.844234 0.835214 0.866495        0 0.867489 0.851899        0 0.851891 0.854656 0.708704  0.73593 0.358453 0.759368 0.806813 0.805539 0.806084  0.68386  0.80419 0.310336  0.80419 0.804882  0.80499  0.80419  0.70881 0.736094 0.358392 0.759535 0.805642 0.807022 0.806293 0.685668        0 0.313961 0.613823 0.804704        0 0.804812
0.868691 0.857025 0.866495 0.708704  0.68386  0.70881 0.685668 0.824701 0.827479        0  0.73593        0 0.736094        0        0 0.869613 0.867489 0.358453 0.310336 0.358392 0.313961 0.833138 0.871872 0.835862 0.759368 0.613689 0.759535 0.613823 0.840852 0.854891 0.844204 0.851899 0.804882 0.805642 0.804704 0.824701        0 0.827479        0 0.806813 0.807022        0  0.84089 0.854872 0.844234 0.851891 0.805539  0.80499 0.804812 0.832135 0.857675 0.835214 0.854656 0.806084 0.804807 0.806293
0.542775 0.357949 0.587559 0.709179 0.755049 0.709159 0.732515 0.542775 0.180313  0.73646 0.736981 0.807517  0.73705 0.789639 0.357949 0.180313 0.214082 0.357452 0.481684 0.357232 0.413194 0.587559  0.73646 0.214082 0.760389 0.807517 0.760444 0.793822 0.709179 0.736981 0.357452 0.760389 0.808209 0.806931 0.807481 0.755049 0.807517 0.481684 0.807517 0.808209 0.808316 0.807517 0.709159  0.73705 0.357232 0.760444 0.806931 0.808316 0.807588 0.732515 0.789639 0.413194 0.793822 0.807481 0.807517 0.807588
  0.0282841   0.0422295   0.0233169   0.0101042   0.0112824    0.010104    0.010662   0.0281397   0.0585584   0.0106666   0.0106671   0.0647317   0.0106669   0.0509808   0.0420695   0.0585781   0.0549627   0.0420703   0.0436365   0.0420701   0.0427651   0.0233169   0.0107934   0.0549627  0.00675659   0.0157293  0.00675638   0.0130688   0.0101042   0.0106671   0.0420703  0.00675659 9.90194e-06 2.80565e-06 7.72291e-06   0.0112824 8.32702e-06   0.0436365 8.32702e-06 9.90194e-06 9.60993e-06 8.32702e-06    0.010104   0.0106669   0.0420701  0.00675638 2.80565e-06 9.60993e-06 7.43108e-06    0.010662   0.0509808   0.0427651   0.0130688 7.72291e-06 8.54452e-06 7.43108e-06
