8	12	12	1
 0  2  0  0  0  0 10  4  0  0  0  0
 1  0  0  0  0  9  0  4  0  0  0  0
 0  2  0  0  3  0  0  4  0  7  0  0
 1  0  0  0  3  0  0  4  0  7 11  0
 0  2  0  5  0  0  0  0  6  0  0  0
 1  0  0  5  0  0  0  0  0  0  0  0
 0  2  0  0  3  0  0  0  6  0  0  8
 1  0 12  0  3  0  0  0  0  0  0  8
0.3	0.2	0.1	0.8	0.6	0.5	0.4	1	0.5	0.1	0.8	0.4	
0.327	0.151	0.212	0.507	0.456	0.214	0.565	0.808	
------target--------
7
------result--------
8	
------details--------
0.438757 0.438879 0.438993 0.438256 0.437535 0.438678 0.553228 0.537688
0.441197 0.441315  0.44141 0.440847 0.442215 0.441159 0.233034 0.135937
1.25066e-06 7.59243e-07 2.41174e-07 2.88416e-06 9.71263e-06  1.5681e-06   0.0497768   0.0672829
------result2--------
8	7	
------details2--------
 0.438592  0.438707  0.437967  0.437244  0.438391  0.553212  0.537594  0.438592  0.438828  0.438089  0.437368  0.438513  0.553194  0.537615  0.438707  0.438828         0  0.437483  0.438628  0.553263    0.5377  0.437967  0.438089  0.438256  0.436738  0.437888  0.552947  0.537252  0.437244  0.437368  0.437483  0.436738  0.437535         0  0.550734  0.438391  0.438513  0.438628  0.437888         0  0.552387  0.536049  0.553212  0.553194  0.553263  0.552947  0.552387  0.552387         0  0.537594  0.537615    0.5377  0.537252  0.550734  0.536049  0.551574
 0.441033  0.441134  0.440563  0.441929  0.440875  0.232893  0.136123  0.441035   0.44125  0.440683  0.442051  0.440995  0.232954  0.136011  0.441148  0.441266  0.438993  0.442165  0.441109  0.233005  0.136065  0.440417  0.440535         0  0.441427  0.440375  0.232647  0.136227  0.439704  0.439822  0.439918  0.439347         0  0.437535  0.126025  0.440835  0.440953  0.441051  0.440483  0.438678  0.245547  0.137075   0.55335  0.553691  0.551597  0.553868   0.55746   0.55746  0.553228  0.538392  0.538681  0.537121  0.538681    0.5125  0.547309  0.485469
 0.441035  0.441148  0.440417  0.439704  0.440835   0.55335  0.538392  0.441033  0.441266  0.440535  0.439822  0.440953  0.553691  0.538681  0.441134   0.44125         0  0.439918  0.441051  0.551597  0.537121  0.440563  0.440683  0.440806  0.439347  0.440483  0.553868  0.538681  0.441929  0.442051  0.442165  0.441427  0.443103   0.55746    0.5125  0.440875  0.440995  0.441109  0.440375         0   0.55746  0.547309  0.232893  0.232954  0.233005  0.232647         0  0.245547  0.485469  0.136123  0.136011  0.136065  0.136227  0.126025  0.137075  0.574029
 0.443485  0.443579  0.443017    0.4444  0.443327  0.234112  0.134505  0.443485  0.443697  0.443134  0.444514  0.443445  0.234155    0.1349  0.443579  0.443697   0.44141  0.444648  0.443538  0.234426  0.129648  0.443017  0.443134   0.44141  0.444042  0.442977  0.233931  0.135261    0.4444  0.444514  0.444648  0.444042  0.441159  0.385243  0.163513  0.443327  0.443445  0.443538  0.442977  0.441159   0.13561  0.129609  0.234112  0.234155  0.234426  0.233931  0.385243   0.13561 0.0311181  0.134505    0.1349  0.129648  0.135261  0.163513  0.129609 0.0311181
2.01361e-06 1.49398e-06 4.14691e-06 1.09871e-05 2.82423e-06   0.0497769   0.0672833 2.01361e-06 1.00149e-06 3.64997e-06 1.04849e-05 2.33039e-06   0.0497769   0.0672831 1.49398e-06 1.00149e-06 2.41174e-07 9.96051e-06 1.81068e-06   0.0497769   0.0672838 4.14691e-06 3.64997e-06 2.89849e-06 1.26396e-05 4.46248e-06   0.0497774   0.0672838 1.09871e-05 1.04849e-05 9.96051e-06 1.26396e-05 1.03256e-05  0.00429039   0.0680576 2.82423e-06 2.33039e-06 1.81068e-06 4.46248e-06  1.5681e-06   0.0511337   0.0673145   0.0497769   0.0497769   0.0497769   0.0497774   0.0996021   0.0511337    0.106141   0.0672833   0.0672831   0.0672838   0.0672838   0.0680576   0.0673145    0.106186
