8	12	12	1
 0  2  0  0  0  4  0  0  0  7  0  0
 1  0  0  0 10  4  0  6  0  0  0  9
 0  2  0 11  0  0  5  0  0  7  0  0
 1  0  0  0  0  0  5  0  0  0  0  9
 0  2  0  0  0  0  0  0  0  0  8  0
 1  0  3  0  0  0  0  6  0  0  8  0
 0  2  0  0  0  0  0  0  0  0  0  0
 1  0  3  0  0  0  0  0 12  0  0  0
0.3	0.8	0.9	0.1	0.3	0.1	0.6	0.3	0.3	0.3	0.9	0.1	
0.942	0.757	0.423	0.51	0.784	0.654	0.251	0.202	
------target--------
5
------result--------
6	
------details--------
0.320908 0.322669 0.320821 0.323121 0.546643 0.507068 0.321526 0.323105
0.326637  0.32516 0.326459 0.325579   0.2473 0.222785 0.329556 0.325555
1.81043e-05 2.51303e-06 1.77937e-05 6.48502e-07   0.0371013   0.0414077 2.47073e-05 7.26135e-07
------result2--------
6	7	
------details2--------
0.320325        0 0.320784 0.545774 0.545774 0.320908 0.320768 0.320325 0.320236 0.322669 0.546903 0.507001 0.320953 0.322529 0.320821 0.320236 0.320696 0.545789 0.545789 0.320821 0.320681 0.320784        0 0.320696 0.546762 0.507098 0.321405 0.322983 0.545774 0.546903 0.545789 0.546762        0 0.546643 0.546673 0.545774 0.507001 0.545789 0.507098        0 0.546643 0.507029        0 0.320953        0 0.321405        0 0.546643 0.321389 0.320768 0.322529 0.320681 0.322983 0.546673 0.507029 0.321389
 0.32283 0.320908 0.323257 0.214275 0.214275        0 0.323226  0.32605 0.325873        0 0.246954 0.222502 0.328959 0.324996        0 0.322746 0.323178 0.214251 0.214251        0 0.323143 0.326513 0.323121 0.326335 0.247224 0.222723 0.329429 0.325438 0.549264  0.54579 0.548868 0.544399 0.546643        0 0.546138 0.461752 0.507286 0.465295 0.506483 0.507068 0.406338 0.507698 0.321526 0.323436 0.321526 0.323852 0.321526 0.214289 0.323832 0.326497 0.325026 0.326319 0.325447 0.247218 0.222718 0.329414
 0.32605        0 0.326513 0.549264 0.461752 0.323417 0.326497  0.32283 0.322746 0.325046  0.54579 0.507286 0.323436 0.325026 0.323157 0.325873 0.326335 0.548868 0.465295 0.323391 0.326319 0.323257        0 0.323178 0.544399 0.506483 0.323852 0.325447 0.214275 0.246954 0.214251 0.247224 0.406338 0.214289 0.247218 0.214275 0.222502 0.214251 0.222723        0 0.214289 0.222718        0 0.328959        0 0.329429        0 0.406338 0.329414 0.323226 0.324996 0.323143 0.325438 0.546138 0.507698 0.323832
0.328637 0.326637 0.329093 0.285839 0.236761 0.329556 0.329035 0.328637 0.328461 0.325579 0.248466  0.22374 0.331577 0.327497 0.326637 0.328461  0.32892 0.282919 0.235516 0.329556 0.328857 0.329093 0.325579  0.32892 0.248773 0.223993 0.332037 0.327914 0.285839 0.248466 0.282919 0.248773 0.222785 0.329556 0.248683 0.236761  0.22374 0.235516 0.223993 0.222785 0.262457 0.223917 0.329556 0.331577 0.329556 0.332037 0.329556 0.262457 0.331979 0.329035 0.327497 0.328857 0.327914 0.248683 0.223917 0.331979
2.07116e-05 1.81043e-05 1.87838e-05   0.0396481   0.0428698 2.68135e-05 1.88545e-05 2.07116e-05 2.04127e-05 2.53822e-06   0.0371022   0.0414082 2.72621e-05 3.24974e-06  1.8369e-05 2.04127e-05 1.84783e-05   0.0394625   0.0427543 2.70751e-05 1.85463e-05 1.87838e-05 6.48502e-07 1.84783e-05   0.0371017   0.0414079  2.5368e-05 1.37816e-06   0.0396481   0.0371022   0.0394625   0.0371017    0.044237   0.0423531   0.0371015   0.0428698   0.0414082   0.0427543   0.0414079   0.0414077   0.0448475   0.0414079 2.47073e-05 2.72621e-05 2.47073e-05  2.5368e-05 2.47073e-05   0.0448475 2.54448e-05 1.88545e-05 3.24974e-06 1.85463e-05 1.37816e-06   0.0371015   0.0414079 2.54448e-05
