8	12	12	1
 0  0  0  0  0  1  0 11  0  2  8  0
 0  0  0  0  3  0  0  0  0  2  0  0
 0  0  4  0  0  1  0  0  0  0  0  0
 0  0  4  0  3  0  0  0  0  0  0  0
 0  0  0  0  0  1  0  0  6  2  8  0
 0  9  0  0  0  0  5  0  6  2  0  0
 0  0  0  7  0  1  0  0  0  0  0 12
10  0  0  7  0  0  5  0  0  0  0  0
0.7	0.9	1	0.5	0.1	0.2	0.1	0.1	0.9	0.8	0.9	0.8	
0.152	0.322	0.258	0.256	0.251	0.34	0.007	0.568	
------target--------
4
------result--------
3	
------details--------
0.690727 0.691335 0.834146 0.834817 0.690775 0.690598 0.691377 0.690312
0.694351 0.693208 0.402409 0.427418 0.694369 0.694228 0.694791 0.693961
4.62233e-06 2.45692e-07   0.0944258    0.087293  4.3122e-06 5.28982e-06 1.24165e-07 6.50844e-06
------result2--------
2	3	
------details2--------
0.690668 0.833996 0.834679 0.690727 0.689925 0.690711 0.689636 0.690668 0.834817        0 0.690717 0.690538  0.69132 0.690252 0.833996 0.834817        0 0.833965 0.833934 0.834143 0.833984 0.834679 0.834817        0 0.834644 0.834616 0.834813 0.834675        0 0.690717 0.833965 0.834644 0.689974  0.69076 0.689686 0.689925 0.690538 0.833934 0.834616 0.689974 0.690582 0.689506 0.690711  0.69132 0.834143 0.834813  0.69076 0.690582 0.690297 0.689636 0.690252 0.833984 0.834675 0.689686 0.689506 0.690297
0.692569 0.402188 0.427321        0 0.693571 0.694139 0.693304 0.694295 0.401914 0.691335 0.694312 0.694171 0.694735 0.693904 0.834806 0.813847 0.834146 0.835012 0.834896 0.834905 0.834527 0.835424        0 0.834817 0.835639 0.835523 0.835521 0.835149 0.690775 0.692609 0.402205 0.427285 0.693618 0.694186 0.693351 0.693567 0.692438 0.402148 0.427258 0.693584 0.694011 0.693175 0.694336 0.693193 0.402404 0.427415 0.694353 0.694213 0.693946 0.693288 0.692171 0.402063 0.427274 0.693303 0.693162 0.693733
0.694295 0.834806 0.835424   0.6941 0.693567 0.694336 0.693288 0.692569 0.813847        0 0.692609 0.692438 0.693193 0.692171 0.402188 0.401914        0 0.402205 0.402148 0.402404 0.402063 0.427321 0.401914 0.813847 0.427285 0.427258 0.427415 0.427274        0 0.694312 0.835012 0.835639 0.693584 0.694353 0.693303 0.693571 0.694171 0.834896 0.835523 0.693618 0.694213 0.693162 0.694139 0.694735 0.834905 0.835521 0.694186 0.694011 0.693733 0.693304 0.693904 0.834527 0.835149 0.693351 0.693175 0.693946
0.696212 0.403411 0.427858 0.694369 0.697212 0.697772 0.696947 0.696212  0.41928 0.693208 0.696222 0.696083 0.696647 0.695821 0.403411  0.41928 0.402409 0.403408 0.403357 0.403526 0.403249 0.427858 0.693208 0.402409 0.428073    0.428 0.428046  0.42777 0.694369 0.696222 0.403408 0.428073 0.697229 0.697788 0.696964 0.697212 0.696083 0.403357    0.428 0.697229 0.697649 0.696824 0.697772 0.696647 0.403526 0.428046 0.697788 0.697649 0.697385 0.696947 0.695821 0.403249  0.42777 0.696964 0.696824 0.697385
 4.8764e-06   0.0944262   0.0872932 4.62421e-06 9.95755e-06  4.7476e-06 1.11941e-05  4.8764e-06   0.0944634 2.45692e-07 4.56399e-06 5.54344e-06 3.70053e-07 6.76634e-06   0.0944262   0.0944634   0.0944258   0.0944263   0.0944263   0.0944258   0.0944261   0.0872932   0.0921539   0.0944577   0.0872934   0.0872934    0.087293   0.0872931  4.3122e-06 4.56399e-06   0.0944263   0.0872934 9.64168e-06 4.43733e-06 1.08751e-05 9.95755e-06 5.54344e-06   0.0944263   0.0872934 9.64168e-06 5.41521e-06 1.18673e-05  4.7476e-06 3.70053e-07   0.0944258    0.087293 4.43733e-06 5.41521e-06  6.6343e-06 1.11941e-05 6.76634e-06   0.0944261   0.0872931 1.08751e-05 1.18673e-05  6.6343e-06
