8	12	12	1
 0  9  0  8  2  0  1  4  0  0  0 10
 0  0  0  0  2  0  1  0  0  0  0 10
 7  9  0  0  2  0  1  4  5 12  0  0
 0  0  0  0  2  0  1  0  5  0  0  0
 0  0  3  8  0  6  1  4  0  0 11  0
 0  0  3  0  0  0  1  0  0  0  0  0
 7  0  3  0  0  6  1  4  5  0  0  0
 0  0  3  0  0  0  1  0  5  0  0  0
0.8	1	0.2	0.5	0.7	0.6	0.1	0.4	0.5	1	0.5	0.2	
0.569	0.385	0.068	0.064	0.639	0.483	0.899	0.509	
------target--------
8
------result--------
4	
------details--------
 0.477346  0.477346  0.578307    0.6117  0.476462  0.476971  0.586324  0.617094
 0.479725  0.479725  0.402331 0.0723417  0.480439  0.484502  0.409267  0.198907
1.59494e-06 1.59494e-06   0.0152595    0.125584 6.93412e-06 1.05198e-05   0.0149556   0.0821959
------result2--------
3	4	
------details2--------
        0  0.578324  0.611793  0.476049  0.476563  0.586431  0.617262         0  0.578324  0.611793  0.476049  0.476563  0.586431  0.617262  0.578324  0.578324  0.578307  0.583037  0.583816  0.583816  0.583816  0.611793  0.611793         0  0.616261  0.617094         0         0  0.476049  0.476049  0.583037  0.616261  0.476462  0.585535  0.616261  0.476563  0.476563  0.583816  0.617094         0         0         0  0.586431  0.586431         0  0.586324  0.585535  0.586324  0.586324  0.617262  0.617262         0         0  0.616261  0.617094         0
 0.477346  0.402004 0.0723157   0.48004  0.484089     0.409  0.199166  0.477346  0.402004 0.0723157   0.48004  0.484089     0.409  0.199166  0.578229  0.578229         0  0.569318  0.542239  0.542239  0.542239  0.611246  0.611246    0.6117  0.602468  0.569317    0.6117    0.6117  0.478465  0.478465  0.400833 0.0709388         0  0.393535 0.0709388  0.478964  0.478964  0.401303 0.0706873  0.476971  0.476971  0.476971  0.585808  0.585808  0.586324         0  0.588759         0         0  0.616277  0.616277  0.617094  0.617094  0.619652         0  0.617094
        0  0.578229  0.611246  0.478465  0.478964  0.585808  0.616277         0  0.578229  0.611246  0.478465  0.478964  0.585808  0.616277  0.402004  0.402004  0.655994  0.400833  0.401303  0.648515  0.659033 0.0723157 0.0723157         0 0.0709388 0.0706873         0         0   0.48004   0.48004  0.569318  0.602468  0.478534  0.588759  0.619652  0.484089  0.484089  0.542239  0.569317         0         0         0     0.409     0.409  0.542239  0.638599  0.393535  0.394036  0.659596  0.199166  0.199166  0.542239  0.569317 0.0709388 0.0706873         0
 0.479725  0.403961  0.072472  0.482453  0.486622  0.410596  0.197606  0.479725  0.403961  0.072472  0.482453  0.486622  0.410596  0.197606  0.403961  0.403961 0.0723417  0.405706   0.41395  0.395699  0.128387  0.072472  0.072472 0.0723417 0.0755892 0.0930341 0.0723417 0.0723417  0.482453  0.482453  0.405706 0.0755892  0.484502   0.43568  0.337806  0.486622  0.486622   0.41395 0.0930341  0.484502  0.484502  0.484502  0.410596  0.410596  0.395699 0.0723417   0.43568  0.484502  0.198907  0.197606  0.197606  0.128387 0.0723417  0.337806  0.484502  0.198907
1.59494e-06   0.0152601    0.125584 8.57759e-06 1.21622e-05   0.0149561   0.0821965 1.59494e-06   0.0152601    0.125584 8.57759e-06 1.21622e-05   0.0149561   0.0821965   0.0152601   0.0152601    0.127936   0.0153028   0.0154472   0.0173283    0.105295    0.125584    0.125584    0.125584    0.125659    0.126001    0.125584    0.125584 8.57759e-06 8.57759e-06   0.0153028    0.125659 1.19489e-05   0.0154829    0.101833 1.21622e-05 1.21622e-05   0.0154472    0.126001 1.05198e-05 1.05198e-05 1.05198e-05   0.0149561   0.0149561   0.0172018    0.126665   0.0154829   0.0163922   0.0840507   0.0821965   0.0821965    0.103317    0.125942    0.101833    0.118179   0.0821959
