8	12	12	1
 0  0  0  0  2  0  0  0  0  7  1  0
 0  0  0  4  2  0 10  0  0  0  1  0
 0  0  8  0  2  3  0  0  0  0  1  0
 9  0  8  4  2  3  0  0  0  0  1  0
 0  0  0  0  0  0  0  6 12  7  1  5
 0  0  0  4  0  0  0  0  0  0  1  5
 0 11  0  0  0  3  0  6  0  0  1  5
 9  0  0  4  0  3  0  0  0  0  1  5
0.9	0.7	0.4	0.8	0.8	0.1	0.3	0.1	0.8	0.8	0.2	0.4	
0.099	0.825	0.895	0.128	0.145	0.049	0.511	0.016	
------target--------
4
------result--------
8	
------details--------
0.829269 0.829113 0.829053 0.896087 0.829152 0.829314  0.82902 0.887738
 0.83032 0.830161 0.830011 0.709753 0.830263  0.83049 0.830134 0.277662
2.41801e-07  6.5456e-07  6.7863e-07    0.027056 6.10438e-07 9.87609e-08 8.95336e-07   0.0827875
------result2--------
8	6	
------details2--------
0.829043 0.828982 0.896064        0 0.829244  0.82895 0.887701 0.829043 0.828825 0.896128 0.828925 0.829089 0.828792 0.887695 0.828982 0.828825        0 0.828864 0.829028 0.828731 0.896083 0.896064 0.896128 0.896087 0.896036 0.896083 0.896018        0 0.829152 0.828925 0.828864 0.896036 0.829152 0.828857 0.887655 0.829244 0.829089 0.829028 0.896083        0        0        0  0.82895 0.828792 0.828731 0.896018 0.828857  0.82902 0.887603 0.887701 0.887695 0.896083        0 0.887655 0.887738 0.887603
0.830092 0.829941 0.709742 0.829269 0.830422 0.830065 0.277841 0.830099 0.829788 0.709879 0.830041  0.83027 0.829912 0.277987 0.830037 0.829879 0.829053 0.829981 0.830218 0.829851 0.255883 0.896398 0.895936        0 0.896338  0.89626 0.896256 0.896087        0 0.829977 0.829826 0.709764        0 0.829945 0.126019 0.830297 0.830137 0.829987 0.709785 0.829314 0.829314 0.829314 0.830006 0.829847 0.829695 0.709773 0.829939        0 0.125962 0.888253 0.887895  0.86873 0.887738 0.888202        0 0.888101
0.830099 0.830037 0.896398        0 0.830297 0.830006 0.888253 0.830092 0.829879 0.895936 0.829977 0.830137 0.829847 0.887895 0.829941 0.829788        0 0.829826 0.829987 0.829695  0.86873 0.709742 0.709879  0.11309 0.709764 0.709785 0.709773  0.86873 0.830226 0.830041 0.829981 0.896338 0.830231 0.829939 0.888202 0.830422  0.83027 0.830218  0.89626        0        0        0 0.830065 0.829912 0.829851 0.896256 0.829945 0.830106 0.888101 0.277841 0.277987 0.255883  0.89626 0.126019 0.126025 0.125962
0.831147 0.830998 0.709907  0.83032 0.831477 0.831119 0.275107 0.831147 0.830843 0.709283  0.83109 0.831318 0.830961 0.276454 0.830998 0.830843 0.830011 0.830939 0.831146 0.830811 0.349636 0.709907 0.709283 0.830011 0.709698 0.708204 0.709701 0.176985  0.83032  0.83109 0.830939 0.709698  0.83049 0.830844 0.582359 0.831477 0.831318 0.831146 0.708204  0.83049  0.83049  0.83049 0.831119 0.830961 0.830811 0.709701 0.830844  0.83049 0.482085 0.275107 0.276454 0.349636 0.176985 0.582359  0.83049 0.482085
8.97965e-07 9.22122e-07    0.027056 2.41801e-07 3.40921e-07 1.13888e-06   0.0827877 8.97965e-07 1.34152e-06   0.0270561 1.26936e-06 7.54163e-07 1.55692e-06   0.0827876 9.22122e-07 1.34152e-06  6.7863e-07 1.29363e-06 7.78257e-07 1.58125e-06   0.0838518    0.027056   0.0270561   0.0857221    0.027056    0.027056    0.027056   0.0971432 6.11714e-07 1.26936e-06 1.29363e-06    0.027056  6.1473e-07 1.41006e-06   0.0935123 3.40921e-07 7.54163e-07 7.78257e-07    0.027056 9.87609e-08 9.87609e-08 9.87609e-08 1.13888e-06 1.55692e-06 1.58125e-06    0.027056 1.41006e-06 9.05312e-07   0.0902919   0.0827877   0.0827876   0.0838518   0.0964413   0.0935123    0.101505   0.0902919
