8	12	12	1
 0  0  9  0  0  0  0  0  0  0  8  0
 0  0  0  0  0  0  0  0  0  0  8  3
 6  1  9  0  0  0  0  0 12  0  0  0
 0  1  0  0  0  0  0  0  0  0  0  3
 0  0  0  0  5  2  0  0  0  7  0  0
 0  0  0  0  5  2  0 11  0  0  0  3
 6  1  0  4  0  2 10  0  0  7  0  0
 0  1  0  4  0  2  0  0  0  0  0  3
0.4	0.6	0.9	0.8	0.8	0.9	0.8	0.8	0.5	0.1	0.7	0.2	
0.469	0.819	0.333	0.886	0.379	0.194	0.015	0.571	
------target--------
1
------result--------
3	
------details--------
0.701674 0.502571 0.650796 0.506151 0.506452  0.50593 0.505875  0.50552
0.348711 0.510472 0.218414 0.508326 0.508762 0.508214 0.507993 0.507947
  0.0630532 3.12223e-05   0.0868335 1.37616e-06 3.70726e-07  2.0334e-06 1.92378e-06 2.86606e-06
------result2--------
3	1	
------details2--------
0.701325        0 0.701325 0.701742 0.701432 0.702153 0.701674        0 0.694952 0.502571 0.502484 0.502372 0.501904  0.50201  0.69531 0.694952  0.64948 0.650786 0.649556 0.651287 0.649761 0.701325        0  0.64948 0.506066        0 0.505416        0 0.701742 0.502484 0.650786 0.506066 0.505844        0 0.505434 0.701432 0.502372 0.649556  0.50593 0.505844 0.505201 0.505305 0.702153 0.501904 0.651287 0.505416 0.505875 0.505201 0.505416 0.701674  0.50201 0.649761  0.50552 0.505434 0.505305        0
0.703057 0.701674 0.703057 0.699903 0.702276 0.700595 0.701675 0.502571 0.191313        0  0.50482 0.504245 0.503969 0.503941  0.58951 0.612863 0.656948 0.651063 0.654229 0.649722 0.652229 0.356694 0.506151 0.219469   0.5084 0.506151 0.507675 0.506151 0.348679 0.510385 0.218476 0.508246 0.508133 0.506452 0.507865 0.355996 0.511403 0.219349        0 0.508184 0.507445 0.507437 0.345276 0.509694 0.217938 0.507795        0 0.507617 0.507795 0.354549 0.510962 0.219091        0 0.507784  0.50732  0.50552
       0  0.58951 0.356694 0.348679 0.355996 0.345276 0.354549 0.703057 0.612863 0.511639 0.510385 0.511403 0.509694 0.510962 0.741847 0.191313 0.219469 0.218476 0.219349 0.217938 0.219091 0.703057        0 0.656948 0.508246        0 0.507795        0 0.699903  0.50482 0.651063   0.5084 0.508184        0 0.507784 0.702276 0.504245 0.654229  0.50799 0.508133 0.507617  0.50732 0.700595 0.503969 0.649722 0.507675 0.507892 0.507445 0.507725 0.701675 0.503941 0.652229  0.50767 0.507865 0.507437 0.507795
 0.46832  0.10096 0.305729 0.349569 0.326586 0.356173 0.340149  0.46832 0.254402 0.508326 0.512862 0.509203 0.512281 0.510063  0.10096 0.254402 0.213525 0.216717 0.215816 0.219486 0.217465 0.305729 0.508326 0.213525 0.510564 0.508326 0.509939 0.508326 0.349569 0.512862 0.216717 0.510564 0.510455 0.508762 0.510189 0.326586 0.509203 0.215816 0.508326 0.510455 0.509787 0.508486 0.356173 0.512281 0.219486 0.509939 0.508762 0.509787 0.508018 0.340149 0.510063 0.217465 0.508326 0.510189 0.508486 0.508018
   0.136044    0.141584   0.0634786   0.0630534    0.063251   0.0630849   0.0631141  0.00839718   0.0902468  3.3737e-05 3.16243e-05 3.27396e-05 3.35637e-05 3.21895e-05    0.141863   0.0902468   0.0868505   0.0868336   0.0868421   0.0868348   0.0868363   0.0634786 1.37616e-06   0.0868505 1.75368e-06 1.37616e-06 3.52389e-06 1.37616e-06   0.0630534 3.16243e-05   0.0868336 1.75368e-06 2.41208e-06 3.70726e-07 3.24617e-06    0.063251 3.27396e-05   0.0868421 2.04665e-06 2.41208e-06 4.15479e-06 3.54588e-06   0.0630849 3.35637e-05   0.0868348 3.52389e-06 1.97203e-06 4.15479e-06 3.14245e-06   0.0631141 3.21895e-05   0.0868363 2.95388e-06 3.24617e-06 3.54588e-06 2.87506e-06
