8	12	12	1
 1  8  0  2  0  0  0  0  0  0  9  0
 1  8  0  2  0  0  0  0  4  0  0  0
 1  0  0  0 11  5  0  0  0  0  0  0
 1  0  0  0  0  5  0  0  4  0  0 10
 0  0  0  2  0  0  0  3  0 12  9  0
 0  0  7  2  0  0  0  3  4  0  0  0
 0  0  0  0  0  0  6  3  0  0  0  0
 0  0  7  0  0  0  6  3  4  0  0 10
0.8	0.1	0.3	0.3	0.8	0.1	0.4	0.3	0.9	0.1	1	0.4	
0.231	0.753	0.627	0.019	0.298	0.366	0.324	0.458	
------target--------
1
------result--------
5	
------details--------
 0.85714 0.714146 0.713622 0.714072  0.85548 0.714067  0.71404 0.713642
0.225911 0.715453 0.715378 0.715304 0.108128 0.715681 0.715649  0.71541
   0.160081 2.78154e-07 1.72432e-06 4.38045e-07    0.198551 6.10128e-07 6.90738e-07 1.71442e-06
------result2--------
5	1	
------details2--------
   0.85714   0.857036   0.857179          0   0.857176   0.857157   0.857241          0   0.713527   0.713977   0.856818   0.713973   0.713945   0.713545   0.857036   0.713527   0.713452    0.85535   0.713447   0.713419   0.713016   0.857179   0.713977   0.713452   0.855506   0.713877   0.713843          0   0.856818   0.856818    0.85535   0.855506   0.855503   0.855484   0.855537   0.857176   0.713973   0.713447   0.713877   0.855503   0.713864          0   0.857157   0.713945   0.713419   0.713843   0.855484   0.713864          0   0.857241   0.713545   0.713016          0   0.855537   0.713642   0.713642
         0   0.857331    0.85689    0.85714   0.856839   0.857022   0.856943   0.714146   0.715286   0.715212   0.108005    0.71559   0.715557   0.715318   0.226666   0.714845   0.714691   0.108606   0.715072   0.715038   0.714797   0.226484   0.715288   0.715211   0.108478   0.715581   0.715557   0.714072   0.838548   0.838548   0.855719   0.855316   0.855289   0.855451   0.855368   0.226472   0.715286   0.715207   0.715202    0.10847   0.715484   0.714067   0.226392   0.715258    0.71518   0.715197   0.108424    0.71549    0.71404    0.22769   0.714872   0.714786   0.713642   0.109218          0          0
         0   0.226666   0.226484   0.838548   0.226472   0.226392    0.22769          0   0.714845   0.715288   0.838548   0.715286   0.715258   0.714872   0.857331   0.715286   0.715211   0.855719   0.715207    0.71518   0.714786    0.85689   0.715212   0.714691   0.855316   0.715202   0.715197          0   0.868124   0.108005   0.108606   0.108478    0.10847   0.108424   0.109218   0.856839    0.71559   0.715072   0.715581   0.855289    0.71549          0   0.857022   0.715557   0.715038   0.715557   0.855451   0.715484          0   0.856943   0.715318   0.714797   0.715481   0.855368   0.715284   0.715271
  0.715453   0.224499   0.222211 0.00795065   0.221124   0.222454   0.222349   0.715453   0.716604   0.716541   0.109931   0.716921   0.716882   0.716649   0.224499   0.716604   0.716451   0.107235   0.716827   0.716795   0.716557   0.222211   0.716541   0.716451   0.105876   0.716849   0.716852   0.715304 0.00795065   0.109931   0.107235   0.105876   0.105217   0.106006   0.105953   0.221124   0.716921   0.716827   0.716849   0.105217   0.717109   0.715681   0.222454   0.716882   0.716795   0.716852   0.106006   0.717109   0.715649   0.222349   0.716649   0.716557   0.715304   0.105953   0.715681   0.715649
   0.238346    0.160082    0.160082    0.247033    0.160083    0.160082    0.160085 2.78154e-07 2.00729e-06 7.18691e-07    0.198624 8.91616e-07 9.71918e-07 2.00141e-06    0.160082 2.00729e-06  2.1672e-06    0.198552 2.34105e-06 2.42178e-06 3.45672e-06    0.160082 7.18691e-07  2.1672e-06    0.198552 1.11146e-06 1.21337e-06 4.38045e-07    0.247044    0.198624    0.198552    0.198552    0.198552    0.198552    0.198554    0.160083 8.91616e-07 2.34105e-06 1.11146e-06    0.198552 1.30959e-06 6.10128e-07    0.160082 9.71918e-07 2.42178e-06 1.21337e-06    0.198552 1.30959e-06 6.90738e-07    0.160085 2.00141e-06 3.45672e-06 1.72065e-06    0.198554 1.74267e-06 1.74198e-06
