8	12	12	1
 0  0  0  0  8  0  6  0  0  4  0  0
 1 12  5  7  0  0  0  0  0  0  0  0
 0  0  0  0  8  0  0  0  3  4  0  0
 1  0  0  7  0  0  0 10  3  0  0  0
 0  0  0  0  0  2  6  0  0  4 11  9
 1  0  5  0  0  2  0  0  0  0  0  0
 0  0  0  0  0  2  0  0  3  4  0  9
 1  0  0  0  0  2  0  0  3  0  0  0
0.9	0.4	0.5	0.5	0.8	0.7	0.8	0.7	0.6	0.1	0.2	0.9	
0.262	0.1	0.571	0.177	0.838	0.899	0.27	0.49	
------target--------
3
------result--------
1	
------details--------
0.583358 0.435544  0.61488 0.434017 0.435953 0.435609 0.433776 0.434224
0.205947  0.43811 0.309405 0.441268 0.437814 0.438141 0.440306 0.442509
  0.0722782 3.12893e-06   0.0465117 2.40605e-05 1.46047e-06 2.97209e-06 2.10687e-05 2.77799e-05
------result2--------
1	8	
------details2--------
0.582916        0 0.613992 0.578247 0.582932 0.612712  0.61488 0.582916 0.614829  0.43305 0.434988 0.435544 0.432808  0.43326        0 0.614829 0.613992 0.612936 0.614811 0.612712  0.61488 0.613992  0.43305 0.613992 0.433218 0.433116 0.433576 0.434017 0.578247 0.434988 0.612936 0.433218 0.435054  0.43342  0.43342 0.582932        0 0.614811 0.433116 0.435054 0.432874 0.433326 0.612712 0.432808 0.612712 0.433576        0 0.432874 0.433776  0.61488  0.43326        0        0  0.43342 0.433326        0
0.584096 0.583358 0.533832 0.595938 0.584137 0.547715 0.516039 0.205721 0.308972 0.440295 0.436867        0 0.439339 0.441531  0.61488 0.614966 0.623561 0.619095 0.615007 0.623844        0 0.191577 0.435634 0.191577 0.435749 0.435665 0.435827        0 0.208486 0.437566  0.31638  0.44076 0.437598 0.441945 0.441945 0.205736 0.435609    0.309 0.440362 0.436931 0.439405 0.441598 0.192042 0.435394 0.192042 0.435736 0.433776 0.435425        0 0.191224  0.43584 0.434224 0.434224 0.435967 0.435872 0.434224
0.205721        0 0.191577 0.208486 0.205736 0.192042 0.191224 0.584096 0.614966 0.435634 0.437566  0.43758 0.435394  0.43584 0.516039 0.308972 0.191577  0.31638    0.309 0.192042 0.191224 0.533832 0.440295 0.623561  0.44076 0.440362 0.435736 0.436239 0.595938 0.436867 0.619095 0.435749 0.436931 0.435819 0.435967 0.584137        0 0.615007 0.435665 0.437598 0.435425 0.435872 0.547715 0.439339 0.623844 0.435827 0.441945 0.439405 0.436057 0.516039 0.441531        0        0 0.441945 0.441598        0
0.206332 0.205947 0.242904 0.200068  0.20634 0.230375 0.263009 0.206332 0.310143 0.442931 0.439437 0.438141 0.441956 0.444181 0.205947 0.310143 0.418084 0.291318 0.310159 0.396024 0.442509 0.242904 0.442931 0.418084 0.442774 0.442961 0.442307 0.442509 0.200068 0.439437 0.291318 0.442774 0.439468 0.438647 0.444337  0.20634 0.438141 0.310159 0.442961 0.439468 0.441987 0.444212 0.230375 0.441956 0.396024 0.442307 0.438647 0.441987 0.442509 0.263009 0.444181 0.442509 0.442509 0.444337 0.444212 0.442509
  0.0722788   0.0722782   0.0747959    0.072377   0.0722788   0.0739918   0.0758859   0.0722788   0.0465121 2.72756e-05 4.61297e-06 3.14145e-06 2.42768e-05 3.09898e-05   0.0749299   0.0465121   0.0644335   0.0466925   0.0465121   0.0609085   0.0682702   0.0747959 2.72756e-05   0.0644335 2.64439e-05 2.71132e-05 2.91203e-05 2.83972e-05    0.072377 4.61297e-06   0.0466925 2.64439e-05 4.45446e-06 2.42316e-05 3.04232e-05   0.0722788 2.97209e-06   0.0465121 2.71132e-05 4.45446e-06 2.41149e-05 3.08278e-05   0.0739918 2.42768e-05   0.0609085 2.91203e-05 2.33683e-05 2.41149e-05 2.89917e-05   0.0758859 3.09898e-05 2.77799e-05 2.77799e-05 3.04232e-05 3.08278e-05 2.77799e-05
