8	12	12	1
 0  6  3  4  0  2  1  8  0  0  0  0
 0  6  3  0  0  0  1  0  0 10  0  0
 0  0  3  0  0  2  1  8  0  0  0  0
 0  0  3  0  5  0  1  0  0  0  0 12
 0  0  0  4  0  2  1  0  0  0  0  0
 7  0  0  0  0  0  1  0  0 10  0  0
 0  0  0  0  0  2  1  0  9  0 11  0
 7  0  0  0  5  0  1  0  9  0  0  0
0.2	0.3	0.3	1	0.3	0.6	0.5	1	0.7	0.7	0.6	0.1	
0.542	0.791	0.723	0.195	0.675	0.677	0.108	0.786	
------target--------
1
------result--------
3	
------details--------
0.653096 0.456707 0.593517 0.458345 0.454747 0.456707 0.457258 0.457356
0.411291 0.459457 0.369646 0.460739  0.46303 0.459457 0.459925 0.459973
  0.0185523 3.61685e-06   0.0242592 2.09696e-07 3.40442e-05 3.61685e-06 3.49643e-06 3.29343e-06
------result2--------
3	5	
------details2--------
0.652557        0 0.653134 0.653096 0.652557 0.652667 0.652674 0.652557 0.592149 0.456661 0.453057        0  0.45556  0.45566        0 0.592149 0.593507 0.653096 0.592149 0.592565 0.592633 0.653134 0.456661 0.593507 0.454702 0.456661 0.457213 0.457311        0 0.453057 0.653096 0.454702 0.453057  0.45361 0.453708 0.652557        0 0.592149 0.456661 0.453057  0.45556  0.45566 0.652667  0.45556 0.592565 0.457213  0.45361  0.45556 0.457258 0.652674  0.45566 0.592633 0.457311 0.453708  0.45566        0
0.653431 0.653096 0.651136        0 0.653431 0.653667 0.653731  0.41007 0.368695 0.459098 0.461311 0.456707 0.458246 0.458295 0.593517 0.594376 0.594054 0.535961 0.594376 0.594797 0.594861 0.411258 0.459413  0.36962 0.462984 0.459413 0.459881 0.459929 0.454747 0.455811 0.349055 0.457089 0.455811  0.45628 0.456329  0.41007 0.456707 0.368695 0.459098 0.461311 0.458246 0.458295 0.410471 0.458327 0.369009 0.459634 0.461877 0.458327        0 0.410542 0.458425 0.369064 0.459729 0.461977 0.458425 0.457356
 0.41007 0.535961 0.411258 0.349055  0.41007 0.410471 0.410542 0.653431 0.594376 0.459413 0.455811        0 0.458327 0.458425        0 0.368695  0.36962 0.349055 0.368695 0.369009 0.369064 0.651136 0.459098 0.594054 0.457089 0.459098 0.459634 0.459729        0 0.461311 0.535961 0.462984 0.461311 0.461877 0.461977 0.653431        0 0.594376 0.459413 0.455811 0.458327 0.458425 0.653667 0.458246 0.594797 0.459881  0.45628 0.458246 0.459277 0.653731 0.458295 0.594861 0.459929 0.456329 0.458295        0
 0.41207 0.369646  0.41303  0.46303  0.41207 0.412409 0.412445  0.41207 0.370254 0.461819 0.464133 0.459457 0.461004 0.461052 0.369646 0.370254 0.371042 0.401263 0.370254 0.370517 0.370545  0.41303 0.461819 0.371042 0.465495 0.461819 0.462289 0.462336  0.46303 0.464133 0.401263 0.465495 0.464133 0.464611  0.46466  0.41207 0.459457 0.370254 0.461819 0.464133 0.461004 0.461052 0.412409 0.461004 0.370517 0.462289 0.464611 0.461004 0.459973 0.412445 0.461052 0.370545 0.462336  0.46466 0.461052 0.459973
   0.018554   0.0270856   0.0185524   0.0239345    0.018554   0.0185539   0.0185539    0.018554   0.0242609 3.83079e-06 3.77526e-05 3.61685e-06 7.15016e-06 6.94422e-06   0.0242592   0.0242609   0.0242593   0.0279259   0.0242609   0.0242609   0.0242609   0.0185524 3.83079e-06   0.0242593 3.42622e-05 3.83079e-06 3.70987e-06 3.50653e-06 3.40442e-05 3.77526e-05   0.0279259 3.42622e-05 3.77526e-05 3.76266e-05 3.74172e-05    0.018554 3.61685e-06   0.0242609 3.83079e-06 3.77526e-05 7.15016e-06 6.94422e-06   0.0185539 7.15016e-06   0.0242609 3.70987e-06 3.76266e-05 7.15016e-06 3.52314e-06   0.0185539 6.94422e-06   0.0242609 3.50653e-06 3.74172e-05 6.94422e-06 3.29343e-06
