8	12	12	1
 0  0  8  0  1  0  0 12  0  0  0  0
 0  0  8  0  1  9  0  0  0  0  0  0
 0  0  0  0  1  0  0  0  0  0  0  3
 0  0  0  0  1  0  0  0  0  7  0  3
 5  0  0  0  0  0  0  0  2  0  0  0
 0  6  0  0  0  0 10  0  2  0  0  0
 5  0  0  4  0  0  0  0  2  0  0  3
 0  6  0  4  0  0  0  0  2  7 11  3
0.9	0.7	0.6	0.6	0.6	0.4	0.4	0.1	0.4	0.5	0.6	0.4	
0.256	0.887	0.557	0.261	0.32	0.889	0.708	0.007	
------target--------
7
------result--------
5	
------details--------
0.358455  0.35779 0.356547 0.356328 0.542735 0.357788  0.56707 0.356322
0.360921 0.360307 0.365763 0.363732 0.174398 0.360306 0.234964 0.363691
 3.1414e-07 2.82469e-06 3.09458e-05 2.47785e-05     0.07645 2.82815e-06   0.0556733 2.46524e-05
------result2--------
3	5	
------details2--------
0.357728 0.356486 0.356267 0.542749 0.357727 0.567123 0.356261 0.357728 0.355814 0.355592 0.542463 0.357054 0.567095 0.355586 0.356486 0.355814        0  0.56707 0.355813        0        0 0.356267 0.355592 0.356328  0.56593 0.355591  0.56593        0 0.542749 0.542463  0.56707  0.56593 0.542463        0 0.565895 0.357727 0.357054 0.355813 0.355591 0.542463 0.567095 0.355584 0.567123 0.567095  0.56707  0.56593        0 0.567095 0.565895 0.356261 0.355586 0.356322 0.356322 0.565895 0.355584 0.565895
0.360248 0.365699  0.36367 0.174379 0.360247 0.234954 0.363628  0.36022  0.36501 0.362989 0.174196 0.359587 0.234762 0.362948 0.358962 0.358347 0.356547 0.167558 0.358346 0.356547 0.356547 0.358751  0.35813        0 0.167817 0.358129 0.167817 0.356328  0.54222 0.543402 0.471918 0.496181 0.543401 0.542735 0.496691 0.360219 0.359587 0.365008 0.362988 0.174196 0.234761 0.362947 0.565013 0.567011        0 0.576979  0.56707  0.56701 0.576979 0.358745 0.358124        0        0 0.167825 0.358123 0.167825
 0.36022 0.358962 0.358751  0.54222 0.360219 0.565013 0.358745 0.360248 0.358347  0.35813 0.543402 0.359587 0.567011 0.358124 0.365699  0.36501        0 0.471918 0.365008        0        0  0.36367 0.362989 0.358434 0.496181 0.362988 0.576979        0 0.174379 0.174196 0.167558 0.167817 0.174196        0 0.167825 0.360247 0.359587 0.358346 0.358129 0.543401  0.56701 0.358123 0.234954 0.234762 0.167558 0.167817 0.471918 0.234761 0.167825 0.363628 0.362948 0.358429 0.358267 0.496691 0.362947 0.576979
0.362732 0.368424 0.366318 0.175178 0.362731 0.235382 0.366275 0.362732 0.367663 0.365604   0.1749 0.362117 0.235469 0.365562 0.368424 0.367663 0.365763 0.207463 0.367661 0.365763 0.365763 0.366318 0.365604 0.365763 0.193295 0.365603  0.33188 0.363732 0.175178   0.1749 0.207463 0.193295   0.1749 0.174398 0.193039 0.362731 0.362117 0.367661 0.365603   0.1749 0.235469 0.365561 0.235382 0.235469 0.365763  0.33188 0.174398 0.235469 0.331109 0.366275 0.365562 0.365763 0.363732 0.193039 0.365561 0.331109
3.14494e-06 3.12764e-05 2.51097e-05     0.07645  3.1484e-06   0.0556733 2.49837e-05 3.14494e-06 3.38654e-05 2.77023e-05   0.0764503  5.6876e-06   0.0556734 2.75764e-05 3.12764e-05 3.38654e-05 3.09458e-05   0.0785596  3.3869e-05 3.09458e-05 3.09458e-05 2.51097e-05 2.77023e-05 3.16539e-05    0.077748 2.77059e-05   0.0668983 2.47785e-05     0.07645   0.0764503   0.0785596    0.077748   0.0764503     0.07645   0.0777314  3.1484e-06  5.6876e-06  3.3869e-05 2.77059e-05   0.0764503   0.0556734   2.758e-05   0.0556733   0.0556734   0.0704985   0.0668983   0.0781808   0.0556734   0.0668145 2.49837e-05 2.75764e-05 3.16722e-05  2.4797e-05   0.0777314   2.758e-05   0.0668145
