8	12	12	1
 0  0  0 12  0  0  2  0  0  3  0 11
 0  0  9  0  0  1  0  0  0  3 10  0
 5  6  0  0  0  0  2  0  0  0  0 11
 0  6  9  0  0  1  0  0  8  0  0  0
 0  0  0  0  0  0  2  0  0  3  0  0
 0  0  0  0  0  1  0  7  0  3 10  0
 5  0  0  0  4  0  2  0  0  0  0  0
 0  0  0  0  4  1  0  7  8  0  0  0
0.2	0.9	0.2	0.5	0.4	1	0.4	0.4	0.6	1	1	0.4	
0.015	0.569	0.708	0.76	0.027	0.365	0.043	0.776	
------target--------
2
------result--------
6	
------details--------
0.435644 0.655892 0.435962 0.434858 0.436235  0.64944 0.436545 0.435523
0.439193 0.275659 0.438434 0.438455 0.449994 0.247476 0.438957 0.438158
4.92383e-06    0.073032 2.29461e-06 6.56068e-06  9.0141e-06   0.0840196 1.03471e-07 3.37415e-06
------result2--------
6	5	
------details2--------
0.655926 0.435618 0.433915 0.435644 0.649388 0.435618 0.434599 0.655926 0.655939 0.652111 0.655892        0 0.655901 0.652111        0 0.655939 0.434239 0.435631 0.649397 0.435962 0.434911 0.433915        0 0.434239  0.43452 0.652111 0.434836 0.434858        0        0 0.435631  0.43452        0 0.436214 0.435198 0.649388        0 0.649397 0.652111  0.64944 0.649445 0.643947 0.435618 0.655901        0 0.434836 0.436214 0.649445 0.435502 0.434599 0.652111 0.434911        0 0.435198 0.643947 0.435502
0.267931 0.438271 0.437541        0 0.237642 0.438271  0.43723 0.655788  0.65575 0.661047        0 0.655892 0.654927 0.661047 0.435962 0.275504 0.437853 0.449341 0.247266        0 0.437557 0.437506 0.434858 0.436743 0.448459 0.246175 0.437282        0 0.436235 0.436235 0.438103 0.438131 0.436235 0.438624 0.437818 0.649604  0.64944 0.649572  0.64656        0 0.648933 0.657924 0.439175 0.275655 0.436545 0.438434 0.449971 0.247468 0.438137 0.438134 0.288729 0.437399 0.435523 0.448692 0.248787 0.437931
0.655788 0.447057 0.437506 0.438091 0.649604 0.439175 0.438134 0.267931 0.275504 0.246175 0.268073 0.591634 0.275655 0.288729 0.438271  0.65575 0.436743 0.438103 0.649572 0.438415 0.437399 0.437541 0.661047 0.437853 0.438131  0.64656 0.438434 0.439943        0        0 0.449341 0.448459        0 0.449971 0.448692 0.237642        0 0.247266 0.246175  0.23784 0.247468 0.248787 0.438271 0.654927        0 0.437282 0.438624 0.648933 0.437931  0.43723 0.661047 0.437557        0 0.437818 0.657924 0.438137
0.296396 0.438439 0.441098 0.449994  0.27347 0.442159 0.440835 0.296396 0.276144 0.303678 0.449994 0.247476 0.276061 0.253933 0.438439 0.276144 0.440347 0.452044 0.248131 0.438957 0.440042 0.441098 0.303678 0.440347 0.451714 0.248948 0.440875 0.438158 0.449994 0.449994 0.452044 0.451714 0.449994 0.452643 0.451994  0.27347 0.247476 0.248131 0.248948 0.449994 0.248349 0.245494 0.442159 0.276061 0.438957 0.440875 0.452643 0.248349 0.440563 0.440835 0.253933 0.440042 0.438158 0.451994 0.245494 0.440563
  0.0732613  8.1502e-06 1.15546e-05 1.11917e-05   0.0843781  5.0549e-06 8.33543e-06   0.0732613   0.0730321   0.0742465    0.074774   0.0843974    0.073032   0.0734633 2.29501e-06   0.0730321 8.90435e-06 1.13181e-05   0.0840198 2.29968e-06 5.69516e-06 1.15546e-05    0.029281 8.90435e-06  1.5593e-05   0.0840303 6.66693e-06 6.98695e-06  9.0141e-06  9.0141e-06 1.13181e-05  1.5593e-05  9.0141e-06 9.11801e-06 1.23985e-05   0.0843781   0.0840196   0.0840198   0.0840303    0.086471   0.0840196   0.0840715  5.0549e-06    0.073032 1.03471e-07 6.66693e-06 9.11801e-06   0.0840196 3.47903e-06 8.33543e-06   0.0734633 5.69516e-06 3.37415e-06 1.23985e-05   0.0840715 3.47903e-06
