8	12	12	1
 0  1  0  0  0  0  0  0  7  0  0  0
 0  1  0 10  6  0  0  3  7  0  0  0
 4  1  0  0  0  2  0  0  0  0 11  0
 0  1  0  0  6  2  0  3  0  0  0  0
 0  1  0  0  0  0  0  0  0  8  0  9
 0  1  0  0  0  0  0  3  0  8  0  0
 4  1  0  0  0  2  5  0  0  0  0  9
 0  1 12  0  0  2  5  3  0  0  0  0
0.2	0.2	0.3	0.7	0.3	0.4	0.9	0.1	0.1	0.4	0.8	0.6	
0.95	0.985	0.576	0.163	0.399	0.37	0.813	0.504	
------target--------
5
------result--------
7	
------details--------
0.563977 0.562958 0.563414 0.564067  0.67288 0.563724 0.665037  0.56388
0.566142 0.565344 0.565756 0.566171 0.477418 0.567035 0.454209 0.566052
7.81087e-07 2.89417e-06 2.44278e-06 4.27389e-07   0.0193948 2.60923e-06   0.0227027 1.11775e-06
------result2--------
6	7	
------details2--------
       0 0.563216  0.56387 0.673001 0.563527 0.665103 0.563682 0.562958 0.562189 0.562958 0.672658 0.562503 0.664624 0.562658 0.563216 0.562189 0.563307 0.672484 0.562962 0.664562 0.563118  0.56387        0 0.563307 0.672875 0.563618 0.665013 0.563774 0.673001 0.672658 0.672484 0.672875  0.67288        0 0.672885 0.563527 0.562503 0.562962 0.563618        0  0.67288 0.563429 0.665103 0.664624 0.664562 0.665013        0  0.67288 0.664986 0.563682 0.562658 0.563118 0.563774 0.672885 0.563429 0.664986
0.563977 0.565564 0.565986 0.477313 0.566841 0.454095 0.565865        0 0.564549        0 0.476729 0.565824 0.453542 0.564859 0.565397 0.564589 0.565423 0.476972  0.56628 0.453795 0.565303 0.566042 0.564067 0.565652 0.477362  0.56693 0.454155  0.56595 0.671692 0.673092   0.6737 0.672985        0  0.67288 0.672854 0.565701 0.564899 0.565311  0.56573 0.563724 0.448607  0.56561  0.66438 0.665431 0.666022 0.665493 0.665037 0.620255 0.665359 0.565861 0.565055 0.565467 0.565886 0.477264 0.566745 0.454058
       0 0.565397 0.566042 0.671692 0.565701  0.66438 0.565861 0.565173 0.564589 0.565254 0.673092 0.564899 0.665431 0.565055 0.565564 0.564549 0.565652   0.6737 0.565311 0.666022 0.565467 0.565986        0 0.565423 0.672985  0.56573 0.665493 0.565886 0.477313 0.476729 0.476972 0.477362 0.448607 0.620255 0.477264 0.566841 0.565824  0.56628  0.56693        0 0.620255 0.566745 0.454095 0.453542 0.453795 0.454155        0 0.448607 0.454058 0.565865 0.564859 0.565303  0.56595 0.672854  0.56561 0.665359
0.566142 0.567737 0.568176   0.4785 0.569066 0.455385 0.568038 0.566142  0.56694 0.566171 0.478093 0.568233 0.454863 0.567239 0.567737  0.56694 0.567766  0.47836  0.56864 0.455082 0.567648 0.568176 0.566171 0.567766 0.478489 0.569067 0.455253 0.568063   0.4785 0.478093  0.47836 0.478489 0.567035 0.454209 0.478423 0.569066 0.568233  0.56864 0.569067 0.567035 0.495168 0.568952 0.455385 0.454863 0.455082 0.455253 0.454209 0.495168 0.455199 0.568038 0.567239 0.567648 0.568063 0.478423 0.568952 0.455199
7.81087e-07  3.2341e-06 1.21369e-06   0.0193951   3.402e-06   0.0227028 1.90862e-06 3.03565e-06  5.3629e-06 2.97115e-06   0.0193954 5.52955e-06   0.0227033 4.03247e-06  3.2341e-06  5.3629e-06 2.87447e-06   0.0193956 5.06778e-06   0.0227036 3.57219e-06 1.21369e-06 4.27389e-07 2.87447e-06   0.0193949 3.04099e-06   0.0227027 1.54853e-06   0.0193951   0.0193954   0.0193956   0.0193949   0.0222742   0.0231071    0.019395   3.402e-06 5.52955e-06 5.06778e-06 3.04099e-06 2.60923e-06   0.0233278 3.73897e-06   0.0227028   0.0227033   0.0227036   0.0227027   0.0227027   0.0233278   0.0227028 1.90862e-06 4.03247e-06 3.57219e-06 1.54853e-06    0.019395 3.73897e-06   0.0227028
