8	12	12	1
 0  0  0  0  1  0  0  7  0  0  0  0
 0  0  0  0  0  0  0  0  0  0  0  3
 0  0  0 10  1  5  0  0  2  0  0  0
 4 12  0 10  0  0  0  0  2  0  0  3
 0  0  8  0  1  0  0  7  0  0 11  0
 0  0  0  0  0  0  6  0  0  0  0  3
 0  0  8  0  1  5  0  0  2  9  0  0
 4  0  0  0  0  0  6  0  2  9  0  3
0.5	0.4	0.8	0.3	0.4	0.3	0.9	0.6	0.3	0.1	1	0.6	
0.935	0.15	0.272	0.301	0.605	0.074	0.094	0.168	
------target--------
8
------result--------
7	
------details--------
0.781449 0.782025 0.781962 0.781798 0.781079 0.781995 0.793212 0.794688
0.782841 0.782483 0.783252 0.782881 0.782643 0.782511  0.31133  0.71426
1.40095e-06 4.90913e-08 3.56917e-07  6.3868e-07 1.67082e-06 9.15431e-08   0.0120566  0.00238143
------result2--------
6	7	
------details2--------
0.781408 0.781345 0.781177        0 0.781378 0.792741 0.794247 0.781408 0.781922        0 0.781038        0 0.794111        0 0.781345 0.781922        0 0.780974 0.781892 0.793149 0.794634 0.781177 0.781798 0.781798 0.780804 0.781768 0.793974 0.794557 0.781079 0.781038 0.780974 0.780804 0.781007 0.792464 0.793988 0.781378 0.781995 0.781892 0.781768 0.781007 0.794688        0 0.792741 0.794111 0.793149 0.793974 0.792464 0.794688        0 0.794247 0.794688 0.794634 0.794557 0.793988 0.794688        0
0.781875 0.782646 0.782273 0.781449 0.781902 0.311298 0.713315 0.782801 0.783215 0.782025 0.782603 0.782025  0.29706 0.782025 0.782739 0.782387 0.781962 0.782541 0.782413 0.311359 0.714118 0.782576        0        0 0.782377 0.782336  0.29714 0.628242        0 0.781508 0.782282 0.781906 0.781535 0.311279 0.712723 0.782771        0 0.783186 0.783069 0.782573 0.288497 0.781995 0.793805 0.783932 0.793941 0.790892 0.793651 0.783914 0.793212 0.795243        0 0.795308 0.795308 0.795097        0 0.794688
0.782801 0.782739 0.782576        0 0.782771 0.793805 0.795243 0.781875 0.782387        0 0.781508        0 0.783932        0 0.782646 0.783215        0 0.782282 0.783186 0.793941 0.795308 0.782273 0.783099 0.782704 0.781906 0.783069 0.790892 0.795308 0.782178 0.782603 0.782541 0.782377 0.782573 0.793651 0.795097 0.781902 0.782562 0.782413 0.782336 0.781535 0.783914        0 0.311298  0.29706 0.311359  0.29714 0.311279 0.288497        0 0.713315 0.629007 0.714118 0.628242 0.712723 0.288497 0.783914
0.783262 0.784033 0.783661 0.782841 0.783291 0.311372  0.71547 0.783262 0.783654 0.782483 0.783066 0.782483 0.649176 0.782483 0.784033 0.783654 0.783252 0.783836 0.783689 0.310986 0.715955 0.783661 0.782483 0.783252 0.783464 0.782584 0.367576 0.764436 0.782841 0.783066 0.783836 0.783464 0.783094 0.311362 0.715178 0.783291 0.782483 0.783689 0.782584 0.783094 0.653014 0.782511 0.311372 0.649176 0.310986 0.367576 0.311362 0.653014  0.31133  0.71547 0.782483 0.715955 0.764436 0.715178 0.782511  0.31133
1.45134e-06 1.76261e-06 2.04924e-06 1.40095e-06 1.49459e-06   0.0120574   0.0023825 1.45134e-06    4.07e-07 4.90913e-08 1.72146e-06 4.90913e-08   0.0123172 4.90913e-08 1.76261e-06    4.07e-07 3.56917e-07 2.03345e-06 4.49756e-07   0.0120567  0.00238161 2.04924e-06  7.0142e-07 6.86159e-07 2.32106e-06 7.14699e-07   0.0121039  0.00401261 1.84116e-06 1.72146e-06 2.03345e-06 2.32106e-06 1.76487e-06   0.0120575  0.00238271 1.49459e-06 9.21102e-08 4.49756e-07 7.14699e-07 1.76487e-06   0.0124801 9.15431e-08   0.0120574   0.0123172   0.0120567   0.0121039   0.0120575   0.0124801   0.0120566   0.0023825  0.00461157  0.00238161  0.00401261  0.00238271   0.0124156   0.0120971
