8	12	12	1
 0  0  0  0  1  2  0  0  7  3  0  0
 0  0  0  0  1  0  0  0  7  3  9  0
 0  0  0  0  1  2  0  0  0  3  0  0
 4  0  0  0  1  0  0  0  0  3  0  0
 0  5  8  0  1  2  0  0  0  0  0  0
 0  0  8  0  1  0 11  0  0  0  9 10
 0  5  0  0  1  2  0  6  0  0  0  0
 4  0  0 12  1  0  0  6  0  0  0 10
0.9	0.4	0.7	0.6	0.3	1	0.3	0.4	0.8	0.8	1	0.6	
0.943	0.263	0.708	0.35	0.58	0.452	0.315	0.072	
------target--------
4
------result--------
8	
------details--------
 0.59829 0.598074 0.599271 0.758617 0.601454 0.601245 0.601941 0.707866
0.603631 0.603399 0.605363 0.491922 0.603663 0.603276 0.603986 0.321703
1.18004e-05 1.04724e-05 1.93244e-05   0.0371237 2.23944e-06 2.13695e-06 8.82618e-07   0.0614736
------result2--------
4	3	
------details2--------
       0  0.59829 0.752729 0.597559 0.597117 0.598048 0.751522 0.598074 0.598074 0.750721  0.59733        0 0.597832 0.749523        0        0        0 0.598544 0.598204 0.599033 0.757382 0.752729 0.750721 0.758617 0.758486 0.757608 0.758816        0 0.597559  0.59733 0.598544 0.758486        0 0.601218 0.707453 0.597117 0.597117 0.598204 0.757608 0.601245 0.601008 0.704339 0.598048 0.597832 0.599033 0.758816 0.601218 0.601008        0 0.751522 0.749523 0.757382 0.757382 0.707453 0.704339 0.707866
 0.59829        0        0 0.599784  0.59946 0.600131 0.275726        0        0        0 0.599575 0.598074 0.599918 0.277333 0.599271 0.599271 0.599271 0.600765 0.600444 0.601101 0.271229 0.765102 0.764901        0 0.758885 0.759726 0.757089 0.758617 0.602908 0.602673 0.604639 0.491258 0.601454 0.603273 0.321751  0.60263  0.60263 0.604355 0.497347        0 0.603068 0.325743 0.603397 0.603165 0.605128 0.491677 0.603432 0.603044 0.601941 0.692964 0.696451  0.66101  0.66101 0.708713 0.712061        0
       0 0.600338 0.765102 0.602908  0.60263 0.603397 0.692964  0.59945 0.600209 0.764901 0.602673  0.60263 0.603165 0.696451        0        0        0 0.604639 0.604355 0.605128  0.66101        0        0        0 0.491258 0.497347 0.491677  0.66101 0.599784 0.599575 0.600765 0.758885        0 0.603432 0.708713  0.59946 0.599465 0.600444 0.759726 0.602316 0.603044 0.712061 0.600131 0.599918 0.601101 0.757089 0.603273 0.603068        0 0.275726 0.277333 0.271229 0.765851 0.321751 0.325743 0.119797
0.603631 0.605363 0.543774  0.60513 0.604896 0.605463 0.343419 0.603631 0.605363 0.534533  0.60491 0.604258  0.60523 0.338072 0.605363 0.605363 0.605363 0.606865 0.606659   0.6072  0.40471 0.543774 0.534533 0.605363   0.4933 0.485145 0.493844 0.196258  0.60513  0.60491 0.606865   0.4933 0.603663 0.605484 0.321603 0.604896 0.604258 0.606659 0.485145 0.603663 0.605096  0.31697 0.605463  0.60523   0.6072 0.493844 0.605484 0.605096 0.603986 0.343419 0.338072  0.40471 0.196258 0.321603  0.31697 0.603986
1.18004e-05 2.04655e-05   0.0778983 1.40689e-05 1.45046e-05 1.27056e-05   0.0632765 1.19422e-05 2.05474e-05   0.0708043 1.27716e-05 1.15353e-05 1.13767e-05   0.0627908 1.93244e-05 1.93244e-05 1.93244e-05 2.15932e-05  2.1992e-05 2.02289e-05    0.068166   0.0778983   0.0708043    0.123904   0.0371248   0.0371681   0.0371246   0.0989965 1.40689e-05 1.27716e-05 2.15932e-05   0.0371248 2.23944e-06  3.1304e-06   0.0614743 1.45046e-05 1.21725e-05  2.1992e-05   0.0371681 2.49244e-06 3.02976e-06   0.0615116 1.27056e-05 1.13767e-05 2.02289e-05   0.0371246  3.1304e-06 3.02976e-06 8.82618e-07   0.0632765   0.0627908    0.068166   0.0990067   0.0614743   0.0615116   0.0982877
