8	12	12	1
 0  0  0  0  0  0  0 12  0  0  0  1
 0  2  0  0  0 10  0  0  5  0  0  1
 0  0  0  3  0  0  0  0  0  0  0  0
 0  0  0  3  0  0  0  0  5  0  7  0
 8  0  0  0  4  0  0  0  0  0  0  1
 8  2  0  0  0  0 11  0  0  6  0  1
 0  0  0  0  4  0  0  0  0  0  0  0
 0  0  9  0  0  0  0  0  0  6  7  0
1	0.6	0.9	0.5	0.3	0.7	0.3	0.7	0.1	0.9	0.7	0.7	
0.528	0.313	0.513	0.523	0.854	0.832	0.767	0.176	
------target--------
4
------result--------
8	
------details--------
0.470464 0.470735 0.469344 0.636741 0.469372 0.469642 0.470661 0.608989
0.472977 0.473191 0.477242 0.253702 0.472251 0.472203 0.473001 0.175439
2.53663e-06 1.72792e-06 2.21463e-05   0.0746444 3.91416e-06 3.17977e-06 1.83974e-06   0.0873899
------result2--------
4	3	
------details2--------
 0.470037  0.468642   0.63656  0.468666  0.468939  0.469961  0.608611  0.470037  0.468916  0.636626  0.468942  0.469213  0.470235  0.608755  0.468642  0.468916         0  0.467542  0.467815   0.46884  0.629909   0.63656  0.636626  0.636741  0.636222  0.636278  0.636871         0  0.468666  0.468942  0.467542  0.636222         0  0.469372  0.607983  0.468939  0.469213  0.467815  0.636278  0.468918  0.468918   0.60812  0.469961  0.470235   0.46884  0.636871         0  0.468918  0.608905  0.608611  0.608755  0.629909  0.629909  0.607983   0.60812  0.608905
   0.4725   0.47654  0.253542  0.471556  0.471508  0.472313  0.175312  0.472556  0.476814  0.253604  0.471827   0.47178  0.472582  0.175362  0.471174   0.47139  0.469344   0.47044  0.470392  0.471199  0.162322   0.63721   0.63729         0  0.637055  0.637057  0.636265  0.636741  0.471196  0.471411  0.475428  0.253265  0.469372         0  0.175078  0.471461  0.471676  0.475697  0.253322  0.471709  0.471709  0.175125  0.472484  0.472699  0.476732  0.253658  0.470661  0.471746  0.175349  0.609973  0.610107  0.549003  0.549003    0.6096  0.609584  0.609298
 0.472556  0.471174   0.63721  0.471196  0.471461  0.472484  0.609973    0.4725   0.47139   0.63729  0.471411  0.471676  0.472699  0.610107   0.47654  0.476814         0  0.475428  0.475697  0.476732  0.549003  0.253542  0.253604         0  0.253265  0.253322  0.253658  0.549003  0.471556  0.471827   0.47044  0.637055  0.471709  0.471859    0.6096  0.471508   0.47178  0.470392  0.637057  0.471147  0.471746  0.609584  0.472313  0.472582  0.471199  0.636265         0  0.471709  0.609298  0.175312  0.175362  0.162322  0.692468  0.175078  0.175125  0.175349
 0.475023  0.479105  0.254124  0.474081  0.474033  0.474834  0.175775  0.475023  0.479321   0.25418  0.474295  0.474248  0.475048  0.175813  0.479105  0.479321  0.477242  0.478368   0.47832  0.479167  0.240367  0.254124   0.25418  0.477242  0.253973  0.253967  0.253867 0.0501858  0.474081  0.474295  0.478368  0.253973  0.472362  0.473001  0.175662  0.474033  0.474248   0.47832  0.253967  0.472362  0.474276  0.175658  0.474834  0.475048  0.479167  0.253867  0.473001  0.474276  0.175779  0.175775  0.175813  0.240367 0.0501858  0.175662  0.175658  0.175779
4.27651e-06 2.47365e-05   0.0746446  6.4771e-06  5.7374e-06 4.39467e-06   0.0873904 4.27651e-06 2.39103e-05   0.0746446 5.65978e-06 4.92181e-06 3.57992e-06   0.0873903 2.47365e-05 2.39103e-05 2.21463e-05 2.61405e-05 2.53901e-05 2.40437e-05   0.0900454   0.0746446   0.0746446    0.160427   0.0746448   0.0746447   0.0746445     0.14713  6.4771e-06 5.65978e-06 2.61405e-05   0.0746448 3.98899e-06 4.27996e-06   0.0873908  5.7374e-06 4.92181e-06 2.53901e-05   0.0746447 4.60275e-06 5.53034e-06   0.0873907 4.39467e-06 3.57992e-06 2.40437e-05   0.0746445 1.83974e-06 5.53034e-06   0.0873899   0.0873904   0.0873903   0.0900454    0.147608   0.0873908   0.0873907   0.0873899
