8	12	12	1
 0  0  0  1  2  0  0  3  0  0  0  0
 9  0  0  1  2  0 11  0  8  0  0  0
 0 10  0  1  0  0  0  3  0  4  0  0
 9  0  0  1  0  0  0  0  0  4  0  0
 0  0  7  0  2  0  0  3  0  0  5  0
 0  0  0  0  2  0  0  0  8  0  5 12
 0 10  7  0  0  6  0  3  0  4  5  0
 0  0  0  0  0  6  0  0  0  4  5  0
0.8	0.8	0.8	0.2	0.4	0.4	0.9	0.8	1	0.8	0.4	0.3	
0.34	0.112	0.465	0.841	0.112	0.261	0.657	0.038	
------target--------
7
------result--------
3	
------details--------
0.378582  0.38092  0.55216 0.381054 0.377816 0.382142 0.563209  0.38222
0.393544 0.383775 0.287475 0.383842 0.392491  0.38461 0.298041 0.388845
8.86493e-05 4.31538e-06   0.0338448  4.0785e-06 9.68564e-05 8.73166e-07   0.0318574 1.41043e-06
------result2--------
3	5	
------details2--------
0.377173        0 0.377308        0 0.378402        0 0.378458 0.377173  0.55134  0.38092 0.376404 0.380736  0.56254 0.380816  0.55216  0.55134 0.551398 0.561615 0.552156        0 0.553587 0.377308        0 0.551398  0.37654 0.380871 0.562581 0.380951 0.377816 0.376404 0.561615  0.37654 0.377635        0 0.377684 0.378402 0.380736 0.552156 0.380871 0.377635 0.563239  0.38204 0.563209  0.56254        0 0.562581 0.563209 0.563239 0.563209 0.378458 0.380816 0.553587 0.380951 0.377684  0.38204        0
0.380036 0.378582 0.380102 0.378582 0.380865 0.378582 0.386432  0.39208 0.286683        0 0.391031 0.383222 0.297208 0.387423        0 0.552998 0.553061 0.462604 0.552207  0.55216 0.478493 0.392221 0.381054 0.286759 0.391172 0.383355 0.297287  0.38756        0  0.37927 0.216268 0.379337   0.3801 0.377816 0.386045  0.39335 0.383596 0.287375 0.383662 0.392299 0.297937 0.388661        0  0.56389 0.563209  0.56395        0 0.562834        0 0.393499 0.383673 0.287055 0.383739 0.392445 0.384509  0.38222
 0.39208        0 0.392221        0  0.39335        0 0.393499 0.380036 0.552998 0.382944  0.37927 0.383596  0.56389 0.383673 0.219767 0.286683 0.286759 0.216268 0.287375        0 0.287055 0.380102        0 0.553061 0.379337 0.383662  0.56395 0.383739 0.387884 0.391031 0.462604 0.391172 0.392299        0 0.392445 0.380865 0.383222 0.552207 0.383355   0.3801 0.562834 0.384509 0.242792 0.297208 0.465452 0.297287 0.220702 0.297937 0.295937 0.386432 0.387423 0.478493  0.38756 0.386045 0.388661        0
0.395075 0.393544 0.395143 0.393544 0.396025 0.393544 0.396466 0.395075   0.2883 0.383842 0.394019  0.38608  0.29891 0.390347 0.393544   0.2883 0.288338   0.3837 0.288753 0.287475 0.318211 0.395143 0.383842 0.288338 0.394087 0.386145  0.29895 0.390414 0.393544 0.394019   0.3837 0.394087 0.394962 0.392491 0.395549 0.396025  0.38608 0.288753 0.386145 0.394962 0.299372 0.391245 0.393544  0.29891 0.287475  0.29895 0.392491 0.299372 0.388845 0.396466 0.390347 0.318211 0.390414 0.395549 0.391245 0.388845
9.30883e-05 8.86493e-05 9.28433e-05 8.86493e-05 8.95574e-05 8.86493e-05 9.02736e-05 9.30883e-05   0.0338463 4.37257e-06 0.000101319 5.20061e-06   0.0318589 5.73202e-06   0.0449297   0.0338463   0.0338463   0.0451164    0.033845   0.0338448   0.0339403 9.28433e-05  4.0785e-06   0.0338463 0.000101072 4.96283e-06   0.0318588 5.49469e-06 9.99821e-05 0.000101319   0.0451164 0.000101072 9.77716e-05 9.68564e-05 9.85374e-05 8.95574e-05 5.20061e-06    0.033845 4.96283e-06 9.77716e-05   0.0318577  2.2856e-06   0.0403125   0.0318589   0.0345347   0.0318588   0.0437596   0.0318577   0.0321542 9.02736e-05 5.73202e-06   0.0339403 5.49469e-06 9.85374e-05  2.2856e-06 1.41043e-06
