8	12	12	1
 2  0  0  4  0  0  0  0  0  1  0  0
 2  0  0  4  0  0  0  7  0  1  0  0
 0  0  0  0  0  0  0  0  0  1  9 12
 0  0  0  0  0  5  0  7  0  1  9  0
 2  8  0  0  0  0  0  0 11  1  0  0
 2  8  0  0  0  0  6  0  0  1  0  0
 0  0  3  0  0  0  0  0  0  1  0  0
 0  0  3  0 10  5  6  0  0  1  0  0
0.7	1	0.2	0.7	0.4	0.3	0.9	0.6	1	0.6	0.3	0.9	
0.415	0.197	0.573	0.255	0.358	0.309	0.676	0.422	
------target--------
2
------result--------
4	
------details--------
0.750305 0.833184 0.746088  0.82025 0.750115 0.750458 0.750629 0.750445
0.752472 0.568326 0.758403 0.370238 0.751811    0.752 0.752076 0.751931
2.25827e-06   0.0381817 9.60911e-05   0.0614058  1.8635e-06 1.13058e-06 6.24169e-07 1.10357e-06
------result2--------
2	1	
------details2--------
       0 0.745102 0.831386 0.749601 0.749946 0.750118 0.749932 0.833184  0.83185        0 0.832937 0.833039 0.833262 0.833292 0.745102  0.83185 0.820582 0.745337 0.745708 0.745872 0.745662 0.831386 0.831386        0 0.819864 0.820039 0.820255 0.820224 0.749601 0.832937 0.745337 0.819864 0.750115 0.749927  0.74974 0.749946 0.833039 0.745708 0.820039        0 0.750271 0.750086 0.750118 0.833262 0.745872 0.820255 0.749927 0.750271        0 0.749932 0.833292 0.745662 0.820224  0.74974 0.750086 0.750445
0.750305  0.75864 0.344445 0.751305 0.751494 0.751572 0.751426        0 0.835292 0.833184 0.833535 0.833665 0.832656  0.83286 0.749289 0.559869        0 0.747152 0.747348 0.747549 0.747363 0.786106 0.786106  0.82025 0.820798 0.820948 0.820212 0.820326 0.751777 0.567892 0.757734 0.370494        0 0.751386 0.751238 0.752118 0.568106  0.75806 0.370338 0.750458 0.751723 0.751578 0.752288 0.568194 0.758241 0.370593 0.751628 0.751817 0.750629 0.752104  0.56807 0.758075 0.370837 0.751444 0.751634        0
       0 0.749289 0.786106 0.751777 0.752118 0.752288 0.752104        0 0.559869 0.786106 0.567892 0.568106 0.568194  0.56807  0.75864 0.835292 0.819596 0.757734  0.75806 0.758241 0.758075 0.344445 0.855545        0 0.370494 0.370338 0.370593 0.370837 0.751305 0.833535 0.747152 0.820798  0.75157 0.751628 0.751444 0.751494 0.833665 0.747348 0.820948        0 0.751817 0.751634 0.751572 0.832656 0.747549 0.820212 0.751386 0.751723        0 0.751426  0.83286 0.747363 0.820326 0.751238 0.751578 0.751778
0.752472 0.757625 0.492401 0.753476 0.753664 0.753754 0.753606 0.752472 0.582408 0.128583 0.568953 0.569067 0.569246 0.569113 0.757625 0.582408 0.580822 0.759365 0.759551  0.75952 0.759409 0.492401 0.128583 0.580822 0.369868 0.369903 0.367747 0.368382 0.753476 0.568953 0.759365 0.369868    0.752 0.753079 0.752935 0.753664 0.569067 0.759551 0.369903    0.752 0.753267 0.753122 0.753754 0.569246  0.75952 0.367747 0.753079 0.753267 0.752076 0.753606 0.569113 0.759409 0.368382 0.752935 0.753122 0.752076
2.25827e-06  0.00010143   0.0634797 4.13522e-06  3.3965e-06 2.89077e-06 3.37549e-06    0.119391   0.0382642    0.103352    0.038182   0.0381819   0.0381818   0.0381819  0.00010143   0.0382642   0.0962171 9.80646e-05 9.72837e-05 9.67945e-05  9.7321e-05   0.0634797    0.103455   0.0962165   0.0614065   0.0614063   0.0614061   0.0614062 4.13522e-06    0.038182 9.80646e-05   0.0614065 1.91376e-06 2.49566e-06  2.9803e-06  3.3965e-06   0.0381819 9.72837e-05   0.0614063 1.13058e-06 1.75912e-06 2.24144e-06 2.89077e-06   0.0381818 9.67945e-05   0.0614061 2.49566e-06 1.75912e-06 6.24169e-07 3.37549e-06   0.0381819  9.7321e-05   0.0614062  2.9803e-06 2.24144e-06 1.11837e-06
