8	12	12	1
 5  0  0  4  0  1  0  0  0 10  0  0
 5  0  0  0  0  1  0  0  0  0  0  0
 0  0  0  4  0  1  0  2  0  0  0  0
 0  0  0  0  0  1  6  2  0  0  0  0
 0  7  0  0  0  0  0  0  8  0  3  0
 0  7  0  0 11  0  0  0  0  0  3  0
 0  0  9  0  0  0  0  2  8  0  3 12
 0  0  9  0  0  0  6  2  0  0  3  0
0.1	0.5	1	0.3	0.3	0.6	0.4	0.5	0.3	0.6	1	0.2	
0.866	0.22	0.173	0.48	0.108	0.374	0.336	0.933	
------target--------
8
------result--------
7	
------details--------
 0.256015  0.257011  0.256939  0.254144    0.2568  0.256821  0.512735  0.547021
 0.258531  0.259346  0.259245  0.269867  0.265115  0.259171 0.0439629 0.0805795
4.02426e-06 3.03294e-07 7.05293e-07 9.70441e-05 5.48369e-06  1.3296e-06    0.156652    0.135206
------result2--------
7	8	
------details2--------
  0.256015   0.256015   0.253088   0.255751   0.255769   0.512149   0.546984          0   0.256887   0.254093   0.256749    0.25677   0.512745   0.547076          0   0.256887   0.254019   0.256676   0.256697   0.512689   0.547052   0.253088   0.254093   0.254019   0.253874     0.2539   0.544233          0   0.255751   0.256749   0.256676   0.253874   0.256559          0   0.546957   0.255769    0.25677   0.256697     0.2539   0.256559   0.512659   0.547102   0.512149   0.512745   0.512689   0.544233   0.512735   0.512659   0.544233   0.546984   0.547076   0.547052   0.547021   0.546957   0.547102          0
         0          0   0.268725   0.264036   0.258138  0.0441941  0.0806321   0.257011   0.259197   0.269807   0.265061   0.259123  0.0439967  0.0805954   0.256939   0.259229   0.269731   0.264987    0.25905  0.0440003   0.080594   0.255618   0.256427   0.256339   0.262419   0.256264  0.0413247   0.254144   0.258271   0.259088   0.258987   0.269633   0.258913     0.2568  0.0805022   0.258292   0.259115   0.259009   0.269599   0.264865  0.0440436  0.0806126   0.513549    0.51233   0.513543    0.41402          0   0.513396    0.41402   0.547073   0.544625   0.546489          0   0.548936   0.546325   0.547021
  0.258486   0.258425   0.255618   0.258271   0.258292   0.513549   0.547073          0   0.259229   0.256427   0.259088   0.259115    0.51233   0.544625          0   0.259197   0.256339   0.258987   0.259009   0.513543   0.546489   0.268725   0.269807   0.269731   0.269633   0.269599    0.41402          0   0.264036   0.265061   0.264987   0.262419   0.264865          0   0.548936   0.258138   0.259123    0.25905   0.256264   0.258913   0.513396   0.546325  0.0441941  0.0439967  0.0440003  0.0413247  0.0304133  0.0440436    0.57551  0.0806321  0.0805954   0.080594          0  0.0805022  0.0806126    0.41402
  0.259346   0.259245   0.271502   0.266673   0.260662  0.0436357  0.0805049   0.259346   0.261567    0.27267   0.267686   0.261479  0.0424226   0.079854   0.259245   0.261567   0.272331   0.267439   0.261377  0.0432951  0.0803211   0.271502    0.27267   0.272331   0.277201   0.272268   0.060344   0.269867   0.266673   0.267686   0.267439   0.277201   0.267373   0.265115  0.0830044   0.260662   0.261479   0.261377   0.272268   0.267373  0.0432495  0.0802867  0.0436357  0.0424226  0.0432951   0.060344   0.265115  0.0432495 0.00892211  0.0805049   0.079854  0.0803211   0.269867  0.0830044  0.0802867 0.00892211
4.06407e-06 4.10607e-06 0.000101267   9.532e-06 5.37504e-06    0.156653    0.135206 3.03294e-07 1.01077e-06 9.73739e-05 5.79036e-06 1.63583e-06    0.156652    0.135206 7.05293e-07 1.01077e-06 9.77902e-05 6.19397e-06 2.03926e-06    0.156652    0.135206 0.000101267 9.73739e-05 9.77902e-05 0.000102618 9.84545e-05    0.159746 9.70441e-05   9.532e-06 5.79036e-06 6.19397e-06 0.000102618 6.82319e-06 5.48369e-06    0.135206 5.37504e-06 1.63583e-06 2.03926e-06 9.84545e-05 6.82319e-06    0.156652    0.135206    0.156653    0.156652    0.156652    0.159746    0.166817    0.156652    0.208764    0.135206    0.135206    0.135206    0.201141    0.135206    0.135206    0.208703
