8	12	12	1
 3  9  0  0  4  0  0  0  0  0  0  1
 3  0  0  0  4  0  0  6  7  0  0  1
 3  0 10  0  0  0  0  0  0  8  0  1
 3  0  0  0  0  0  0  0  7  0 11  1
 0  9  0  2  0  5  0  0  0  0  0  1
 0  0  0  2  0  0  0  6  0  0  0  1
 0  0  0  2  0  5 12  0  0  8  0  1
 0  0  0  2  0  0  0  0  0  0  0  1
0.5	0.6	0.4	0.9	0.4	0.4	0.1	0.5	0.3	0.7	0.4	0.9	
0.732	0.232	0.381	0.053	0.116	0.548	0.881	0.602	
------target--------
2
------result--------
4	
------details--------
  0.7137 0.761435 0.714073 0.755658 0.712733  0.71316  0.71325 0.713375
0.715337 0.531243 0.715696 0.193141  0.71508 0.715102 0.715311 0.715357
1.51658e-06   0.0198086 7.54429e-07    0.047031 3.00765e-06 2.24614e-06 2.60196e-06 2.39176e-06
------result2--------
4	2	
------details2--------
 0.761275  0.713478  0.755475         0  0.712514  0.712604  0.712733  0.761275  0.761395         0  0.759499  0.759723  0.759798  0.759723  0.713478  0.761395  0.755584  0.712508  0.712936  0.713026  0.713154  0.755475  0.760942  0.755584  0.751973  0.759235  0.752337  0.752302         0  0.759499  0.712508  0.751973  0.712514  0.712604  0.712733  0.712514         0  0.712936  0.759235  0.712514  0.713034   0.71316  0.712604  0.759798  0.713026  0.752337  0.712604  0.713034   0.71325  0.712733  0.759723  0.713154  0.752302         0         0         0
 0.528083  0.715112  0.192708    0.7137  0.714515  0.714724  0.714772  0.761719  0.761692  0.761435  0.762292  0.763095  0.762787  0.763095   0.71512  0.530905  0.193071  0.714861  0.714884  0.715093  0.715138   0.75598  0.727553  0.756131  0.757525  0.753129  0.758918  0.759578  0.712733  0.588198  0.714152  0.201738  0.713485  0.714189         0   0.71423   0.71316  0.714574  0.180293   0.71423  0.714594         0  0.714321  0.588562  0.714664  0.201743  0.714321  0.713995         0  0.714444  0.588959  0.714786  0.201888  0.713375  0.713375  0.713375
 0.761719   0.71512   0.75598         0   0.71423  0.714321  0.714444  0.528083  0.530905  0.727553  0.588198         0  0.588562  0.588959  0.715112  0.761692  0.756131  0.714152  0.714574  0.714664  0.714786  0.192708  0.786519  0.193071  0.201738  0.180293  0.201743  0.201888  0.714772  0.762292  0.714861  0.757525   0.71423  0.714321  0.714444  0.714515  0.763095  0.714884  0.753129  0.713485  0.713995  0.714122  0.714724  0.762787  0.715093  0.758918  0.714189  0.714594  0.714817  0.714772  0.763095  0.715138  0.759578         0         0         0
 0.536758  0.716748  0.193924  0.715337  0.716186   0.71641  0.716462  0.536758  0.533448 0.0366129  0.485168  0.606977  0.422053   0.38863  0.716748  0.533448  0.193596  0.716492  0.716513  0.716722  0.716767  0.193924 0.0366129  0.193596  0.188995  0.203704  0.185297  0.183792  0.715337  0.485168  0.716492  0.188995  0.715343  0.715375  0.715357  0.716186  0.606977  0.716513  0.203704  0.715343  0.715362  0.715357   0.71641  0.422053  0.716722  0.185297  0.715375  0.715362  0.715357  0.716462   0.38863  0.716767  0.183792  0.715357  0.715357  0.715357
  0.0198159 2.27921e-06   0.0470312 1.51658e-06 3.86059e-06 4.23912e-06 4.02876e-06   0.0198159    0.019809     0.06636   0.0208944   0.0412612   0.0223914   0.0232107 2.27921e-06    0.019809   0.0470311 3.77374e-06 3.00992e-06 3.36621e-06 3.15298e-06   0.0470312   0.0663878   0.0470311   0.0470566   0.0470858   0.0470741   0.0470833 3.13669e-06   0.0208944 3.77374e-06   0.0470566 3.50667e-06 3.52634e-06 3.29457e-06 3.86059e-06   0.0072011 3.00992e-06   0.0470858 3.50667e-06 2.84107e-06 2.60308e-06 4.23912e-06   0.0223914 3.36621e-06   0.0470741 3.52634e-06 2.84107e-06 2.63021e-06 4.02876e-06   0.0232107 3.15298e-06   0.0470833 2.39176e-06 2.39176e-06 2.39176e-06
