8	12	12	1
 0  0  0  2  3  0  0  0  0  0  0  0
 0  7  0  2  0  0  0  0 12  4  0  9
 1  0  0  0  3  0  0  0  0  0  8  0
 1  0  0  0  0  0  6  0  0  4  8  9
 0  0  5  2  3  0  0  0  0  0  0  0
 0  7  5  2  0  0  0  0  0  4  0  0
 1  0  0  0  3  0  0 11  0  0  0  0
 1  0  0  0  0 10  6  0  0  4  0  0
0.9	0.1	0.5	0.2	0.6	0.4	0.9	0.5	0.9	1	0.4	0.1	
0.62	0.075	0.901	0.704	0.4	0.559	0.341	0.013	
------target--------
5
------result--------
6	
------details--------
 0.55805 0.555474 0.557469 0.559523 0.674573 0.644859 0.557793 0.559777
0.562718   0.5867 0.561598 0.560476 0.435735 0.166939 0.562162 0.561947
1.03348e-05 0.000236491 8.51536e-06 3.69341e-07   0.0291494   0.0709348 9.60752e-06 4.65707e-08
------result2--------
2	6	
------details2--------
 0.552707         0  0.557335         0  0.673626         0  0.558039  0.552707  0.552058  0.555547    0.6739  0.645251   0.55245  0.555462  0.557469  0.552058         0  0.672529   0.67159  0.557226  0.557458  0.557335         0  0.557335  0.672666  0.637865  0.557091  0.559512  0.674573    0.6739  0.672529  0.672666         0  0.673712  0.674573  0.673626         0   0.67159  0.637865  0.673626  0.672768  0.644854  0.557793   0.55245  0.557226  0.557091  0.673712  0.672768  0.557782  0.558039  0.555462  0.557458  0.559512  0.674573  0.644854  0.557782
 0.592658   0.55805  0.559401   0.55805   0.13843   0.55805  0.560225  0.560206  0.558082  0.555241  0.428424         0  0.559111  0.557839         0  0.588315  0.557469         0   0.14071   0.55905  0.559655  0.562403  0.559523  0.562403  0.458815  0.177132  0.561883  0.561686         0  0.678668  0.679339  0.678195  0.674573  0.680156  0.674602  0.601913  0.644859  0.625597  0.663722  0.601913  0.614777  0.645857         0  0.592224  0.559112  0.559125         0  0.139326  0.559973  0.562708  0.586692  0.561587  0.560465  0.435727  0.166951  0.562151
 0.560206         0  0.562403         0  0.601913         0  0.562708  0.592658  0.588315  0.598512  0.678668  0.641226  0.592224  0.586692  0.559395  0.558082  0.562403  0.679339  0.625597  0.559112  0.561587  0.559401  0.555241  0.559439  0.678195  0.663722  0.559125  0.560465         0  0.428424         0  0.458815  0.601913         0  0.435727   0.13843         0   0.14071  0.177132   0.69176  0.139326  0.166951  0.559704  0.559111   0.55905  0.561883  0.680156  0.614777  0.562151  0.560225  0.557839  0.559655  0.561686  0.674602  0.645857  0.559973
 0.577465  0.562718  0.564347  0.562718  0.258059  0.562718  0.564906  0.577465  0.585245  0.575621  0.482648   0.51157  0.580503  0.588417  0.562718  0.585245  0.560591  0.516341  0.196467  0.562618  0.563784  0.564347  0.575621  0.560591  0.346035  0.144236  0.563297  0.562645  0.562718  0.482648  0.516341  0.346035 0.0725574  0.541017  0.437465  0.258059   0.51157  0.196467  0.144236 0.0725574  0.220104  0.164541  0.562718  0.580503  0.562618  0.563297  0.541017  0.220104  0.564349  0.564906  0.588417  0.563784  0.562645  0.437465  0.164541  0.564349
0.000275008 1.03348e-05 1.19516e-05 1.03348e-05     0.07468 1.03348e-05 1.03822e-05 0.000275008 0.000252706 0.000273803    0.029486     0.11097 0.000265438 0.000236543 1.13293e-05 0.000252706 9.43976e-06   0.0774011   0.0723573 1.17463e-05 8.56309e-06 1.19516e-05 4.51044e-05  9.6741e-06   0.0312146   0.0713242  1.0931e-05 4.16122e-07    0.103278    0.029486   0.0774011   0.0312146   0.0973855   0.0913044   0.0291494     0.07468    0.110967   0.0723573   0.0713242   0.0974049   0.0733514   0.0709349 1.08753e-05 0.000265438 1.17463e-05  1.0931e-05   0.0913044   0.0733514 9.65512e-06 1.03822e-05 0.000236543 8.56309e-06 4.16122e-07   0.0291494   0.0709349 9.65512e-06
