8	12	12	1
 0  0  0  1  0  0  0  3  0  0  0  7
 8  0  0  1  0  0  0  0  0  0  0  0
 0  0  0  1  0  0  0  3  0  0  0  0
 0  0  0  1  0  0 12  0  0  0  6  0
 0  0  4  0  0  0  0  0  2  5  0  7
 0  0  0  0  0 11  0  0  2  5  0  0
 0  9  4  0  0  0  0  0  2  0  0  0
 0  0  0  0 10  0  0  0  2  0  6  0
0.2	0.9	0.9	0.3	0.3	1	1	0.4	0.8	0.6	1	0.9	
0.431	0.013	0.718	0.277	0.499	0.853	0.477	0.995	
------target--------
1
------result--------
5	
------details--------
0.696474 0.537212 0.535955 0.536764 0.677671 0.535886 0.536501 0.536652
0.439244 0.539442 0.541025 0.539125 0.381456 0.538542 0.538926 0.538912
  0.0320225 2.48492e-08 9.66972e-06 1.73986e-06   0.0446162 3.54669e-06 2.46287e-06  1.9273e-06
------result2--------
3	5	
------details2--------
0.696476 0.696474 0.696218        0 0.695734 0.696106 0.696563 0.696476 0.535949 0.536759  0.67767  0.53588 0.536495 0.536647        0 0.535949 0.535498 0.696474 0.534614 0.535233 0.535382 0.696218 0.536759 0.535498 0.677332 0.535428 0.536045 0.536196        0  0.67767 0.696474 0.677332 0.676683  0.67716 0.677532 0.695734  0.53588 0.534614 0.535428 0.676683 0.535163 0.535311 0.696106 0.536495 0.535233 0.536045  0.67716 0.535163  0.53593 0.696563 0.536647 0.535382 0.536196 0.677532 0.535311  0.53593
0.695738        0 0.697538 0.696474 0.697201 0.697342 0.696211 0.439242 0.541019  0.53912 0.381454 0.538537 0.538921 0.538907 0.535955 0.538197 0.537869 0.370739 0.537283  0.53767  0.53766 0.439009 0.538995 0.540569 0.381264 0.538089 0.538475 0.538462 0.677671 0.677934 0.628266 0.679089 0.678647 0.678882 0.678085 0.438553  0.53813 0.539687 0.537798 0.380885 0.537598  0.53759 0.438882 0.538737 0.540305 0.538412 0.381155 0.537826 0.538201 0.439043 0.538896 0.540453 0.538564 0.381226 0.537979 0.538365
0.439242 0.370739 0.439009 0.628266 0.438553 0.438882 0.439043 0.695738 0.538197 0.538995 0.677934  0.53813 0.538737 0.538896        0 0.541019 0.540569 0.628266 0.539687 0.540305 0.540453 0.697538  0.53912 0.537869 0.679089 0.537798 0.538412 0.538564        0 0.381454 0.370739 0.381264 0.380885 0.381155 0.381226 0.697201 0.538537 0.537283 0.538089 0.678647 0.537826 0.537979 0.697342 0.538921  0.53767 0.538475 0.678882 0.537598 0.538365 0.696211 0.538907  0.53766 0.538462 0.678085  0.53759 0.538201
 0.43997 0.541025 0.440237 0.381456 0.439936 0.440113 0.439852  0.43997 0.543335  0.54136 0.382399 0.540778 0.541162 0.541152 0.541025 0.543335 0.542964  0.41955 0.542375 0.542765 0.542781 0.440237  0.54136 0.542964  0.38227  0.54046 0.540845 0.540832 0.381456 0.382399  0.41955  0.38227 0.382028  0.38218 0.382152 0.439936 0.540778 0.542375  0.54046 0.382028 0.540261 0.540248 0.440113 0.541162 0.542765 0.540845  0.38218 0.540261 0.540633 0.439852 0.541152 0.542781 0.540832 0.382152 0.540248 0.540633
  0.0320225   0.0407873   0.0320231   0.0457182   0.0320236   0.0320232   0.0320227   0.0320225 9.69533e-06 1.76487e-06   0.0446162 3.57188e-06 2.48797e-06 1.95256e-06 9.66972e-06 9.69533e-06 1.14333e-05    0.046125 1.32653e-05 1.21685e-05 1.16496e-05   0.0320231 1.76487e-06 1.14333e-05    0.044617 5.30041e-06 4.21276e-06 3.67891e-06   0.0446162   0.0446162    0.046125    0.044617   0.0446177   0.0446172   0.0446165   0.0320236 3.57188e-06 1.32653e-05 5.30041e-06   0.0446177 6.03005e-06 5.49839e-06   0.0320232 2.48797e-06 1.21685e-05 4.21276e-06   0.0446172 6.03005e-06 4.40811e-06   0.0320227 1.95256e-06 1.16496e-05 3.67891e-06   0.0446165 5.49839e-06 4.40811e-06
