8	12	12	1
 0  0  0  1  2 11  0  0  8  0  0  0
 0  0  0  0  2  0  6  0  8  0  0  0
 0  0  9  1  0  0  0  0  0  0  0  0
 4  0  0  0  0  0  0  0  0 12  0  0
 0  0  0  1  2  0  0  0  0  0  3 10
 0  5  0  0  2  0  6  0  0  0  3 10
 0  0  9  1  0  0  0  7  0  0  3  0
 4  5  0  0  0  0  0  7  0  0  3  0
0.2	0.6	0.2	1	0.6	0.2	0.1	1	1	0.1	0.5	0.7	
0.02	0.557	0.767	0.859	0.872	0.655	0.499	0.897	
------target--------
7
------result--------
3	
------details--------
0.481098 0.481102 0.502006 0.481484 0.480727 0.480727 0.522402 0.480444
0.482419  0.48242 0.388854 0.482663 0.482077 0.482077 0.460252 0.482468
8.10066e-07   8.047e-07  0.00382555 2.06255e-07 8.49929e-07 8.49929e-07  0.00174344 2.02131e-06
------result2--------
3	8	
------details2--------
0.481098  0.50155 0.481002 0.480243 0.480243 0.522021 0.479959        0 0.501552 0.481006 0.480247 0.480247 0.522022 0.479963  0.50155 0.501552 0.501958 0.501254 0.501254        0 0.522402 0.481002 0.481006 0.501958  0.48063  0.48063 0.522422 0.480348 0.480243 0.480247 0.501254  0.48063        0 0.521857 0.479587 0.480243 0.480247 0.501254  0.48063        0 0.521857 0.479587 0.522021 0.522022        0 0.522422 0.521857 0.521857 0.522402 0.479959 0.479963 0.522402 0.480348 0.479587 0.479587        0
       0   0.3886 0.482185 0.481596 0.481596 0.459794 0.481986 0.481102 0.388602 0.482189   0.4816   0.4816 0.459799  0.48199 0.502801 0.502804 0.502558 0.502445 0.502445 0.502006 0.487312 0.482324 0.482326 0.388809 0.481983 0.481983 0.460135 0.482373 0.481567 0.481569 0.388439 0.481821 0.480727 0.459415 0.481615 0.481567 0.481569 0.388439 0.481821 0.480727 0.459415 0.481615 0.523062 0.523068 0.522402 0.522174 0.522718 0.522718        0 0.481285 0.481286 0.330364 0.481533 0.480943 0.480943 0.480444
0.482193 0.502801 0.482324 0.481567 0.481567 0.523062 0.481285        0 0.502804 0.482326 0.481569 0.481569 0.523068 0.481286   0.3886 0.388602 0.388809 0.388439 0.388439        0 0.330364 0.482185 0.482189 0.502558 0.481821 0.481821 0.522174 0.481533 0.481596   0.4816 0.502445 0.481983        0 0.522718 0.480943 0.481596   0.4816 0.502445 0.481983        0 0.522718 0.480943 0.459794 0.459799 0.487312 0.460135 0.459415 0.459415 0.330364 0.481986  0.48199 0.487312 0.482373 0.481615 0.481615        0
 0.48242 0.389299 0.483506  0.48292  0.48292 0.461052 0.483311  0.48242 0.389301 0.483508 0.482921 0.482921 0.461052 0.483312 0.389299 0.389301 0.389376 0.389099 0.389099 0.388854 0.455191 0.483506 0.483508 0.389376 0.483165 0.483165 0.461592 0.483558  0.48292 0.482921 0.389099 0.483165 0.482077 0.460744 0.482969  0.48292 0.482921 0.389099 0.483165 0.482077 0.460744 0.482969 0.461052 0.461052 0.388854 0.461592 0.460744 0.460744 0.482468 0.483311 0.483312 0.455191 0.483558 0.482969 0.482969 0.482468
8.10307e-07  0.00382619 1.01763e-06 1.66342e-06 1.66342e-06   0.0017441 2.83583e-06   8.047e-07  0.00382619 1.01222e-06   1.658e-06   1.658e-06  0.00174409  2.8304e-06  0.00382619  0.00382619   0.0038256  0.00382613  0.00382613  0.00382555  0.00579188 1.01763e-06 1.01222e-06   0.0038256 1.05826e-06 1.05826e-06  0.00174365 2.22963e-06 1.66342e-06   1.658e-06  0.00382613 1.05826e-06 8.49929e-07   0.0017441 2.87681e-06 1.66342e-06   1.658e-06  0.00382613 1.05826e-06 8.49929e-07   0.0017441 2.87681e-06   0.0017441  0.00174409  0.00431687  0.00174365   0.0017441   0.0017441  0.00564324 2.83583e-06  2.8304e-06  0.00579188 2.22963e-06 2.87681e-06 2.87681e-06 2.02131e-06
