8	12	12	1
 0  0  0  0  0 12  0  3  0  5  0  0
 0  0  0  0  0  0  0  0  1  0  0  0
 0  0  0  0  0  0  0  0  0  5 11  6
 0  0  0  0 10  0  0  0  1  0  0  6
 4  0  8  0  0  0  0  3  0  0  0  0
 0  0  0  9  0  0  0  0  1  0  0  0
 4  7  0  0  0  0  2  0  0  0  0  0
 0  0  0  0  0  0  2  0  1  0  0  0
0.2	0.9	0.3	0.2	0.9	1	0.5	1	0.6	0.8	0.1	1	
0.455	0.806	0.066	0.787	0.856	0.989	0.057	0.182	
------target--------
8
------result--------
7	
------details--------
0.768889 0.768615 0.769325 0.768148 0.769035 0.768421 0.808299  0.82831
0.770369 0.770143 0.770672 0.769875 0.770398 0.770061 0.354257 0.712362
 1.2969e-06 1.64014e-06 3.21305e-08 1.80738e-06 8.96393e-07 1.86944e-06   0.0375524  0.00956768
------result2--------
8	2	
------details2--------
0.768166 0.768881 0.767696 0.768588  0.76797 0.807968 0.828106 0.768166 0.768606        0 0.768311        0 0.827289        0 0.768881 0.768606 0.768139 0.769026 0.768412 0.808298 0.828315 0.767696 0.768148 0.768139  0.76784 0.767969 0.825183 0.826171 0.768588 0.768311 0.769026  0.76784 0.768114 0.808179 0.828356  0.76797 0.768421 0.768412 0.767969 0.768114 0.826871 0.827887 0.807968 0.827289 0.808298 0.825183 0.808179 0.826871 0.827289 0.828106  0.82831 0.828315 0.826171 0.828356 0.827887        0
  0.7697 0.770236 0.769431 0.769958 0.769618 0.354159 0.711951 0.769653 0.769964 0.768615 0.769685 0.768615 0.283337 0.768615 0.770361 0.770135 0.769867 0.770389 0.770053 0.354244 0.712351 0.769187        0  0.76951 0.769223 0.769087 0.288761        0 0.770073 0.769846 0.770388 0.769577 0.769764 0.354008 0.712028 0.769461        0 0.769784 0.769082 0.769496 0.284442        0  0.80907 0.787993 0.808503 0.800842 0.808728 0.794124 0.787993 0.828781        0  0.82749 0.831426 0.828147 0.830496  0.82831
0.769653 0.770361 0.769187 0.770073 0.769461  0.80907 0.828781   0.7697 0.770135        0 0.769846        0 0.787993        0 0.770236 0.769964  0.76951 0.770388 0.769784 0.808503  0.82749 0.769431 0.769291 0.769867 0.769577 0.769082 0.800842 0.831426 0.769958 0.769685 0.770389 0.769223 0.769496 0.808728 0.828147 0.769618 0.769612 0.770053 0.769087 0.769764 0.794124 0.830496 0.354159 0.283337 0.354244 0.288761 0.354008 0.284442 0.853755 0.711951        0 0.712351        0 0.712028        0 0.787993
0.771183 0.771711 0.770915 0.771438 0.771102 0.354487 0.713327 0.771183 0.771491 0.770143 0.771214 0.770143 0.495389 0.770143 0.771711 0.771491 0.771222 0.771742 0.771412  0.35628  0.71415 0.770915 0.770143 0.771222 0.770946 0.770158 0.395829 0.744582 0.771438 0.771214 0.771742 0.770946 0.771134 0.355158 0.713567 0.771102 0.770143 0.771412 0.770158 0.771134 0.441992 0.759958 0.354487 0.495389  0.35628 0.395829 0.355158 0.441992  0.21265 0.713327 0.770143  0.71415 0.744582 0.713567 0.759958  0.21265
2.94666e-06 1.32937e-06 3.11606e-06 2.20125e-06 3.17927e-06   0.0375531  0.00956834 2.94666e-06 1.67274e-06 1.64014e-06 2.54726e-06 1.64014e-06   0.0405358 1.64014e-06 1.32937e-06 1.67274e-06 1.84014e-06 9.29138e-07 1.90243e-06   0.0375524  0.00956771 3.11606e-06 2.11048e-06 1.84014e-06 2.71766e-06 2.38972e-06   0.0384465   0.0382672 2.20125e-06 2.54726e-06 9.29138e-07 2.71766e-06 2.78266e-06   0.0375526  0.00956819 3.17927e-06 1.92741e-06 1.90243e-06 2.38972e-06 2.78266e-06   0.0394817   0.0519962   0.0375531   0.0405358   0.0375524   0.0384465   0.0375526   0.0394817    0.051989  0.00956834   0.0611271  0.00956771   0.0382672  0.00956819   0.0519962   0.0519423
