8	12	12	1
 0  0  0  3 12  0  0  0  0  0  7  0
 0  0  2  3  0  0  0  0  0  6  7  0
 0  0  0  0  0  4 11  0  0  0  0  8
 0  0  2  0  0  0  0  0  0  6  0  8
 0  1  0  3  0  0  0  5  0  0  0  0
 0  1  2  3  0  0  0  0  9  0  0  0
10  1  0  0  0  4  0  5  0  0  0  0
 0  1  2  0  0  0  0  0  0  0  0  0
0.8	0.3	0.8	0.5	0.3	0.8	0.2	0.3	0.5	0.7	0.1	0.2	
0.922	0.72	0.561	0.495	0.178	0.076	0.093	0.438	
------target--------
4
------result--------
3	
------details--------
0.486532 0.486057 0.520297 0.536102 0.487008 0.486145 0.486874 0.486213
0.488771 0.488908 0.313935 0.411008 0.489356 0.488944 0.489262  0.48899
1.95848e-06 3.81476e-06    0.011762  0.00749036 5.31841e-07 3.57209e-06 1.07881e-06 3.40673e-06
------result2--------
4	8	
------details2--------
0.485537 0.519479 0.536043 0.486411 0.485467 0.486276 0.485537        0 0.533494 0.536106 0.485936 0.485988 0.485801 0.486057 0.519479 0.533494 0.533495 0.520229 0.533428 0.520121 0.533495 0.536043 0.536106        0 0.536073 0.536035 0.535989 0.536102 0.486411 0.485936 0.520229 0.536073 0.486024        0 0.486093 0.485467 0.485988 0.533428 0.536035 0.486024  0.48589 0.486145 0.486276 0.485801 0.520121 0.535989 0.486874  0.48589 0.485959 0.485537        0 0.533495        0 0.486093        0 0.485959
0.488438 0.315592 0.413765 0.488776 0.488388 0.488676 0.488438 0.486057 0.275982        0 0.488302 0.488093 0.488203        0 0.522549 0.499892 0.495493 0.521551 0.497805 0.521776 0.495493 0.536253 0.536048 0.536102 0.536638  0.53809 0.537052        0 0.488655  0.48879 0.313905  0.41084 0.488826 0.487008 0.488871 0.487877 0.488257  0.27595        0 0.488385 0.488288        0 0.488522 0.488657 0.313857 0.410699        0 0.488693 0.488739 0.487944 0.486213 0.275887 0.486213 0.488452 0.486213 0.488355
 0.48782 0.522549 0.536253 0.488655 0.487877 0.488522 0.487944 0.488438 0.499892 0.536048  0.48879 0.488257 0.488657 0.488327 0.315592 0.275982 0.559625 0.313905  0.27595 0.313857 0.275887 0.413765        0 0.495493  0.41084        0 0.410699        0 0.488776 0.488302 0.521551 0.536638 0.488385        0 0.488452 0.488388 0.488093 0.497805  0.53809 0.488826 0.488693 0.488252 0.488676 0.488203 0.521776 0.537052 0.489175 0.488288 0.488355 0.488438        0 0.495493        0 0.488871        0 0.488739
0.489868  0.30926 0.402305 0.491021 0.490734 0.490925 0.490791 0.489868 0.409605 0.482953 0.491152 0.488996 0.491056  0.48899  0.30926 0.409605 0.164824 0.314512 0.422946 0.314612 0.438568 0.402305 0.482953 0.164824   0.4142 0.486004 0.413652  0.48899 0.491021 0.491152 0.314512   0.4142 0.491184 0.489356 0.491229 0.490734 0.488996 0.422946 0.486004 0.491184  0.49109  0.48899 0.490925 0.491056 0.314612 0.413652 0.489356  0.49109 0.491135 0.490791  0.48899 0.438568  0.48899 0.491229  0.48899 0.491135
5.30065e-06    0.011768   0.0075098 2.49805e-06 5.79542e-06 3.04927e-06 5.63383e-06 4.15384e-06    0.013535   0.0418758 4.35385e-06 4.03244e-06 4.90561e-06  3.8504e-06    0.011768    0.013535   0.0259065   0.0117621   0.0137559   0.0117624   0.0140167   0.0075098   0.0418758   0.0258313  0.00749081   0.0432616  0.00749115   0.0446129 2.49805e-06 4.35385e-06   0.0117621  0.00749081 4.10912e-06 5.31841e-07 3.94317e-06 5.79542e-06 4.03244e-06   0.0137559   0.0432616 4.10912e-06    4.66e-06 3.59441e-06 3.04927e-06 4.90561e-06   0.0117624  0.00749115 1.08055e-06    4.66e-06 4.49368e-06 5.63383e-06 3.40673e-06   0.0140167 3.40673e-06 3.94317e-06 3.40673e-06 4.49368e-06
