8	12	12	1
 0  8  0  3  0  5  0  0  0  0  1  9
 0  0  7  3  0  0  0  0  0  0  1  9
 0  0  0  0  4  5  0  0  0  2  1  0
 0  0  0  0  4  0  0 11  0  2  1  0
12  8  0  3  0  0  0  0  6  0  1  0
 0  0  7  3  0  0 10  0  6  0  1  0
 0  0  0  0  0  0  0  0  0  2  1  0
 0  0  0  0  0  0  0  0  0  2  1  0
0.1	0.7	0.7	0.8	0.6	0.2	0.4	0.1	1	0.2	0.7	0.9	
0.808	0.956	0.41	0.633	0.43	0.322	0.626	0.87	
------target--------
1
------result--------
2	
------details--------
0.515223 0.511057 0.305309 0.305516 0.305862  0.30577 0.305576 0.305576
0.243989 0.239317 0.307162 0.306771 0.307075 0.306991 0.306793 0.306793
  0.0288678   0.0305496 1.77526e-06 8.01233e-07 1.36464e-07 3.59954e-07 6.96739e-07 6.96739e-07
------result2--------
1	2	
------details2--------
       0 0.515063  0.51514 0.515269 0.515197 0.515063 0.515063        0 0.515063 0.510549 0.511093 0.511018 0.510476 0.510476        0 0.515063 0.305249 0.305258 0.305165 0.305309 0.305309  0.51514 0.510549 0.305249 0.305465 0.305373 0.305516 0.305516 0.515269 0.511093 0.305258 0.305465  0.30572 0.305525 0.305525 0.515197 0.511018 0.305165 0.305373  0.30572 0.305433 0.305433 0.515063 0.510476        0        0 0.305525 0.305433        0 0.515063 0.510476        0        0 0.305525 0.305433        0
0.515223 0.515623 0.515396 0.514184 0.515422 0.515623 0.515623 0.511057 0.503119  0.51215 0.510225 0.511354  0.51257  0.51257 0.305309 0.238503 0.306337 0.306483 0.306392        0        0 0.244706 0.239172 0.309146  0.30669 0.306598        0        0 0.243961 0.239286 0.307112 0.306722 0.306942 0.306744 0.306744 0.243905 0.239232  0.30702  0.30663 0.306935 0.306652 0.306652 0.244755 0.239214 0.305576 0.305576 0.306748 0.306658 0.305576 0.244755 0.239214 0.305576 0.305576 0.306748 0.306658 0.305576
0.454327 0.238503 0.244706 0.243961 0.243905 0.244755 0.244755        0 0.238503 0.239172 0.239286 0.239232 0.239214 0.239214 0.515623 0.503119 0.309146 0.307112  0.30702 0.309214 0.309214 0.515396  0.51215 0.306337 0.306722  0.30663 0.306617 0.306617 0.514184 0.510225 0.306483  0.30669 0.306935 0.306748 0.306748 0.515422 0.511354 0.306392 0.306598 0.306942 0.306658 0.306658 0.515623  0.51257        0        0 0.306744 0.306652        0 0.515623  0.51257        0        0 0.306744 0.306652        0
0.239317 0.254767 0.242413 0.244654 0.244632  0.24195  0.24195 0.239317 0.241028 0.239632  0.24005 0.239967 0.239589 0.239589 0.254767 0.241028 0.306828 0.308345 0.308252 0.306793 0.306793 0.242413 0.239632 0.306828 0.307942 0.307856 0.306793 0.306793 0.244654  0.24005 0.308345 0.307942 0.308159 0.307963 0.307963 0.244632 0.239967 0.308252 0.307856 0.308159 0.307878 0.307878  0.24195 0.239589 0.306793 0.306793 0.307963 0.307878 0.306793  0.24195 0.239589 0.306793 0.306793 0.307963 0.307878 0.306793
  0.0306655   0.0289909   0.0288701   0.0288678   0.0288679   0.0288711   0.0288711   0.0305496    0.030568   0.0305499   0.0305496   0.0305497   0.0305501   0.0305501  0.00787214    0.030568 2.37819e-06 1.91518e-06 2.13972e-06 2.35356e-06 2.35356e-06   0.0288701   0.0305499 2.37819e-06  9.4015e-07 1.16427e-06  8.0377e-07  8.0377e-07   0.0288678   0.0305496 1.91518e-06  9.4015e-07 4.97019e-07  8.3514e-07  8.3514e-07   0.0288679   0.0305497 2.13972e-06 1.16427e-06 4.97019e-07 1.05927e-06 1.05927e-06   0.0288711   0.0305501 6.96739e-07 6.96739e-07  8.3514e-07 1.05927e-06 6.96739e-07   0.0288711   0.0305501 6.96739e-07 6.96739e-07  8.3514e-07 1.05927e-06 6.96739e-07
