8	12	12	1
11  0  0  0  0  1  2  0  0  0  8  0
 0  0  0  5  7  1  2  0  0  0  0  0
 0  4  0  0  0  0  2  0  0  3  8  0
 0  0  0  5  0  0  2  6 12  3  0  0
 0  0 10  0  0  1  0  0  0  0  0  0
 0  0  0  0  7  1  0  0  0  0  0  9
 0  4  0  0  0  0  0  0  0  3  0  0
 0  0  0  0  0  0  0  6  0  3  0  9
1	0.8	1	0.2	0.2	0.1	0.9	0.1	0.7	0.2	0.9	0.5	
0.112	0.608	0.691	0.902	0.28	0.548	0.328	0.725	
------target--------
6
------result--------
8	
------details--------
0.452531 0.453045  0.45183 0.452253 0.452901 0.558921 0.452834 0.554091
0.454686 0.456093 0.454768  0.45489  0.45544 0.351907 0.455341 0.325186
2.24885e-06 1.89591e-06 4.33528e-06 3.44476e-06 2.03446e-06   0.0217597 2.19859e-06   0.0263967
------result2--------
2	8	
------details2--------
 0.45218 0.451673 0.451384 0.452036 0.558416 0.451673 0.553523  0.45218 0.451475 0.451899 0.452551        0 0.452484 0.558921        0 0.451475 0.450675 0.451332 0.557925  0.45183 0.552992 0.451384 0.451899 0.450675 0.451755 0.558326 0.451688 0.553404 0.452036 0.452551 0.451332 0.451755 0.558574 0.452339 0.553716 0.558416 0.558921 0.557925 0.558326 0.558574 0.558535        0 0.451673 0.452484        0 0.451688 0.452339 0.558535 0.553672 0.553523 0.558921 0.552992 0.553404 0.553716        0 0.553672
0.455234 0.454768 0.454027 0.454577 0.351485 0.454768 0.324777  0.45434 0.454421 0.454545 0.455094 0.453045 0.454996 0.321823  0.45183 0.454542 0.453329  0.45388  0.35112        0 0.324433 0.453547 0.454964 0.453628 0.454303 0.351372 0.454204 0.324657 0.454194 0.455604 0.454275 0.454398 0.351651  0.45485 0.324946  0.55967        0 0.559785  0.55969 0.560344  0.56025 0.558921   0.4543 0.455538 0.452834 0.454332 0.454882 0.351618 0.324913 0.554935 0.520191 0.555047 0.554982 0.555633 0.554091 0.555537
 0.45434 0.453816 0.453547 0.454194  0.55967   0.4543 0.554935 0.455234 0.454542 0.454964 0.455604        0 0.455538 0.520191 0.454768 0.454421 0.453628 0.454275 0.559785 0.454354 0.555047 0.454027 0.454545 0.453329 0.454398  0.55969 0.454332 0.554982 0.454577 0.455094  0.45388 0.454303 0.560344 0.454882 0.555633 0.351485 0.321823  0.35112 0.351372 0.351651 0.351618 0.520191 0.454768 0.454996        0 0.454204  0.45485  0.56025 0.555537 0.324777 0.321823 0.324433 0.324657 0.324946        0 0.324913
0.457406 0.454768 0.456195 0.456745 0.352547  0.45702 0.325807 0.457406 0.457489 0.457612 0.458162 0.456093 0.458062 0.355176 0.454768 0.457489 0.456277 0.456827 0.352607 0.455341 0.325856 0.456195 0.457612 0.456277  0.45695 0.352617 0.456851  0.32589 0.456745 0.458162 0.456827  0.45695 0.352982   0.4574 0.326195 0.352547 0.456093 0.352607 0.352617 0.352982 0.352924 0.325186  0.45702 0.458062 0.455341 0.456851   0.4574 0.352924 0.326145 0.325807 0.355176 0.325856  0.32589 0.326195 0.325186 0.326145
4.15811e-06 4.62936e-06 5.71376e-06 4.29315e-06   0.0217604 5.29958e-06   0.0263975 4.15811e-06 6.25493e-06 5.36328e-06  3.9402e-06 1.89591e-06 4.10541e-06   0.0266814 4.33528e-06 6.25493e-06 7.81677e-06 6.38787e-06   0.0217612 4.59012e-06   0.0263984 5.71376e-06 5.36328e-06 7.81677e-06 5.49517e-06   0.0217606 5.66084e-06   0.0263978 4.29315e-06  3.9402e-06 6.38787e-06 5.49517e-06   0.0217605  4.2418e-06   0.0263976   0.0217604   0.0251774   0.0217612   0.0217606   0.0217605   0.0217605   0.0265816 5.29958e-06 4.10541e-06 2.19859e-06 5.66084e-06  4.2418e-06   0.0217605   0.0263976   0.0263975   0.0266814   0.0263984   0.0263978   0.0263976   0.0263967   0.0263976
