8	12	12	1
 0  0  1  2  0  0  6  0  0  0  0  0
 0  4  1  2  0  0  0  0  8  0  0  0
 7  0  0  2  0  0  6  0  0  0  0  0
 0  4  0  2 11  0  0  0  0  0  0  0
 0  0  1  0  0  5  0  3  0  9  0 12
 0  0  1  0  0  0  0  3  8  9  0  0
 7  0  0  0  0  5  0  3  0  0 10  0
 0  0  0  0  0  0  0  3  0  0 10  0
0.8	0.6	0.4	0.3	0.3	0.4	0.2	0.9	0.2	0.4	0.8	0.6	
0.386	0.277	0.681	0.41	0.27	0.097	0.43	0.426	
------target--------
7
------result--------
8	
------details--------
0.533672 0.533718 0.531295 0.533584 0.533458 0.533638  0.68215 0.645592
0.535844 0.535964 0.537205 0.535836 0.535748 0.535901 0.454678 0.367519
6.65385e-07 5.08435e-07 1.72079e-05 1.01717e-06 1.45537e-06 8.23404e-07   0.0240224    0.037713
------result2--------
3	8	
------details2--------
0.533552        0 0.533417 0.533291 0.533472 0.682083 0.645197 0.533552 0.531173 0.533464 0.533335        0 0.682198 0.645561 0.531295 0.531173 0.531037  0.53091 0.531092        0 0.682083 0.533417 0.533464 0.531037 0.533203 0.533384 0.682194 0.645493 0.533291 0.533335  0.53091 0.533203 0.533335 0.682072  0.64536 0.533472 0.533638 0.531092 0.533384        0 0.682196  0.64552 0.682083 0.682198 0.682083 0.682194 0.682072 0.682196        0 0.645197 0.645561 0.682083 0.645493  0.64536  0.64552        0
0.535806 0.533672 0.535676 0.535585 0.535742 0.455869 0.367749  0.53573 0.537084 0.535721 0.535637 0.533718 0.454598 0.367473        0 0.533437 0.533306 0.533216 0.533372 0.531295 0.341197 0.535598 0.535719 0.536948 0.535498 0.535655 0.454509 0.367424 0.535472 0.535616 0.536822 0.535463 0.535616 0.454424 0.367376 0.535652        0 0.537004 0.535643 0.533638 0.454545 0.367443  0.68285 0.681306  0.68285 0.681805 0.682534 0.681682  0.68215 0.650389 0.646144  0.60422 0.646372 0.646756 0.646333 0.645592
 0.53573        0 0.535598 0.535472 0.535652  0.68285 0.650389 0.535806 0.533437 0.535719 0.535616        0 0.681306 0.646144 0.537498 0.537084 0.536948 0.536822 0.537004  0.68285  0.60422 0.535676 0.535721 0.533306 0.535463 0.535643 0.681805 0.646372 0.535585 0.535637 0.533216 0.535498  0.53559 0.682534 0.646756 0.535742 0.535806 0.533372 0.535655 0.535616 0.681682 0.646333 0.455869 0.454598 0.341197 0.454509 0.454424 0.454545 0.594728 0.367749 0.367473 0.341197 0.367424 0.367376 0.367443        0
0.537983 0.535844 0.537856 0.537767 0.537921 0.438911 0.364715 0.537983 0.539409 0.537977 0.537904 0.535964 0.456129 0.368359 0.535844 0.539409 0.539265 0.539159 0.539336  0.52621 0.411813 0.537856 0.537977 0.539265  0.53776 0.537915 0.456027  0.36828 0.537767 0.537904 0.539159  0.53776   0.5362  0.45597 0.368248 0.537921 0.535964 0.539336 0.537915   0.5362 0.456079 0.368321 0.438911 0.456129  0.52621 0.456027  0.45597 0.456079 0.367519 0.364715 0.368359 0.411813  0.36828 0.368248 0.368321 0.367519
1.17731e-06 6.65385e-07 1.68827e-06 2.12638e-06 1.49371e-06   0.0240472    0.037716 1.17731e-06 1.77362e-05 1.52988e-06 1.97875e-06 5.08435e-07   0.0240226    0.037713 1.75521e-05 1.77362e-05 1.82595e-05 1.87005e-05 1.80602e-05  0.00144152   0.0406875 1.68827e-06 1.52988e-06 1.82595e-05 2.47995e-06 1.84671e-06   0.0240227   0.0377131 2.12638e-06 1.97875e-06 1.87005e-05 2.47995e-06 1.92344e-06   0.0240229   0.0377134 1.49371e-06  8.2446e-07 1.80602e-05 1.84671e-06  8.3844e-07   0.0240227   0.0377131   0.0240472   0.0240226   0.0348273   0.0240227   0.0240229   0.0240227   0.0401334    0.037716    0.037713   0.0406875   0.0377131   0.0377134   0.0377131    0.037713
