8	12	12	1
 8  0  1  0 12  0  0  0  2  0  0  0
 0  0  1  0  0  5  0  0  2  0 11  0
 0  0  1  4  0  0  0  0  0 10  0  3
 0  7  1  0  0  0  0  0  0  0  0  3
 8  0  0  0  0  0  0  0  2  0  0  0
 0  0  0  0  0  5  0  6  2  0  0  0
 0  0  0  4  0  0  9  0  0  0  0  3
 0  7  0  0  0  0  0  6  0  0  0  3
0.6	1	0.5	0.1	1	0.5	0.5	0.9	0.7	0.2	0.1	0.9	
0.256	0.64	0.156	0.183	0.55	0.793	0.144	0.473	
------target--------
8
------result--------
4	
------details--------
 0.50101  0.50188 0.501952 0.629981 0.501359 0.497354  0.50187  0.68935
 0.50359 0.504206 0.504267 0.231503 0.503786 0.507006 0.504201 0.415933
3.17227e-06 6.13469e-07 3.09954e-07   0.0720272 2.33739e-06 4.65385e-05 6.56105e-07   0.0328728
------result2--------
4	6	
------details2--------
0.500866  0.50094 0.629207  0.50101 0.496329 0.500857 0.689091 0.500866 0.501811 0.629941 0.501216 0.497212 0.501729 0.689466  0.50094 0.501811 0.629952 0.501289 0.497284 0.501801 0.689383 0.629207 0.629941 0.629952 0.629488  0.68935 0.629878        0        0 0.501216 0.501289 0.629488 0.496683 0.501207 0.689209 0.496329 0.497212 0.497284  0.68935 0.496683 0.497201        0 0.500857 0.501729 0.501801 0.629878 0.501207 0.497201 0.689336 0.689091 0.689466 0.689383        0 0.689209  0.68935 0.689336
0.503216 0.503274 0.231331        0 0.505977   0.5032 0.415298 0.503451 0.504135 0.231474 0.503648  0.50686 0.504064 0.415845 0.503522 0.504141 0.231491 0.503718 0.506935 0.504133 0.415891 0.631179 0.630602 0.630945 0.631293  0.57863  0.63148 0.629981 0.501359 0.503559 0.503618 0.231392 0.506332 0.503546 0.415519 0.498931 0.499528 0.499601 0.197562 0.499129 0.499547 0.497354  0.50344 0.504059  0.50412 0.231479 0.503637 0.506853  0.41584 0.689746 0.687583 0.688284  0.68935 0.689722        0 0.689554
0.503451 0.503522 0.631179  0.50314 0.498931  0.50344 0.689746 0.503216 0.504141 0.630602 0.503559 0.499528 0.504059 0.687583 0.503274 0.504135 0.630945 0.503618 0.499601  0.50412 0.688284 0.231331 0.231474 0.231491 0.231392 0.197562 0.231479        0        0 0.503648 0.503718 0.631293 0.499129 0.503637 0.689722 0.505977  0.50686 0.506935  0.57863 0.506332 0.506853        0   0.5032 0.504064 0.504133  0.63148 0.503546 0.499547 0.689554 0.415298 0.415845 0.415891  0.57863 0.415519 0.197562  0.41584
0.505789  0.50585 0.231772 0.503786 0.508618 0.505784 0.416926 0.505789 0.506469 0.231964 0.505985 0.509322   0.5064 0.417315  0.50585 0.506469 0.231909 0.506045 0.509359 0.506459 0.417324 0.231772 0.231964 0.231909 0.231801 0.288786 0.231862 0.231503 0.503786 0.505985 0.506045 0.231801 0.508821 0.505979 0.417045 0.508618 0.509322 0.509359 0.288786 0.508821 0.509252 0.507006 0.505784   0.5064 0.506459 0.231862 0.505979 0.509252 0.417292 0.416926 0.417315 0.417324 0.231503 0.417045 0.507006 0.417292
3.79634e-06 3.48685e-06   0.0720286 3.24151e-06 4.98123e-05  3.8354e-06   0.0328737 3.79634e-06 9.25846e-07   0.0720273 2.95903e-06  4.7185e-05  1.2722e-06   0.0328731 3.48685e-06 9.25846e-07   0.0720273 2.65091e-06 4.68632e-05 9.67186e-07   0.0328729   0.0720286   0.0720273   0.0720273   0.0720282   0.0782161   0.0720275   0.0720272 2.33739e-06 2.95903e-06 2.65091e-06   0.0720282  4.8953e-05 2.99886e-06   0.0328735 4.98123e-05  4.7185e-05 4.68632e-05   0.0782161  4.8953e-05  4.7218e-05 4.65385e-05  3.8354e-06  1.2722e-06 9.67186e-07   0.0720275 2.99886e-06  4.7218e-05    0.032873   0.0328737   0.0328731   0.0328729   0.0764928   0.0328735   0.0627414    0.032873
