8	12	12	1
 0  2  1  0  9  0  0  7  0  0  0 12
 0  0  1  0  9  0  0  0 11  0  4  0
 0  2  1  5  0  0  6  0  0  0  0  0
 0  0  1  0  0  0  6  0  0  0  4  0
10  2  1  0  0  3  0  7  0  0  0  0
 0  0  1  0  0  3  0  0  0  8  4  0
 0  2  1  5  0  3  0  0  0  0  0  0
 0  0  1  0  0  3  0  0  0  8  4  0
0.5	0.5	0.3	0.7	0.5	0.8	0.7	1	0.2	0.3	0.3	1	
0.926	0.103	0.465	0.091	0.017	0.816	0.244	0.673	
------target--------
3
------result--------
4	
------details--------
  0.5069 0.508342 0.666169 0.651083 0.508369 0.507559 0.507317 0.507559
0.509678 0.510642 0.264149 0.114275 0.510669   0.5099 0.514409   0.5099
3.84144e-06 2.04896e-07   0.0795027    0.123697 8.19579e-08 2.50591e-06 1.28947e-05 2.50591e-06
------result2--------
4	7	
------details2--------
0.506853 0.665575  0.65027 0.506882 0.506058 0.505822 0.506058 0.506853 0.666192 0.651091 0.508324 0.507512 0.507271 0.507512 0.665575 0.666192        0 0.666168 0.666469 0.666169 0.666469  0.65027 0.651091        0 0.651078 0.651144 0.666169 0.651144 0.506882 0.508324 0.666168 0.651078 0.507541 0.507299 0.507541 0.506058 0.507512 0.666469 0.651144 0.507541 0.506485        0 0.505822 0.507271        0 0.666169 0.507299 0.506485 0.506485 0.506058 0.507512 0.666469 0.651144 0.507541        0 0.506485
0.509175 0.263621 0.114114 0.509194 0.508421 0.512913 0.508421 0.509633 0.264134  0.11427 0.510625 0.509856 0.514362 0.509856 0.666682  0.66507 0.666169 0.666291 0.665628        0 0.665628 0.651785 0.650672 0.651083 0.651679  0.65097 0.578713  0.65097  0.50966 0.510624 0.264143 0.114273 0.509882 0.514391 0.509882 0.508852 0.509841 0.263866 0.114192 0.509855  0.51356 0.507559 0.508611 0.509577 0.507317 0.107816 0.509607 0.508833 0.508833 0.508852 0.509841 0.263866 0.114192 0.509855 0.507559  0.51356
0.509633 0.666682 0.651785  0.50966 0.508852 0.508611 0.508852 0.509175  0.66507 0.650672 0.510624 0.509841 0.509577 0.509841 0.263621 0.264134 0.578713 0.264143 0.263866 0.107816 0.263866 0.114114  0.11427        0 0.114273 0.114192 0.107816 0.114192 0.509194 0.510625 0.666291 0.651679 0.509855 0.509607 0.509855 0.508421 0.509856 0.665628  0.65097 0.509882 0.508833        0 0.512913 0.514362        0 0.578713 0.514391  0.51356  0.51356 0.508421 0.509856 0.665628  0.65097 0.509882        0 0.508833
0.511945 0.264613 0.114417 0.511973 0.511203 0.515725 0.511203 0.511945 0.264946 0.114516 0.512935 0.512173 0.516768 0.512173 0.264613 0.264946 0.114275 0.264926 0.264675 0.514409 0.264675 0.114417 0.114516 0.114275 0.114497  0.11443 0.178612  0.11443 0.511973 0.512935 0.264926 0.114497 0.512199 0.516745 0.512199 0.511203 0.512173 0.264675  0.11443 0.512199 0.515989   0.5099 0.515725 0.516768 0.514409 0.178612 0.516745 0.515989 0.515989 0.511203 0.512173 0.264675  0.11443 0.512199   0.5099 0.515989
4.04922e-06   0.0795034    0.123698 3.92426e-06 6.38062e-06 1.67746e-05 6.38062e-06 4.04922e-06   0.0795028    0.123697 2.86947e-07 2.71519e-06 1.31033e-05 2.71519e-06   0.0795034   0.0795028    0.125423   0.0795028   0.0795031    0.118964   0.0795031    0.123698    0.123697    0.123697    0.123697    0.123697    0.125907    0.123697 3.92426e-06 2.86947e-07   0.0795028    0.123697 2.58892e-06 1.29778e-05 2.58892e-06 6.38062e-06 2.71519e-06   0.0795031    0.123697 2.58892e-06 1.54431e-05 2.50591e-06 1.67746e-05 1.31033e-05 1.28947e-05    0.125907 1.29778e-05 1.54431e-05 1.54431e-05 6.38062e-06 2.71519e-06   0.0795031    0.123697 2.58892e-06 2.50591e-06 1.54431e-05
