8	12	12	1
 5  0  0  0  0  0  2  0  3  0  1 12
 0  0  0  0 10  4  0  0  3  0  1  0
 0  6  0  8  0  0  2  0  3  0  1  0
 0  6  0  0 10  4  0  0  3  0  1  0
 5  0  0  0  0  0  2  7  0  0  1  0
 0  0 11  0  0  4  0  0  0  0  1  0
 0  0  0  8  0  0  2  7  0  9  1  0
 0  0  0  0  0  4  0  0  0  9  1  0
0.1	0.7	0.6	0.5	0.1	0.3	0.3	0.3	0.4	0.5	0.1	0.9	
0.754	0.738	0.013	0.619	0.505	0.199	0.595	0.438	
------target--------
7
------result--------
8	
------details--------
0.421201   0.4221 0.422371   0.4221 0.421781 0.422154 0.535875 0.527147
0.423974 0.424564 0.427402 0.424564  0.42612 0.424629 0.294253  0.23913
3.87183e-06 1.34628e-06 3.35674e-07 1.34628e-06 4.74261e-06 1.14259e-06   0.0302408   0.0408784
------result2--------
8	5	
------details2--------
0.420891 0.421168 0.420891 0.420572 0.420947 0.535151 0.526301 0.420891 0.422067        0 0.421473 0.421848 0.536071 0.527244 0.421168 0.422067 0.422067 0.421746 0.422121        0 0.527568 0.420891        0 0.422067 0.421473 0.421848 0.536071 0.527244 0.420572 0.421473 0.421746 0.421473 0.421529        0 0.535389 0.420947 0.421848 0.422121 0.421848 0.421529 0.535767 0.527006 0.535151 0.536071 0.535875 0.536071 0.535875 0.535767        0 0.526301 0.527244 0.527568 0.527244 0.535389 0.527006        0
0.423378 0.426196 0.423378 0.424919 0.423432 0.293729 0.238719 0.423673 0.427093   0.4221 0.425815  0.42433 0.294182 0.239017 0.423942 0.424532 0.424532 0.426098 0.424596 0.422371 0.238803 0.423673   0.4221 0.427093 0.425815  0.42433 0.294182 0.239017 0.423354 0.423952 0.427034 0.423952 0.424013 0.421781 0.233142 0.423724 0.424319 0.427151 0.424319 0.425871 0.294156 0.239051 0.536809 0.534515        0 0.534515        0 0.536822 0.535875 0.528244 0.526469  0.47146 0.526469 0.483892  0.52839 0.527147
0.423673 0.423942 0.423673 0.423354 0.423724 0.536809 0.528244 0.423378 0.424532        0 0.423952 0.424319 0.534515 0.526469 0.426196 0.427093 0.427093 0.427034 0.427151        0  0.47146 0.423378        0 0.424532 0.423952 0.424319 0.534515 0.526469 0.424919 0.425815 0.426098 0.425815 0.425871        0 0.483892 0.423432  0.42433 0.424596  0.42433 0.424013 0.536822  0.52839 0.293729 0.294182 0.292378 0.294182 0.236161 0.294156 0.483459 0.238719 0.239017 0.238803 0.239017 0.233142 0.239051        0
 0.42615 0.429002  0.42615 0.427716 0.426214 0.294946 0.239671  0.42615 0.429672 0.424564 0.428389 0.426808 0.294772 0.239951 0.429002 0.429672 0.429672 0.429748 0.429667 0.427402 0.306867  0.42615 0.424564 0.429672 0.428389 0.426808 0.294772 0.239951 0.427716 0.428389 0.429748 0.428389  0.42838  0.42612 0.285269 0.426214 0.426808 0.429667 0.426808  0.42838 0.295129 0.239839 0.294946 0.294772 0.427402 0.294772  0.42612 0.295129  0.23913 0.239671 0.239951 0.306867 0.239951 0.285269 0.239839  0.23913
5.23839e-06 4.20901e-06 5.23839e-06 8.64592e-06   5.025e-06   0.0302419   0.0408798 5.23839e-06 1.68311e-06 1.34628e-06 6.11958e-06 2.49662e-06   0.0302411   0.0408786 4.20901e-06 1.68311e-06 1.68311e-06 5.08712e-06  1.4788e-06 3.35674e-07   0.0409291 5.23839e-06 1.34628e-06 1.68311e-06 6.11958e-06 2.49662e-06   0.0302411   0.0408786 8.64592e-06 6.11958e-06 5.08712e-06 6.11958e-06 5.89679e-06 4.74261e-06   0.0415993   5.025e-06 2.49662e-06  1.4788e-06 2.49662e-06 5.89679e-06    0.030241   0.0408787   0.0302419   0.0302411   0.0305044   0.0302411   0.0386191    0.030241   0.0413643   0.0408798   0.0408786   0.0409291   0.0408786   0.0415993   0.0408787   0.0408784
