8	12	12	1
 2  1 11  6  0  0  0  0  0  0  0  5
 2  1  0  0  0  0  4  0  0  9  0  0
 0  1 11  0  0  0  0  0  0  0 10  5
 0  1  0  0  0  0  4  0  8  0  0  0
 2  1  0  6  0  3  0  7  0  0  0  5
 2  1  0  0  0  3  4  7  0  9  0  0
 0  1  0  0 12  3  0  0  0  0 10  5
 0  1  0  0  0  3  4  0  8  0  0  0
0.6	0.8	0.9	1	0.7	0.5	1	0.1	0.7	0.4	0.7	0.9	
0.409	0.714	0.704	0.631	0.209	0.454	0.356	0.301	
------target--------
6
------result--------
2	
------details--------
0.516478 0.602688 0.516478 0.516951 0.518036 0.603155 0.517605 0.516951
0.519226 0.367993 0.519226 0.519463  0.51964   0.3758 0.519976 0.519463
3.68685e-06   0.0256452 3.68685e-06 3.12219e-06 1.02519e-07   0.0244279 1.77042e-06 3.12219e-06
------result2--------
2	5	
------details2--------
0.601735        0 0.515346 0.516445 0.602214 0.516009 0.515346 0.601735 0.601735 0.602137 0.603155        0 0.602444 0.602137        0 0.601735 0.515346 0.516445 0.602214 0.516009 0.515346 0.515346 0.602137 0.515346 0.516917 0.602615 0.516482        0 0.516445 0.603155 0.516445 0.516917        0 0.517572 0.516917 0.602214        0 0.602214 0.602615 0.603155 0.602915 0.602615 0.516009 0.602444 0.516009 0.516482 0.517572 0.602915 0.516482 0.515346 0.602137 0.515346        0 0.516917 0.602615 0.516482
0.367204 0.516478 0.517876 0.518079 0.375029 0.518393 0.517876 0.603377 0.603377  0.60337 0.581377 0.602688 0.603686  0.60337 0.516478 0.367204 0.517876 0.518079 0.375029 0.518393 0.517876  0.51811 0.367463  0.51811 0.518548 0.375292 0.518865 0.516951 0.519194 0.367552 0.519194 0.519431 0.518036 0.519944 0.519431 0.603833 0.603155 0.603833 0.603822        0 0.604133 0.603822 0.518764 0.367773 0.518764 0.519002 0.519187 0.375587 0.519002  0.51811 0.367463  0.51811 0.516951 0.518548 0.375292 0.518865
0.603377        0  0.51811 0.519194 0.603833 0.518764  0.51811 0.367204 0.367204 0.367463 0.367552        0 0.367773 0.367463        0 0.603377  0.51811 0.519194 0.603833 0.518764  0.51811 0.517876  0.60337 0.517876 0.519431 0.603822 0.519002        0 0.518079 0.581377 0.518079 0.518548        0 0.519187 0.518548 0.375029 0.581377 0.375029 0.375292 0.367552 0.375587 0.375292 0.518393 0.603686 0.518393 0.518865 0.519944 0.604133 0.518865 0.517876  0.60337 0.517876        0 0.519431 0.603822 0.519002
0.368576 0.519226 0.520631  0.52081  0.37637 0.521145 0.520631 0.368576 0.368576 0.368665 0.391609 0.367993 0.368912 0.368665 0.519226 0.368576 0.520631  0.52081  0.37637 0.521145 0.520631 0.520631 0.368665 0.520631 0.521049 0.376444 0.521383 0.519463  0.52081 0.391609  0.52081 0.521049  0.51964 0.521561 0.521049  0.37637 0.367993  0.37637 0.376444  0.51964 0.376689 0.376444 0.521145 0.368912 0.521145 0.521383 0.521561 0.376689 0.521383 0.520631 0.368665 0.520631 0.519463 0.521049 0.376444 0.521383
  0.0256464 3.68685e-06 6.84067e-06  3.7919e-06   0.0244291 5.47472e-06 6.84067e-06   0.0256464   0.0256464    0.025646   0.0256664   0.0256452   0.0256457    0.025646 3.68685e-06   0.0256464 6.84067e-06  3.7919e-06   0.0244291 5.47472e-06 6.84067e-06 6.84067e-06    0.025646 6.84067e-06 3.22731e-06   0.0244286  4.9094e-06 3.12219e-06  3.7919e-06   0.0256664  3.7919e-06 3.22731e-06 1.02519e-07 1.87431e-06 3.22731e-06   0.0244291   0.0256584   0.0244291   0.0244286   0.0253435   0.0244284   0.0244286 5.47472e-06   0.0256457 5.47472e-06  4.9094e-06 1.87431e-06   0.0244284  4.9094e-06 6.84067e-06    0.025646 6.84067e-06 3.12219e-06 3.22731e-06   0.0244286  4.9094e-06
