8	12	12	1
 0  1  0  0  0  0  2  0  0  0 10  0
 0  1  0  0  0  5  0  7  0  3  0  0
 0  1  0  0  0  0  2  0  8  0 10  0
 6  1  0  0  0  0  0  7  0  3  0  0
 0  1  9  4  0  0  2  0  0  0  0  0
 0  1  0  4  0  5  0  0  0  3  0  0
 0  1  9  0 11  0  2  0  8  0  0  0
 6  1  0  0  0  0  0  0  0  3  0 12
0.8	0.6	0.9	0.7	0.4	0.6	0.7	0.3	0.2	0.8	0.8	0.6	
0.21	0.224	0.753	0.167	0.166	0.318	0.444	0.348	
------target--------
2
------result--------
4	
------details--------
0.719652 0.765667 0.719652 0.760398  0.72034 0.720341   0.7201 0.720264
0.721455 0.588436 0.721455 0.357251 0.721972 0.721566 0.721809 0.721887
2.01803e-06   0.0141267 2.01803e-06   0.0318129 7.27746e-07 5.17604e-07 1.39776e-06 9.38192e-07
------result2--------
4	6	
------details2--------
0.765229        0 0.759868 0.719445 0.719445 0.719201 0.719367 0.765229 0.765229        0  0.76554 0.765667 0.765497 0.765553        0 0.765229 0.759868 0.719445 0.719445 0.719201 0.719367 0.759868        0 0.759868 0.760255 0.765667 0.760174 0.760251 0.719445  0.76554 0.719445 0.760255 0.720135        0 0.720058 0.719445        0 0.719445 0.765667 0.720135 0.719894 0.720058 0.719201 0.765497 0.719201 0.760174   0.7201 0.719894 0.719816 0.719367 0.765553 0.719367 0.760251 0.720058 0.720058 0.719816
 0.58763 0.719652 0.357123 0.721085 0.720682 0.720923 0.721002  0.76611  0.76611 0.765667 0.766543        0 0.766145 0.766206 0.719652  0.58763 0.357123 0.721085 0.720682 0.720923 0.721002 0.760937 0.760398 0.760937 0.761393  0.73518 0.761032 0.761097 0.721251 0.588267 0.721251 0.357215 0.721363  0.72034 0.721684 0.721252 0.720341 0.721252 0.336627  0.72177 0.721607 0.721685 0.721013 0.588002 0.721013 0.357197        0 0.721127 0.721447 0.721175  0.58817 0.721175 0.357219 0.721693 0.721288 0.721531
 0.76611        0 0.760937 0.721251 0.721252 0.721013 0.721175  0.58763  0.58763  0.73518 0.588267 0.336627 0.588002  0.58817        0  0.76611 0.760937 0.721251 0.721252 0.721013 0.721175 0.357123        0 0.357123 0.357215 0.336627 0.357197 0.357219 0.721085 0.766543 0.721085 0.761393  0.72177        0 0.721693 0.720682        0 0.720682  0.73518 0.721363 0.721127 0.721288 0.720923 0.766145 0.720923 0.761032 0.721658 0.721607 0.721531 0.721002 0.766206 0.721002 0.761097 0.721684 0.721685 0.721447
0.589273 0.721455 0.357384 0.722889 0.722482 0.722727 0.722804 0.589273 0.589273 0.357251 0.589632 0.721566 0.589693 0.589728 0.721455 0.589273 0.357384 0.722889 0.722482 0.722727 0.722804 0.357384 0.357251 0.357384 0.357505 0.525326 0.357408 0.357406 0.722889 0.589632 0.722889 0.357505 0.722997 0.721972  0.72332 0.722482 0.721566 0.722482 0.525326 0.722997 0.722835 0.722912 0.722727 0.589693 0.722727 0.357408 0.721972 0.722835 0.723159 0.722804 0.589728 0.722804 0.357406  0.72332 0.722912 0.723159
  0.0141275 2.01803e-06   0.0318137 2.75152e-06 2.54252e-06  3.4304e-06 2.96591e-06   0.0141275   0.0141275   0.0321357   0.0141271    0.031845   0.0141272    0.014127 2.01803e-06   0.0141275   0.0318137 2.75152e-06 2.54252e-06  3.4304e-06 2.96591e-06   0.0318137   0.0318129   0.0318137   0.0318133   0.0328518   0.0318133   0.0318132 2.75152e-06   0.0141271 2.75152e-06   0.0318133 1.24743e-06 7.27746e-07 1.66885e-06 2.54252e-06 5.17604e-07 2.54252e-06   0.0328518 1.24743e-06 1.92075e-06 1.45937e-06  3.4304e-06   0.0141272  3.4304e-06   0.0318133 1.41378e-06 1.92075e-06 2.34357e-06 2.96591e-06    0.014127 2.96591e-06   0.0318132 1.66885e-06 1.45937e-06 2.34357e-06
