8	12	12	1
 0  0  2  0  0  0  0  0  0  0  0  1
 0  0  2  0  3  0  0  0  0  8  0  1
 4  0  2  0  0 10  0  6  0  0  0  1
 4  0  2  0  3  0  0  6  0  0  0  1
 0  0  0 12  0  0  0  0  7  0  9  1
 0 11  0  0  3  0  5  0  0  8  9  1
 4  0  0  0  0 10  0  0  7  0  0  1
 4  0  0  0  3  0  5  0  0  0  0  1
0.5	0.7	0.4	0.4	1	0.9	0.7	0.6	0.6	0.1	0.9	0.1	
0.02	0.4	0.591	0.666	0.104	0.368	0.702	0.921	
------target--------
3
------result--------
7	
------details--------
0.424506 0.424412  0.60282 0.422113 0.424459 0.422867 0.566775 0.423287
0.429484 0.427373 0.365017 0.429528 0.426899 0.425807 0.327219 0.426006
4.70893e-07  8.1229e-07   0.0215628 2.48301e-05 4.50985e-07 4.32721e-06   0.0283949   3.763e-06
------result2--------
4	7	
------details2--------
       0        0        0 0.424412 0.422817 0.567396  0.42324 0.424412 0.602887 0.422018 0.424318        0 0.567389 0.423142  0.60282 0.602887  0.60282 0.602806 0.602197        0 0.602174 0.422113 0.422018        0 0.422018 0.420411  0.60282 0.420838 0.424412 0.424318 0.602806 0.422018 0.422771 0.566717 0.423192 0.422817 0.422817 0.602197 0.420411 0.422771  0.56549 0.422867 0.567396 0.567389        0  0.60282 0.566717  0.56549 0.565723  0.42324 0.423142 0.602174 0.420838 0.423192        0 0.565723
0.424506 0.424506 0.424506 0.426852 0.425761 0.326964 0.425959        0 0.364144 0.429432 0.426761 0.424412 0.326912 0.425867        0 0.601192        0 0.603157 0.603273  0.60282 0.603547        0 0.424467 0.422113 0.424468 0.423369  0.31455 0.423567  0.42939 0.427282 0.364959 0.429432 0.425713  0.32717 0.425912 0.427858 0.427858 0.363969 0.427806 0.425232 0.326331        0 0.510287 0.555006 0.566775  0.50891 0.568202 0.567719 0.567971 0.428202 0.426135 0.364202 0.428238 0.425646 0.423287 0.326546
       0        0        0  0.42939 0.427858 0.510287 0.428202 0.426855 0.601192 0.424467 0.427282 0.427858 0.555006 0.426135   0.3642 0.364144  0.31455 0.364959 0.363969  0.50891 0.364202 0.429529 0.429432        0 0.429432 0.427806  0.50891 0.428238 0.426852 0.426761 0.603157 0.424468 0.425232 0.568202 0.425646 0.425761 0.425682 0.603273 0.423369 0.425713 0.567719 0.424949 0.326964 0.326912        0  0.31455  0.32717 0.326331 0.326546 0.425959 0.425867 0.603547 0.423567 0.425912        0 0.567971
0.429484 0.429484 0.429484 0.431901 0.430788 0.357489 0.430981 0.429484 0.381541 0.430911 0.429754 0.427327 0.333557 0.428857 0.429484 0.381541 0.429528 0.366461 0.365802 0.327219 0.365958 0.429484 0.430911 0.429528  0.43196 0.430829 0.358005 0.431027 0.431901 0.429754 0.366461  0.43196 0.428169 0.328441 0.428366 0.430788 0.427327 0.365802 0.430829 0.428169 0.327884 0.426006 0.357489 0.333557 0.327219 0.358005 0.328441 0.327884 0.327996 0.430981 0.428857 0.365958 0.431027 0.428366 0.426006 0.327996
4.70893e-07 4.70893e-07 4.70893e-07 9.22257e-07 4.80853e-06   0.0284339 4.23603e-06 9.18657e-07   0.0215861 2.52278e-05 1.26515e-06 8.14486e-07   0.0284035 4.59203e-06   0.0216462   0.0215861   0.0268158    0.021563   0.0215643   0.0301169   0.0215643 2.48302e-05 2.52278e-05 2.48301e-05 2.52945e-05 2.92734e-05   0.0306382 2.86777e-05 9.22257e-07 1.26515e-06    0.021563 2.52945e-05 4.78513e-06    0.028395 4.21929e-06 4.80853e-06 4.76378e-06   0.0215643 2.92734e-05 4.78513e-06   0.0283967 4.52731e-06   0.0284339   0.0284035   0.0283949   0.0306382    0.028395   0.0283967   0.0283966 4.23603e-06 4.59203e-06   0.0215643 2.86777e-05 4.21929e-06   3.763e-06   0.0283966
