8	12	12	1
 0  0  0  3  4  0  0  0  8  0  0  0
 0  0  9  0  0  0  0  0  8  0  0  2
 0  0  0  0  4  5  0  0  0  0  0  0
 0  0  0  0  0  5  6  0  0  0  0  2
 1  0  0  3  0  0  0  7  0  0  0  0
 1  0  9  0  0  0  0  7  0 10  0  2
 1  0  0  0  0  0  0  0  0  0 11  0
 1 12  0  0  0  0  6  0  0  0  0  2
0.4	0.4	0.9	0.3	0.6	0.5	0.2	0.3	0.8	0.7	0.6	0.1	
0.469	0.904	0.681	0.455	0.886	0.639	0.114	0.223	
------target--------
4
------result--------
8	
------details--------
0.518508 0.517221 0.518776 0.563488 0.518732 0.517501 0.519127 0.551327
0.520929 0.520262 0.520431 0.437034 0.520989  0.52005 0.521423 0.312641
2.51808e-06 4.09091e-06 1.13836e-06  0.00729459 1.83175e-06 2.78017e-06 5.84708e-07   0.0134928
------result2--------
4	3	
------details2--------
       0 0.518017 0.562941 0.517979 0.516207 0.518372 0.550685 0.517221 0.516722 0.562057 0.516662        0 0.517083 0.549621 0.518017 0.516722        0  0.51824 0.517001  0.51864   0.5612 0.562941 0.562057 0.563488 0.563358 0.562678 0.563409        0 0.517979 0.516662  0.51824 0.563358        0 0.518596 0.551047 0.516207 0.516207 0.517001 0.562678 0.517501 0.517363 0.550137 0.518372 0.517083  0.51864 0.563409 0.518596 0.517363 0.551224 0.550685 0.549621   0.5612   0.5612 0.551047 0.550137 0.551224
0.518508 0.519682 0.436355 0.520232 0.519339 0.520674 0.312268        0 0.518402 0.435162 0.518966 0.517221 0.519394 0.311588 0.520445 0.519776 0.518776  0.52051 0.519564 0.520943 0.279958  0.56469 0.564183        0 0.563905 0.563847 0.564748 0.563488 0.520398 0.519732 0.519909 0.436391 0.518732 0.520901 0.312184 0.519369 0.519369 0.518682 0.435148        0 0.519672 0.311426 0.520795 0.520128 0.520297 0.436903 0.520856 0.519915 0.312566 0.552744 0.552161 0.529058 0.529058 0.552238 0.551858  0.55297
       0 0.520445  0.56469 0.520398 0.519369 0.520795 0.552744 0.519685 0.519776 0.564183 0.519732 0.519369 0.520128 0.552161 0.519682 0.518402        0 0.519909 0.518682 0.520297 0.529058 0.436355 0.435162        0 0.436391 0.435148 0.436903 0.529058 0.520232 0.518966  0.52051 0.563905        0 0.520856 0.552238 0.519339 0.518486 0.519564 0.563847 0.519567 0.519915 0.551858 0.520674 0.519394 0.520943 0.564748 0.520901 0.519672  0.55297 0.312268 0.311588 0.279958 0.590657 0.312184 0.311426 0.312566
0.520929 0.522106 0.438552 0.522665 0.521996 0.523101 0.313476 0.520929  0.52144 0.437966 0.522031  0.52047 0.522435 0.313167 0.522106  0.52144 0.520431 0.522165 0.521227 0.522597 0.437909 0.438552 0.437966 0.520431 0.439177 0.437894 0.439158 0.145186 0.522665 0.522031 0.522165 0.439177 0.520989 0.523164 0.314175 0.521996  0.52047 0.521227 0.437894 0.520989 0.522222 0.313198 0.523101 0.522435 0.522597 0.439158 0.523164 0.522222 0.313852 0.313476 0.313167 0.437909 0.145186 0.314175 0.313198 0.313852
2.51808e-06 3.66792e-06  0.00729619 4.35172e-06 6.19167e-06 3.10666e-06   0.0134945 4.60828e-06 5.24867e-06  0.00729714 5.99517e-06 4.34015e-06 4.68214e-06   0.0134955 3.66792e-06 5.24867e-06 1.13836e-06 2.98531e-06 3.93696e-06 1.72648e-06   0.0151052  0.00729619  0.00729714   0.0436063  0.00729564  0.00729612  0.00729492    0.028345 4.35172e-06 5.99517e-06 2.98531e-06  0.00729564 1.83175e-06 2.42137e-06   0.0134935 6.19167e-06 5.18465e-06 3.93696e-06  0.00729612 3.40779e-06 3.37092e-06   0.0134941 3.10666e-06 4.68214e-06 1.72648e-06  0.00729492 2.42137e-06 3.37092e-06   0.0134931   0.0134945   0.0134955   0.0151052   0.0284276   0.0134935   0.0134941   0.0134931
