8	12	12	1
 0  8  0  0  0  2  0  0  0  0  0  4
 0  8  0  5  0  2  0  0  0  6  0  0
 0  0  0  0  0  0  3 12  0  0  7  4
 0  0  0  5 11  0  3  0  0  0  0  0
 0  0  1  0  0  2  0  0  0  0  0  4
 0  0  1  0  0  2  0  0  0  6  0  0
 0  0  1  0  0  0  3  0  9  0  7  4
10  0  1  0  0  0  3  0  0  0  0  0
0.9	0.8	0.9	0.7	1	0.4	0.5	0.6	0.3	0.8	0.8	0.2	
0.472	0.535	0.028	0.047	0.845	0.636	0.663	0.604	
------target--------
2
------result--------
1	
------details--------
0.585789 0.629279 0.459648 0.460668 0.459673 0.457587 0.459354  0.45979
0.348306 0.378816 0.465935 0.463077 0.466228 0.465923 0.464032 0.462443
  0.0285373   0.0279369 1.15059e-05 3.92442e-07 1.18826e-05 3.29298e-05 9.22541e-06 3.27174e-06
------result2--------
2	6	
------details2--------
       0 0.585785 0.585717 0.585789 0.628588 0.585806    0.585        0   0.6286 0.629234 0.628588 0.629279 0.628888 0.628816 0.585785   0.6286 0.459563 0.459648 0.456358 0.459329 0.458677 0.585717 0.629234 0.459563 0.459588 0.457502 0.459269 0.459706        0 0.628588        0 0.459588 0.456384        0 0.458703 0.628588        0 0.456358 0.457502 0.456384 0.456058 0.456617 0.585806 0.628888 0.459329 0.459269 0.459354 0.456058 0.458379    0.585 0.628816 0.458677 0.459706 0.458703 0.456617 0.458379
0.585789 0.586097 0.587757        0 0.529807 0.585697 0.587163 0.629279 0.632162 0.630528 0.632435        0 0.630138 0.630084 0.294638 0.379714 0.461986        0  0.46501 0.461313 0.461348 0.348271 0.378761 0.465851 0.466145 0.465838 0.463948 0.462359 0.459673  0.37975 0.459673 0.462011 0.465035 0.459673 0.461373 0.327241 0.457587 0.463325 0.459923 0.463663 0.461149 0.459284 0.293919 0.379327 0.461188 0.461694        0 0.464709 0.461055 0.347926 0.378177 0.464974  0.46212 0.465267 0.464948 0.463072
0.632435 0.294638 0.348271 0.294705 0.327241 0.293919 0.347926 0.529807 0.379714 0.378761  0.37975  0.26605 0.379327 0.378177 0.586097 0.632162 0.465851 0.461543 0.463325 0.461188 0.464974 0.587757 0.630528 0.461986 0.462011 0.459923 0.461694  0.46212        0 0.632435        0 0.466145 0.463663        0 0.465267 0.529807        0  0.46501 0.465838 0.465035 0.464709 0.464948 0.585697 0.630138 0.461313 0.463948  0.46134 0.461149 0.463072 0.587163 0.630084 0.461348 0.462359 0.461373 0.459284 0.461055
0.312589 0.461522 0.349288 0.466228 0.390809  0.42247  0.34898 0.312589 0.374376 0.380372 0.373812 0.465923 0.377578 0.379948 0.461522 0.374376 0.468295 0.466228 0.470251 0.466198 0.467656 0.349288 0.380372 0.468295 0.468591 0.468296 0.466384 0.464782 0.466228 0.373812 0.466228 0.468591 0.470472 0.466228 0.467952 0.390809 0.465923 0.470251 0.468296 0.470472 0.468806 0.467654  0.42247 0.377578 0.466198 0.466384 0.466228 0.468806 0.465746  0.34898 0.379948 0.467656 0.464782 0.467952 0.467654 0.465746
  0.0396784   0.0354599   0.0285375   0.0357283   0.0319021   0.0331947   0.0285386   0.0420119    0.027944   0.0279371   0.0279451    0.042246    0.027938   0.0279382   0.0354599    0.027944 1.19039e-05 1.19611e-05 4.47494e-05 1.28276e-05 1.48283e-05   0.0285375   0.0279371 1.19039e-05 1.22806e-05 3.33306e-05 9.62402e-06 3.66681e-06 1.18826e-05   0.0279451 1.18826e-05 1.22806e-05 4.51397e-05 1.18826e-05 1.52052e-05   0.0319021 3.29298e-05 4.47494e-05 3.33306e-05 4.51397e-05 4.24037e-05 3.62747e-05   0.0331947    0.027938 1.28276e-05 9.62402e-06  1.2778e-05 4.24037e-05 1.25537e-05   0.0285386   0.0279382 1.48283e-05 3.66681e-06 1.52052e-05 3.62747e-05 1.25537e-05
