8	12	12	1
 0  8  0  0  0  0  0  1  0  3  0 12
10  8  2  0  0  0  0  1  0  0  0  0
 0  0  0  0  0  0  0  1  9  3  0  0
10  0  2  4  0  0  0  1  0  0  0  0
 0  0  0  0  5  0  0  1  0  3 11 12
 0  0  2  0  0  6  0  1  0  0 11  0
 0  0  0  0  5  0  7  1  9  3  0  0
 0  0  2  4  0  6  7  1  0  0  0  0
0.1	0.2	0.9	0.1	1	1	0.2	0.3	0.3	0.1	0.4	0.6	
0.334	0.768	0.095	0.918	0.82	0.816	0.573	0.482	
------target--------
7
------result--------
3	
------details--------
  0.43858  0.439036  0.509199  0.439036  0.437644  0.438705  0.512478  0.439201
 0.440595  0.441489 0.0787491  0.441489  0.440539  0.441118  0.214429  0.441391
1.99028e-06 1.55783e-06    0.060466 1.55783e-06 4.05669e-06 2.43223e-06   0.0353818 8.19115e-07
------result2--------
3	8	
------details2--------
 0.438205  0.508855  0.438205         0  0.437644  0.512196  0.438374  0.438205  0.509324         0  0.437257  0.438329  0.512664  0.438829  0.508855  0.509324  0.509324   0.50853  0.508954         0  0.512478  0.438205         0  0.509324  0.437257  0.438329  0.512664  0.438829         0  0.437257   0.50853  0.437257  0.437644  0.511949  0.437432  0.437644  0.438329  0.508954  0.438329         0  0.512291  0.438498  0.512196  0.512664         0  0.512664  0.511949  0.512291  0.512478  0.438374  0.438829  0.512478  0.438829  0.437432  0.438498         0
 0.440677 0.0786932  0.440677   0.43858  0.440426  0.214322  0.440577  0.440231  0.078719  0.439036  0.440175  0.440758  0.214544  0.441037  0.509693  0.508493  0.508493  0.509628  0.509795  0.509199  0.479389  0.440231  0.439036  0.078719  0.440175  0.440758  0.214544  0.441037  0.437644  0.439771 0.0786368  0.439771         0  0.214233  0.439666  0.440012  0.440808  0.078707  0.440808  0.438705  0.214363  0.440708  0.512882  0.511438  0.512478  0.511438  0.512816  0.512932         0  0.440393  0.441292 0.0764429  0.441292  0.440337  0.440918  0.439201
 0.440231  0.509693  0.440231         0  0.440012  0.512882  0.440393  0.440677  0.508493         0  0.439771  0.440808  0.511438  0.441292 0.0786932  0.078719  0.078719 0.0786368  0.078707         0 0.0764429  0.440677         0  0.508493  0.439771  0.440808  0.511438  0.441292  0.440426  0.440175  0.509628  0.440175  0.440012  0.512816  0.440337  0.440426  0.440758  0.509795  0.440758         0  0.512932  0.440918  0.214322  0.214544  0.479389  0.214544  0.214233  0.214363 0.0764429  0.440577  0.441037  0.479389  0.441037  0.439666  0.440708         0
 0.442695 0.0788314  0.442695  0.440595  0.442637  0.214588  0.442597  0.442695 0.0789272  0.441489  0.442645  0.443221  0.213745  0.443529 0.0788314 0.0789272 0.0789272 0.0788236  0.078855 0.0787491  0.115114  0.442695  0.441489 0.0789272  0.442645  0.443221  0.213745  0.443529  0.440595  0.442645 0.0788236  0.442645  0.441118   0.21456  0.442546  0.442637  0.443221  0.078855  0.443221  0.441118  0.214597  0.443122  0.214588  0.213745 0.0787491  0.213745   0.21456  0.214597  0.441391  0.442597  0.443529  0.115114  0.443529  0.442546  0.443122  0.441391
3.56856e-06   0.0604663 3.56856e-06 1.99028e-06 5.05039e-06    0.035382 2.81908e-06 3.56856e-06   0.0604661 1.55783e-06 5.65893e-06 4.01757e-06   0.0353821 2.39326e-06   0.0604663   0.0604661   0.0604661   0.0604665   0.0604662    0.060466   0.0607134 3.56856e-06 1.55783e-06   0.0604661 5.65893e-06 4.01757e-06   0.0353821 2.39326e-06 4.06442e-06 5.65893e-06   0.0604665 5.65893e-06 4.43276e-06   0.0353821  4.8967e-06 5.05039e-06 4.01757e-06   0.0604662 4.01757e-06 2.43223e-06   0.0353819 3.26429e-06    0.035382   0.0353821   0.0606298   0.0353821   0.0353821   0.0353819   0.0580315 2.81908e-06 2.39326e-06   0.0607134 2.39326e-06  4.8967e-06 3.26429e-06 8.19115e-07
