8	12	12	1
 3  0 11  0  1  0  0  0  0  9  0  0
 3  0  0  2  1  0  0  0  0  0  0  0
 0  0  0  0  1  0  6  0  0  9 10 12
 0  8  0  2  1  0  6  0  0  0  0  0
 3  0  0  0  1  0  0  0  4  0  0  0
 3  0  0  2  1  5  0  0  4  0  0  0
 0  0  0  0  1  0  0  7  4  0 10  0
 0  8  0  2  1  5  0  7  4  0  0  0
1	0.1	0.7	1	0.7	0.5	0.5	0.5	0.8	1	0.3	0.4	
0.222	0.665	0.942	0.035	0.437	0.278	0.091	0.162	
------target--------
5
------result--------
7	
------details--------
 0.521012   0.52133  0.524653  0.526479  0.715199  0.708541  0.652339  0.645833
 0.533722  0.534978  0.534883  0.621659  0.414672  0.436651 0.0723869  0.192025
8.04034e-05 9.33188e-05 4.56756e-05 0.000274895   0.0436285   0.0338957    0.128455   0.0833899
------result2--------
7	8	
------details2--------
  0.521012   0.516944   0.519097   0.713893   0.707207   0.712688   0.706939          0   0.517258   0.519415          0          0   0.713987   0.708272   0.516944   0.517258   0.523167    0.71444   0.707698   0.652205   0.644754   0.519097   0.519415   0.523167   0.715044   0.708272   0.652253          0   0.713893   0.715199    0.71444   0.715044          0          0          0   0.707207   0.708541   0.707698   0.708272   0.708541   0.707275          0   0.712688   0.713987          0   0.652253   0.713987   0.707275   0.644947   0.706939   0.708272   0.644754          0   0.708272   0.708272   0.644947
         0   0.529622   0.656796          0   0.174548  0.0532559   0.192947    0.52133   0.529972   0.657903    0.52133    0.52133  0.0530116   0.192953     0.5311   0.532551   0.620062   0.411304   0.433348          0   0.189437   0.532689   0.534062   0.533527   0.412837   0.435103   0.071558   0.526479   0.725118          0   0.716776   0.724058   0.715199   0.715199   0.715199   0.718714          0   0.710288   0.722698          0     0.7525   0.708541   0.610046   0.598469   0.652339   0.657123   0.598469     0.6133   0.732745   0.606195   0.595755   0.648093   0.645833   0.595755   0.595755   0.676436
  0.523726     0.5311   0.532689   0.725118   0.718714   0.610046   0.606195          0   0.532551   0.534062          0          0   0.598469   0.595755   0.529622   0.529972   0.533527   0.716776   0.710288   0.652648   0.648093   0.656796   0.657903   0.620062   0.724058   0.722698   0.657123          0          0          0   0.411304   0.412837          0   0.598469   0.595755   0.174548   0.174661   0.433348   0.435103   0.769522     0.6133   0.595755  0.0532559  0.0530116          0   0.071558    0.75727     0.7525   0.676436   0.192947   0.192953   0.189437   0.165402   0.763339   0.722698   0.732745
  0.534978    0.53933   0.596383   0.516935   0.519462   0.103365    0.19042   0.534978   0.540162   0.589302   0.534978   0.534978   0.118116   0.189617    0.53933   0.540162    0.62518   0.421948   0.443778   0.190623   0.197806   0.596383   0.589302    0.62518   0.544858     0.5506   0.217082   0.621659   0.516935   0.534978   0.421948   0.544858   0.414672  0.0369693  0.0645234   0.519462   0.534978   0.443778     0.5506   0.414672  0.0412379   0.178924   0.103365   0.118116   0.190623   0.217082  0.0369693  0.0412379 0.00740666    0.19042   0.189617   0.197806   0.621659  0.0645234   0.178924 0.00740666
9.41099e-05 0.000128501 0.000394178    0.120258   0.0656464    0.133842   0.0873579 9.33188e-05 0.000142002   0.0004186 9.33188e-05 9.33188e-05    0.135554   0.0884948 0.000128501 0.000142002 0.000321198    0.043661   0.0339287      0.1445   0.0834063 0.000394178   0.0004186 0.000321198   0.0439309   0.0341345    0.128586 0.000274895    0.120258    0.132828    0.043661   0.0439309   0.0436285    0.151813    0.138508   0.0656464   0.0714179   0.0339287   0.0341345   0.0439759    0.147422   0.0927721    0.133842    0.135554      0.1445    0.128586    0.151861    0.147422     0.16367   0.0873579   0.0884948   0.0834063     0.09069    0.138826   0.0927752     0.16367
