8	12	12	1
 7  2  0  0  0  0  0  0  0  1  0  0
 0  2  9  0 11  0  0  0  0  1  0  0
 0  2  0  0  0  0  4  5  0  1  0  3
 0  2  9  0  0  0  0  5  0  1  0  3
 7  0  0 10  0  0  0  0  6  1  8  0
 0  0  0  0  0 12  0  0  0  1  8  0
 0  0  0  0  0  0  4  0  6  1  0  3
 0  0  0  0  0  0  0  0  0  1  0  3
0.1	0.2	0.9	0.1	0.2	0.7	0.1	0.8	0.5	0.7	0.2	0.6	
0.171	0.46	0.656	0.867	0.387	0.234	0.331	0.954	
------target--------
7
------result--------
5	
------details--------
0.620058 0.619877 0.617737 0.617275 0.679903 0.619823 0.712751 0.618301
0.622027  0.62053 0.621147 0.620697 0.239763 0.621856 0.551023 0.621826
1.34863e-07 1.99761e-07  5.2752e-06 3.61826e-06   0.0474233 1.00524e-06   0.0137812 6.59207e-06
------result2--------
7	8	
------details2--------
0.619843 0.617703  0.61724        0  0.61979 0.712801 0.618268 0.619843 0.617111 0.617111 0.673304 0.619608 0.710277  0.61788 0.617703 0.617111        0 0.708803 0.617463  0.70926 0.617737  0.61724        0 0.617275 0.703751 0.616999 0.704183 0.617275 0.679903 0.673304 0.708803 0.703751 0.679706 0.712277 0.712277  0.61979 0.619608 0.617463 0.616999 0.679706 0.712654 0.618029 0.712801 0.710277  0.70926 0.704183        0 0.712654 0.712751 0.618268  0.61788        0        0 0.712277 0.618029        0
0.620498 0.621115 0.620664 0.620058 0.621824 0.550974 0.621794 0.621823 0.620758 0.620758 0.256388 0.621642 0.564519 0.621424 0.619704 0.618427 0.617737 0.189495 0.619517        0        0 0.619258 0.617275        0 0.196979 0.619053        0        0        0 0.693806 0.667773 0.675022 0.681196 0.651401 0.651401 0.621765 0.620263 0.620879 0.620428 0.239988 0.550795 0.621559 0.709892 0.716428 0.718741 0.717641 0.712751 0.713382        0 0.620252 0.618923 0.618301 0.618301 0.184882 0.620079 0.618301
0.621823 0.619704 0.619258        0 0.621765 0.709892 0.620252 0.620498 0.618427 0.619093 0.693806 0.620263 0.716428 0.618923 0.621115 0.620758        0 0.667773 0.620879 0.718741 0.619259 0.620664 0.620758 0.618354 0.675022 0.620428 0.717641 0.618878 0.186364 0.256388 0.189495 0.196979 0.239988 0.721291 0.184882 0.621824 0.621642 0.619517 0.619053 0.681196 0.713382 0.620079 0.550974 0.564519        0        0 0.651401 0.550795        0 0.621794 0.621424        0        0 0.651401 0.621559        0
0.622458 0.623107  0.62265 0.622027   0.6238 0.554016 0.623798 0.622458 0.622248 0.620597 0.210986 0.622299 0.514981 0.623008 0.623107 0.622248 0.621147  0.27324 0.622924 0.592352 0.621826  0.62265 0.620597 0.621147  0.25199 0.622471 0.572866 0.621826 0.622027 0.210986  0.27324  0.25199 0.238259 0.144293 0.339703   0.6238 0.622299 0.622924 0.622471 0.238259 0.552537 0.623603 0.554016 0.514981 0.592352 0.572866 0.144293 0.552537 0.621826 0.623798 0.623008 0.621826 0.621826 0.339703 0.623603 0.621826
3.35173e-07 5.41366e-06 3.75628e-06 1.34863e-07 1.14099e-06   0.0137816 6.73044e-06 3.35173e-07  6.1879e-06 3.74066e-06   0.0477869 1.20652e-06   0.0143526 7.37866e-06 5.41366e-06  6.1879e-06  5.2752e-06   0.0487666 6.29456e-06   0.0476665  7.1553e-06 3.75628e-06 3.62886e-06 5.46239e-06   0.0478583 4.63506e-06   0.0318515  7.2092e-06    0.053888   0.0477869   0.0487666   0.0478583   0.0474239   0.0640056   0.0512481 1.14099e-06 1.20652e-06 6.29456e-06 4.63506e-06   0.0474239   0.0137817  7.6115e-06   0.0137816   0.0143526   0.0476665   0.0318515   0.0640013   0.0137817   0.0712345 6.73044e-06 7.37866e-06 6.59207e-06 6.59207e-06   0.0512481  7.6115e-06 6.59207e-06
