8	12	12	1
 0  1  0  0  0  0  0  0  0  0  0  7
 0  1  3  0  0  0 12  0  0  0  0  0
 2  1  0  0  4  0  0  0  0  0  0  7
 0  1  0  0  4  0  0  0  0  0  0  0
 0  0  0  8  0  0  0  0  0  0  6  0
 0  0  3  0  0  0  0  0  0 10  0  0
 2  0  0  0  0  0  0  5  9  0  6  0
 0  0  0  0  0 11  0  5  0  0  0  0
0.4	1	0.9	0.7	0.4	0.3	0.6	0.7	0.9	0.2	0.3	0.1	
0.208	0.871	0.494	0.497	0.318	0.874	0.49	0.558	
------target--------
3
------result--------
1	
------details--------
0.509784 0.489677 0.513384 0.490505 0.490203 0.490262 0.489858 0.490278
0.174399  0.49217 0.417713 0.491164 0.492624 0.492616 0.492403 0.492631
  0.0131623 2.93477e-06  0.00333324 1.30997e-07 1.69599e-06 1.45333e-06 2.73209e-06 1.40015e-06
------result2--------
1	4	
------details2--------
0.509023        0 0.513384 0.509426 0.509601 0.509109 0.509559 0.509023 0.512687  0.48955 0.489248 0.489304 0.488901 0.489322        0 0.512687 0.513384 0.513049 0.513252 0.512743 0.513196 0.513384  0.48955        0 0.490079 0.490137 0.489734 0.490154 0.509426 0.489248 0.513049 0.490079 0.489835 0.489431 0.489851 0.509601 0.489304 0.513252 0.490137 0.489835 0.489489 0.489909 0.509109 0.488901 0.512743 0.489734 0.489431 0.489489 0.489505 0.509559 0.489322 0.513196 0.490154 0.489851 0.489909 0.489505
0.511017 0.509784 0.494606 0.511468 0.510776 0.511341 0.511071 0.174294 0.416721 0.490226  0.49168  0.49168 0.491455 0.491693 0.513384 0.514507        0 0.514951 0.514095 0.514854 0.514452 0.156943 0.492048 0.490505 0.492502 0.492497  0.49228 0.492512 0.174341 0.491748 0.417298 0.490744 0.492197  0.49198 0.492212 0.174395 0.491809 0.417131 0.490809 0.492263  0.49204 0.492276 0.174274 0.491404 0.416991 0.490402 0.491859 0.491855 0.491869 0.174385 0.491824 0.417258 0.490823 0.492279 0.492276 0.492056
0.174294        0 0.156943 0.174341 0.174395 0.174274 0.174385 0.511017 0.514507 0.492048 0.491748 0.491809 0.491404 0.491824 0.494606 0.416721 0.156943 0.417298 0.417131 0.416991 0.417258 0.494606 0.490226        0 0.490744 0.490809 0.490402 0.490823 0.511468  0.49168 0.514951 0.492502 0.492263 0.491859 0.492279 0.510776  0.49168 0.514095 0.492497 0.492197 0.491855 0.492276 0.511341 0.491455 0.514854  0.49228  0.49198  0.49204 0.492056 0.511071 0.491693 0.514452 0.492512 0.492212 0.492276 0.491869
0.174576 0.174399 0.362742 0.174678 0.174427 0.174694 0.174484 0.174576 0.419356 0.492713  0.49418 0.494174 0.493958 0.494189 0.174399 0.419356 0.491164 0.419699 0.420994 0.419404 0.420401 0.362742 0.492713 0.491164 0.493166  0.49315 0.492947 0.493168 0.174678  0.49418 0.419699 0.493166 0.494627 0.494412 0.494642 0.174427 0.494174 0.420994  0.49315 0.494627 0.494405 0.494639 0.174694 0.493958 0.419404 0.492947 0.494412 0.494405  0.49442 0.174484 0.494189 0.420401 0.493168 0.494642 0.494639  0.49442
  0.0131641   0.0131623   0.0138098   0.0131634   0.0131626   0.0131643   0.0131628   0.0131641  0.00333524 3.07128e-06 4.64617e-06 4.41065e-06 5.68873e-06 4.35387e-06   0.0132653  0.00333524   0.0136433  0.00333445  0.00333432  0.00333528  0.00333415   0.0138098 3.07128e-06 1.30997e-07 1.82978e-06 1.58866e-06 2.86701e-06 1.53471e-06   0.0131634 4.64617e-06  0.00333445 1.82978e-06 3.16034e-06 4.43963e-06 3.10559e-06   0.0131626 4.41065e-06  0.00333432 1.58866e-06 3.16034e-06 4.20047e-06 2.86961e-06   0.0131643 5.68873e-06  0.00333528 2.86701e-06 4.43963e-06 4.20047e-06 4.14532e-06   0.0131628 4.35387e-06  0.00333415 1.53471e-06 3.10559e-06 2.86961e-06 4.14532e-06
