8	12	12	1
 1  2  0  5  0  0  0  0  0  0  4  0
 0  2  0  5  0  0  0  0  0  7  4  0
 1  2  0  0  0  0 10  0  6  0  0  0
 0  2  0  0 11  0  0  0  0  0  0  0
 1  0 12  0  0  8  0  3  0  0  4  0
 0  0  0  0  0  8  0  3  0  7  4  9
 1  0  0  0  0  0  0  3  6  0  0  0
 0  0  0  0  0  0  0  3  0  0  0  9
0.1	1	0.9	0.6	0.2	0.8	0.3	1	0.4	0.4	0.3	1	
0.831	0.266	0.972	0.576	0.805	0.781	0.271	0.366	
------target--------
6
------result--------
8	
------details--------
0.324858 0.323988 0.325018 0.325599 0.324583 0.585478 0.325579 0.574623
 0.32747 0.328255 0.327615 0.328057 0.327388 0.176371  0.32804 0.159104
3.66493e-06 1.01953e-05 3.35427e-06 1.28483e-06 4.44131e-06   0.0876707 1.37389e-06   0.0951899
------result2--------
6	8	
------details2--------
       0 0.324008 0.324597 0.323575 0.583849 0.324578  0.57114 0.323988 0.323135 0.323726 0.322703        0 0.323707 0.583849 0.324008 0.323135 0.324755 0.323733 0.585727 0.325018 0.574699 0.324597 0.323726 0.324755 0.324321 0.585641 0.325321 0.574722 0.323575 0.322703 0.323733 0.324321 0.584876 0.324303 0.573882 0.583849 0.583849 0.585727 0.585641 0.584876 0.585466        0 0.324578 0.323707        0 0.325321 0.324303 0.585466 0.574566  0.57114 0.583849 0.574699 0.574722 0.573882        0 0.574566
0.324858 0.326623 0.327073 0.326391  0.18182 0.327049  0.15936        0 0.325757 0.326208 0.325522 0.323988 0.326183  0.15718 0.326636 0.327414 0.327239 0.326553 0.176108        0 0.158834 0.327215 0.327998 0.327363 0.327133 0.176295 0.327788 0.159019 0.326198 0.326976 0.326347 0.326796 0.175908 0.326772 0.158687 0.587938 0.587938 0.584964 0.584109 0.586195 0.585568 0.585478 0.327194 0.327977 0.325579 0.327785 0.327112 0.176279 0.159015 0.580275 0.563451 0.574465 0.573785 0.575506 0.574623 0.575066
       0 0.326636 0.327215 0.326198 0.587938 0.327194 0.580275 0.333656 0.327414 0.327998 0.326976 0.587938 0.327977 0.563451 0.326623 0.325757 0.327363 0.326347 0.584964 0.327388 0.574465 0.327073 0.326208 0.327239 0.326796 0.584109 0.327785 0.573785 0.326391 0.325522 0.326553 0.327133 0.586195 0.327112 0.575506  0.18182  0.15718 0.176108 0.176295 0.175908 0.176279 0.464193 0.327049 0.326183        0 0.327788 0.326772 0.585568 0.575066  0.15936  0.15718 0.158834 0.159019 0.158687        0 0.159015
 0.32747 0.329248 0.329689 0.329017 0.167205 0.329671 0.158691  0.32747  0.33005 0.330501 0.329811 0.198861 0.330473 0.161673 0.329248  0.33005 0.329842 0.329165 0.176928  0.32804 0.159674 0.329689 0.330501 0.329842 0.329607  0.17703 0.330261 0.159833 0.329017 0.329811 0.329165 0.329607 0.176931 0.329589 0.159608 0.167205 0.198861 0.176928  0.17703 0.176931 0.177101 0.159104 0.329671 0.330473  0.32804 0.330261 0.329589 0.177101 0.159804 0.158691 0.161673 0.159674 0.159833 0.159608 0.159104 0.159804
3.66493e-06 7.06188e-06 4.96873e-06 8.14133e-06   0.0877834  5.0534e-06   0.0952063 1.43955e-05 1.36304e-05 1.15165e-05 1.47013e-05   0.0326947 1.15965e-05   0.0952856 7.06188e-06 1.36304e-05 4.66552e-06 7.83629e-06   0.0876711 3.42476e-06   0.0951903 4.96873e-06 1.15165e-05 4.66552e-06 5.74379e-06   0.0876709 2.66687e-06   0.0951901 8.14133e-06 1.47013e-05 7.83629e-06 5.74379e-06   0.0876715 5.82953e-06   0.0951909   0.0877834   0.0886136   0.0876711   0.0876709   0.0876715   0.0876708   0.0961617  5.0534e-06 1.15965e-05 1.37389e-06 2.66687e-06 5.82953e-06   0.0876708   0.0951901   0.0952063   0.0952856   0.0951903   0.0951901   0.0951909   0.0951899   0.0951901
