8	12	12	1
 0  0  0  1  0  0  3  6  0  0  0  9
 0  0  0  0  0  0  3  6  0  8  0  0
10  0  4  1  0  2  0  0  0  0  0  9
 0  0  0  0 12  2  0  0  0  8  0  0
 0  5  0  1  0  0  3  0  7  0  0  0
 0  5  0  0  0  0  3  0  0  0  0  0
 0  0  4  1  0  2  0  0  7  0  0  0
 0  0  0  0  0  2  0  0  0  0 11  0
1	0.4	0.4	0.4	0.2	0.3	0.6	0.2	1	0.6	1	0.5	
0.362	0.534	0.95	0.465	0.495	0.923	0.722	0.388	
------target--------
5
------result--------
7	
------details--------
0.491286 0.491014 0.489965 0.490838 0.665271 0.490008 0.639904 0.491034
0.493603 0.493485 0.492829 0.493404  0.43025 0.495496 0.393515  0.49356
1.54655e-06 2.42681e-06 3.93078e-06 2.92171e-06   0.0216254 1.28037e-05   0.0294169 2.45375e-06
------result2--------
6	7	
------details2--------
0.490607        0 0.490429 0.665116 0.489599 0.639618 0.490628 0.490607 0.489279        0 0.664947 0.489325 0.639385 0.490355 0.489965 0.489279 0.489097 0.664346 0.488267 0.638521 0.489301 0.490429 0.490838 0.489097 0.665025 0.489145 0.639352 0.490177 0.665116 0.664947 0.664346 0.665025 0.665271        0 0.664826 0.489599 0.489325 0.488267 0.489145        0 0.665271 0.489347 0.639618 0.639385 0.638521 0.639352        0 0.665271  0.63932 0.490628 0.490355 0.489301 0.490177 0.664826 0.489347  0.63932
0.493083 0.491286 0.493003 0.430017 0.495087 0.393301 0.493158 0.492933 0.492154 0.491014 0.429848 0.494813 0.393154 0.492887        0 0.491766 0.491687 0.429198 0.493753 0.392575 0.491839 0.492759        0 0.491979 0.429764 0.494634 0.393057 0.492712 0.665991 0.666117 0.665871 0.665756        0 0.665271  0.66652 0.491931  0.49181  0.49115 0.491729 0.490008 0.383959 0.491883 0.641243 0.641267 0.640808 0.641001 0.639904 0.591509 0.641553 0.492951 0.492832 0.492174 0.492751 0.429837 0.494834 0.393156
0.492933        0 0.492759 0.665991 0.491931 0.641243 0.492951 0.493083 0.491766        0 0.666117  0.49181 0.641267 0.492832 0.492514 0.492154 0.491979 0.665871  0.49115 0.640808 0.492174 0.493003 0.493026 0.491687 0.665756 0.491729 0.641001 0.492751 0.430017 0.429848 0.429198 0.429764 0.383959 0.591509 0.429837 0.495087 0.494813 0.493753 0.494634        0 0.591509 0.494834 0.393301 0.393154 0.392575 0.393057        0 0.383959 0.393156 0.493158 0.492887 0.491839 0.492712  0.66652 0.491883 0.641553
0.495411 0.493603 0.495331  0.43136 0.497458 0.394536 0.495485 0.495411 0.494636 0.493485 0.431323 0.497335 0.394482 0.495367 0.493603 0.494636 0.494555 0.430949 0.496665 0.394141  0.49471 0.495331 0.493485 0.494555 0.431234 0.497262 0.394445 0.495287  0.43136 0.431323 0.430949 0.431234 0.495496 0.393515 0.431433 0.497458 0.497335 0.496665 0.497262 0.495496 0.417875 0.497404 0.394536 0.394482 0.394141 0.394445 0.393515 0.417875 0.394545 0.495485 0.495367  0.49471 0.495287 0.431433 0.497404 0.394545
3.98524e-06 1.54655e-06 4.48477e-06   0.0216258 1.43856e-05   0.0294175 4.01007e-06 3.98524e-06  6.3838e-06 2.42681e-06   0.0216262 1.52808e-05    0.029418  4.8949e-06 4.22491e-06  6.3838e-06 6.88844e-06   0.0216268 1.68105e-05   0.0294187 6.40654e-06 4.48477e-06 2.94204e-06 6.88844e-06   0.0216262 1.57978e-05    0.029418 5.39459e-06   0.0216258   0.0216262   0.0216268   0.0216262   0.0261701   0.0304702   0.0216265 1.43856e-05 1.52808e-05 1.68105e-05 1.57978e-05 1.28037e-05   0.0307624 1.52974e-05   0.0294175    0.029418   0.0294187    0.029418   0.0294169   0.0307624   0.0294182 4.01007e-06  4.8949e-06 6.40654e-06 5.39459e-06   0.0216265 1.52974e-05   0.0294182
