8	12	12	1
 5  0  0  0  0  0  2  0  9  0  0  1
 5  0  0  0  0  0  2  0  0  0  0  1
 0  8  0  0  4  0  0  0  0 10  0  1
 0  0  0 11  4  0  0  0  0  0  0  1
 0  0  0  0  0  0  2  6  0  0  7  1
 0  0  0  0  0 12  2  0  0  0  7  1
 0  8  3  0  0  0  0  6  0  0  0  1
 0  0  3  0  0  0  0  0  0  0  0  1
1	0.1	0.1	0.4	0.1	0.7	1	1	0.9	0.1	0.6	0.1	
0.495	0.258	0.36	0.325	0.989	0.27	0.461	0.918	
------target--------
7
------result--------
3	
------details--------
0.512625 0.513331 0.535084 0.513547  0.51272 0.512486 0.536639 0.513792
0.515342  0.51575 0.242162 0.515855 0.515206 0.515083 0.355127 0.514042
3.63527e-06 1.87241e-06   0.0120394 1.09198e-06  3.0483e-06 3.37213e-06  0.00732266 9.90862e-09
------result2--------
7	8	
------details2--------
 0.512625  0.534068  0.512354   0.51152  0.511284  0.535652  0.512602         0  0.534655  0.513062  0.512233  0.511998  0.536219  0.513308  0.534068  0.534655  0.534902  0.534242   0.53408  0.536218  0.536218  0.512354  0.513062  0.534902  0.512448  0.512214  0.536469  0.513524   0.51152  0.512233  0.534242  0.512448         0  0.535836  0.512696  0.511284  0.511998   0.53408  0.512214  0.512486  0.535684  0.512462  0.535652  0.536219         0  0.536469  0.535836  0.535684  0.536639  0.512602  0.513308  0.536218  0.513524  0.512696  0.512462         0
        0  0.241803  0.514677   0.51402  0.513897  0.354413  0.512868  0.513331  0.242003  0.515376  0.514724    0.5146  0.354829  0.513563  0.536388  0.536803  0.536475  0.536153  0.536042  0.523501  0.523501  0.515076  0.515484  0.242115  0.514941  0.514817  0.354985  0.513782   0.51425  0.514659  0.241903  0.514774   0.51272  0.354509  0.512969  0.514017  0.514426  0.241859  0.514543         0  0.354383  0.512742  0.537904  0.538319  0.536639  0.537931  0.537657  0.537548         0  0.515319  0.515727  0.236801  0.515832  0.515183   0.51506  0.513792
 0.514999  0.536388  0.515076   0.51425  0.514017  0.537904  0.515319         0  0.536803  0.515484  0.514659  0.514426  0.538319  0.515727  0.241803  0.242003  0.242115  0.241903  0.241859  0.548699  0.236801  0.514677  0.515376  0.536475  0.514774  0.514543  0.537931  0.515832   0.51402  0.514724  0.536153  0.514941         0  0.537657  0.515183  0.513897    0.5146  0.536042  0.514817  0.514323  0.537548   0.51506  0.354413  0.354829  0.523501  0.354985  0.354509  0.354383         0  0.512868  0.513563  0.523501  0.513782  0.512969  0.512742         0
  0.51575  0.242636  0.517397  0.516746  0.516623  0.356066  0.515588   0.51575  0.242813  0.517803  0.517153   0.51703  0.356339  0.515994  0.242636  0.242813  0.242534  0.242503  0.242462 0.0322408  0.328962  0.517397  0.517803  0.242534  0.517261  0.517138  0.356252  0.516106  0.516746  0.517153  0.242503  0.517261  0.515206  0.355938  0.515451  0.516623   0.51703  0.242462  0.517138  0.515206  0.355862  0.515329  0.356066  0.356339 0.0322408  0.356252  0.355938  0.355862  0.514042  0.515588  0.515994  0.328962  0.516106  0.515451  0.515329  0.514042
3.75774e-06   0.0120419 4.73972e-06  6.7137e-06 7.04148e-06  0.00732504 3.64663e-06 1.87241e-06   0.0120408 2.96992e-06 4.93436e-06 5.25993e-06    0.007324 1.88293e-06   0.0120419   0.0120408   0.0120399   0.0120411   0.0120412   0.0258029   0.0121501 4.73972e-06 2.96992e-06   0.0120399 4.15399e-06 4.47977e-06  0.00732309 1.10271e-06  6.7137e-06 4.93436e-06   0.0120411 4.15399e-06  3.0483e-06  0.00732424    3.06e-06 7.04148e-06 5.25993e-06   0.0120412 4.47977e-06 3.46792e-06  0.00732434 3.38412e-06  0.00732504    0.007324    0.025794  0.00732309  0.00732424  0.00732434   0.0289484 3.64663e-06 1.88293e-06   0.0121501 1.10271e-06    3.06e-06 3.38412e-06 9.90862e-09
