8	12	12	1
 0  0  3  0  0  2  0  0  0  0  0  0
 0  0  0  0  0  2  0  0  0  0  0  9
 1  0  0  0 11  0  0  5  0  0  0  0
 1  0  0 12  0  0  0  0  6  0  0  0
 0  4  3  0  0  2 10  0  0  7  0  0
 0  0  0  0  0  2  0  0  0  7  8  9
 1  4  0  0  0  0  0  5  0  0  0  0
 1  0  0  0  0  0  0  0  6  0  8  0
0.9	0.7	0.3	1	0.4	0.4	1	1	0.3	0.8	0.6	0.3	
0.394	0.132	0.957	0.481	0.029	0.463	0.94	0.101	
------target--------
6
------result--------
2	
------details--------
0.510161 0.578129 0.507969 0.509608 0.510118 0.581107 0.508538 0.510236
0.512469 0.133912 0.511342 0.512142  0.51244 0.238062 0.511596 0.513248
1.02825e-06   0.0558134 4.55133e-06  2.7808e-06 1.19069e-06   0.0400153 4.44083e-06 9.91707e-07
------result2--------
2	8	
------details2--------
0.578098 0.507711 0.509356        0 0.581093 0.508283 0.509986 0.578098   0.5767 0.577607 0.578071        0 0.576714 0.581107 0.507711   0.5767 0.507153 0.507667 0.579771 0.507969 0.507791 0.509356 0.577607 0.507153 0.509312 0.580611 0.507727 0.509432 0.510118 0.578071 0.507667 0.509312 0.581068  0.50824 0.509942 0.581093        0 0.579771 0.580611 0.581068  0.57974 0.581107 0.508283 0.576714        0 0.507727  0.50824  0.57974 0.508361 0.509986 0.581107 0.507791 0.509432 0.509942        0 0.508361
0.133883 0.511093 0.511894 0.510161 0.237895 0.511346 0.513001 0.578388 0.578672 0.579253  0.57853 0.578129 0.579022 0.534055 0.510051 0.133527 0.509704 0.510019 0.236846        0  0.51082 0.511674 0.133787 0.510539 0.511644 0.237692 0.510792 0.512451        0 0.133876 0.511049  0.51185 0.237874 0.511303 0.512958 0.581223 0.581107 0.581614 0.582172 0.581377 0.581968        0 0.510608 0.133588 0.508538 0.510271 0.510578 0.237239 0.511384 0.512296 0.130286 0.511168 0.511968 0.512267 0.510236 0.511421
0.578388 0.510051 0.511674        0 0.581223 0.510608 0.512296 0.133883 0.133527 0.133787 0.133876        0 0.133588 0.130286 0.511093 0.578672 0.510539 0.511049 0.581614 0.509948 0.511168 0.511894 0.579253 0.509704  0.51185 0.582172 0.510271 0.511968 0.512268  0.57853 0.510019 0.511644 0.581377 0.510578 0.512267 0.237895 0.534055 0.236846 0.237692 0.237874 0.237239 0.130286 0.511346 0.579022        0 0.510792 0.511303 0.581968 0.511421 0.513001 0.534055  0.51082 0.512451 0.512958        0 0.511384
0.134164 0.513415 0.514212 0.512469 0.239475 0.513665 0.515323 0.134164 0.134063 0.134187 0.134171 0.133912 0.134121 0.257135 0.513415 0.134063 0.513084 0.513385 0.238535 0.511596 0.514192 0.514212 0.134187 0.513084 0.514184 0.238869 0.513337 0.514989 0.512469 0.134171 0.513385 0.514184 0.239393 0.513636 0.515293 0.239475 0.133912 0.238535 0.238869 0.239393 0.238589 0.513248 0.513665 0.134121 0.511596 0.513337 0.513636 0.238589 0.514443 0.515323 0.257135 0.514192 0.514989 0.515293 0.513248 0.514443
  0.0558134 5.59694e-06 3.81845e-06 1.02825e-06   0.0400154 5.48093e-06 2.02316e-06   0.0558134   0.0558148   0.0558144   0.0558134   0.0558134   0.0558156   0.0562824 5.59694e-06   0.0558148 7.36039e-06 5.76102e-06   0.0400167 5.06274e-06 5.55207e-06 3.81845e-06   0.0558144 7.36039e-06 3.98185e-06   0.0400163 7.24421e-06  3.7777e-06 1.19194e-06   0.0558134 5.76102e-06 3.98185e-06   0.0400154 5.64468e-06  2.1859e-06   0.0400154   0.0560397   0.0400167   0.0400163   0.0400154   0.0400174   0.0556418 5.48093e-06   0.0558156 4.44083e-06 7.24421e-06 5.64468e-06   0.0400174 5.43942e-06 2.02316e-06   0.0562824 5.55207e-06  3.7777e-06  2.1859e-06 9.91707e-07 5.43942e-06
