8	12	12	1
 0  0  1  0  0  0  5  0  0  0  0  6
 0  0  1  2  0  0  0  0  0  0  7  6
 0 12  1  0  0  4  5  0  0  0  0  0
 0  0  1  2  0  4  0  8  0  0  7  0
 0  0  1  0  3  0  5  0  0  0  0  6
 0  0  1  2  3  0  0  0  9  0  0  6
11  0  1  0  3  4  5  0  0  0  0  0
 0  0  1  2  3  4  0  8  0 10  0  0
0.3	0.5	0.9	0.1	0.7	0.6	0.5	0.7	0.2	0.1	1	0.5	
0.469	0.332	0.223	0.541	0.547	0.239	0.331	0.663	
------target--------
4
------result--------
8	
------details--------
 0.454037  0.452011  0.454835  0.662497  0.454037  0.453954  0.454853  0.633331
 0.456536  0.457689   0.45726  0.185877  0.456536  0.456509   0.45726 0.0873811
3.05396e-06 1.61566e-05 1.05056e-06    0.119013 3.05396e-06 3.24085e-06 9.69725e-07    0.149725
------result2--------
8	4	
------details2--------
        0  0.453796  0.661583         0         0  0.453813  0.629197  0.452011  0.451768         0  0.452011  0.451934  0.451785  0.660093  0.453796  0.451768  0.662513  0.453796  0.453711  0.454614   0.63327  0.661583  0.661583  0.662513  0.661583  0.661673  0.662583         0         0         0  0.453796  0.661583         0  0.453813  0.629197  0.453954  0.451934  0.453711  0.661673  0.453954  0.453729  0.629277  0.453813  0.451785  0.454614  0.662583  0.453813  0.453729  0.633328  0.629197  0.660093   0.63327  0.661031  0.629197  0.629277  0.633328
 0.454037  0.456234  0.212597  0.454037  0.454037   0.45624 0.0890913         0  0.454211  0.452011         0  0.453843  0.454214 0.0804914  0.456299  0.457449   0.18575  0.456299  0.456272  0.457026 0.0875071  0.663648  0.663648  0.662357  0.663648  0.663446  0.661651  0.662497  0.454037  0.454037  0.456234  0.212597  0.454037   0.45624 0.0890913         0  0.461431  0.456152  0.212265         0  0.456158 0.0892285  0.456318  0.457467  0.457043  0.185754  0.456318  0.456291 0.0875934  0.639211  0.612437  0.633883  0.530583  0.639211   0.63856  0.633362
        0  0.456299  0.663648         0         0  0.456318  0.639211   0.46153  0.457449  0.663648   0.46153  0.461431  0.457467  0.612437  0.456234  0.454211  0.662357  0.456234  0.456152  0.457043  0.633883  0.212597         0   0.18575  0.212597  0.212265  0.185754  0.530583         0         0  0.456299  0.663648         0  0.456318  0.639211  0.456038  0.453843  0.456272  0.663446  0.456038  0.456291   0.63856   0.45624  0.454214  0.457026  0.661651   0.45624  0.456158  0.633362 0.0890913 0.0804914 0.0875071  0.685163 0.0890913 0.0892285 0.0875934
 0.456536  0.458736  0.141973  0.456536  0.456536  0.458737 0.0850063  0.456536  0.459917  0.279643  0.456536  0.456625  0.459929 0.0944525  0.458736  0.459917  0.187061  0.458736   0.45871  0.459462 0.0862093  0.141973  0.279643  0.187061  0.141973  0.146854  0.187115 0.0171568  0.456536  0.456536  0.458736  0.141973  0.456536  0.458737 0.0850063  0.456536  0.456625   0.45871  0.146854  0.456536  0.458711 0.0850439  0.458737  0.459929  0.459462  0.187115  0.458737  0.458711 0.0852337 0.0850063 0.0944525 0.0862093 0.0171568 0.0850063 0.0850439 0.0852337
3.05396e-06 4.11632e-06    0.120752 3.05396e-06 3.05396e-06  4.0375e-06    0.149768 2.09696e-05 1.72352e-05   0.0408081 2.09696e-05   2.061e-05 1.71591e-05    0.150638 4.11632e-06 1.72352e-05    0.119013 4.11632e-06 4.30449e-06  2.0249e-06    0.149725    0.120752    0.156563    0.119013    0.120752    0.120528    0.119013    0.203779 3.05396e-06 3.05396e-06 4.11632e-06    0.120752 3.05396e-06  4.0375e-06    0.149768 3.25198e-06   2.061e-05 4.30449e-06    0.120528 3.25198e-06 4.22612e-06    0.149764  4.0375e-06 1.71591e-05  2.0249e-06    0.119013  4.0375e-06 4.22612e-06    0.149726    0.149768    0.150638    0.149725    0.203822    0.149768    0.149764    0.149726
