8	12	12	1
 0  0  0  0  0  0  5  0  1  2  0  9
 0  0  0 12  0  0  0  0  1  2  0  0
 0  0  0  0  0  4  5  0  1  0  3  0
 0  0  0  0  0  0  0  0  1  0  3  0
10  0  0  0  8  0  0  0  1  2  0  9
 0  0  7  0  0  0  0 11  1  2  0  0
 0  6  0  0  8  4  0  0  1  0  3  0
 0  6  7  0  0  0  0  0  1  0  3  0
0.9	0.8	0.3	0.7	0.6	0.3	0.3	0.1	0.9	0.1	0.6	0.3	
0.67	0.196	0.77	0.692	0.142	0.737	0.368	0.512	
------target--------
7
------result--------
5	
------details--------
0.587478 0.587623 0.585661 0.586029 0.669698 0.587676 0.703653  0.58577
0.588822 0.589757 0.589841 0.590518  0.41694 0.588846  0.47526 0.590033
 7.5977e-07 9.30918e-07 8.98997e-06 1.00502e-05   0.0287002 3.76147e-07   0.0272096 9.37249e-06
------result2--------
7	4	
------details2--------
0.587238  0.58534  0.58534        0 0.587314 0.702841 0.585085 0.587238 0.585418 0.585788 0.669544 0.587437 0.703583 0.585528        0 0.585418 0.585661 0.698953 0.585267 0.702339  0.58541  0.58534 0.585788        0 0.700313 0.585631        0        0 0.664739 0.669544 0.698953 0.700313  0.66667 0.700313 0.699474 0.587314 0.587437 0.585267 0.585631  0.66667 0.702902 0.585631 0.702841 0.703583 0.702339 0.703653        0 0.702902 0.702778 0.585085 0.585528  0.58541  0.58577 0.699474        0 0.702778
0.589377 0.590108 0.590108 0.587478 0.588372 0.489423 0.589641 0.588586 0.589603 0.590281 0.416872 0.588611 0.475083 0.589795 0.585661 0.587574        0 0.388065 0.587261        0 0.587221 0.587405 0.587938 0.586029 0.374995 0.587648 0.586029 0.586029 0.698342 0.670918 0.646217 0.629465 0.686047 0.629465 0.641239 0.588597 0.589574 0.589659 0.590326 0.421592 0.485381 0.590326 0.705276 0.704206 0.708951        0 0.703653 0.706716 0.709096 0.587139 0.587682 0.587219        0 0.376042  0.58577        0
0.588586 0.587259 0.587405 0.698342 0.588597 0.705276 0.587139 0.589377 0.587574 0.587938 0.670918 0.589574 0.704206 0.587682 0.590108 0.589603 0.587503 0.646217 0.589659 0.708951 0.587219 0.590108 0.590281        0 0.629465 0.590326        0        0 0.266478 0.416872 0.388065 0.374995 0.421592 0.715419 0.376042 0.588372 0.588611 0.587261 0.587648 0.686047 0.706716 0.587694 0.489423 0.475083        0        0 0.629465 0.485381        0 0.589641 0.589795 0.587221 0.587628 0.641239 0.590326 0.709096
0.590729 0.589424 0.592023 0.529754 0.589947 0.429785 0.591317 0.590729 0.591757 0.592433 0.417486 0.590751 0.476678 0.591949 0.589424 0.591757 0.590518  0.44992  0.59114 0.562591 0.590468 0.592023 0.592433 0.590518 0.492255  0.59223 0.590518 0.590518 0.529754 0.417486  0.44992 0.492255 0.392855 0.265453 0.467608 0.589947 0.590751  0.59114  0.59223 0.392855 0.401267 0.589166 0.429785 0.476678 0.562591 0.590518 0.265453 0.401267 0.570788 0.591317 0.591949 0.590468 0.590518 0.467608 0.589166 0.570788
1.69567e-06 9.61151e-06 1.17273e-05  0.00388243 1.12491e-06    0.027868 1.08682e-05 1.69567e-06 9.93926e-06 1.09957e-05   0.0287005 1.31005e-06   0.0272099  1.0321e-05 9.11119e-06 9.93926e-06 1.07121e-05   0.0303882 9.86135e-06    0.084512  1.1159e-05 1.17273e-05 1.09957e-05 1.00502e-05   0.0326707 1.11148e-05 1.00502e-05 1.00502e-05   0.0404958   0.0287005   0.0303882   0.0326707   0.0288513   0.0611274   0.0313767 1.12491e-06 1.31005e-06 9.86135e-06 1.11148e-05   0.0288513   0.0279794 9.91089e-06    0.027868   0.0272099    0.084512    0.101902   0.0610807   0.0279794   0.0896531 1.08682e-05  1.0321e-05  1.1159e-05 1.05547e-05   0.0313767 9.62931e-06   0.0896531
