8	12	12	1
 0  0  0  0  0  6  0  0  2  0  0  0
 0  0  3  4  0  0  0  0  2  0  0  0
 1  0  0  0  0  6  0  0  2  0  0 12
 1  0  0  4  0  0  7  0  2  0  0  0
 0  9  0  0  0  0  0  0  0  0  0  0
 0  9  3  0  5  0  0  0  0  0  0  0
 1  0  0  0  0  0  0  8  0 10  0  0
 1  0  0  0  5  0  7  8  0  0 11  0
0.1	0.5	1	0.8	0.1	0.8	0.7	0.6	0.9	1	0.9	0.5	
0.638	0.55	0.598	0.133	0.473	0.306	0.053	0.01	
------target--------
4
------result--------
8	
------details--------
 0.822962  0.822994  0.822743  0.885826  0.823096  0.823096  0.823397  0.873807
 0.824165  0.824367  0.824047  0.718137  0.824206  0.824206  0.824476 0.0909939
1.19093e-06 1.42146e-06 1.45457e-06    0.021862 9.05584e-07 9.05584e-07 1.52463e-07   0.0918315
------result2--------
8	4	
------details2--------
 0.822514         0  0.885673  0.822615  0.822615  0.822919  0.873541  0.822514  0.822292         0  0.822648  0.822648  0.822951  0.885678  0.822743  0.822292  0.885708  0.822393  0.822393    0.8227  0.873489  0.885673  0.885826  0.885708  0.885829  0.885829  0.885811         0  0.822615  0.822648  0.822393  0.885829         0  0.823053  0.873693  0.822615  0.822648  0.822393  0.885829         0  0.823053  0.873693  0.822919  0.822951    0.8227  0.885811  0.823053  0.823053  0.873783  0.873541  0.885678  0.873489  0.885678  0.873693  0.873693  0.873783
 0.823892  0.822962  0.717777  0.823733  0.823733  0.824002 0.0910064  0.823722  0.823604  0.822994  0.823764  0.823764  0.824034  0.075926         0  0.823674  0.717599  0.823516  0.823516  0.823786 0.0909981  0.886056         0  0.885928  0.885817  0.885817  0.886173  0.885826  0.823824  0.824026  0.823706  0.717864  0.823096  0.824136 0.0909877  0.823824  0.824026  0.823706  0.717864  0.823096  0.824136 0.0909877  0.824123  0.824325  0.824005  0.718105  0.824164  0.824164 0.0909952  0.874213  0.850088  0.874086  0.850088  0.874064  0.874064  0.874399
 0.823722         0  0.886056  0.823824  0.823824  0.824123  0.874213  0.823892  0.823674         0  0.824026  0.824026  0.824325  0.850088  0.823706  0.823604  0.885928  0.823706  0.823706  0.824005  0.874086  0.717777         0  0.717599  0.717864  0.717864  0.718105  0.850088  0.823733  0.823764  0.823516  0.885817         0  0.824164  0.874064  0.823733  0.823764  0.823516  0.885817         0  0.824164  0.874064  0.824002  0.824034  0.823786  0.886173  0.824136  0.824136  0.874399 0.0910064  0.075926 0.0909981   0.90686 0.0909877 0.0909877 0.0909952
 0.825097  0.824165  0.718691  0.824936  0.824936  0.825205 0.0909745  0.825097   0.82498  0.824367   0.82514   0.82514  0.825407  0.156582  0.824165   0.82498  0.718614  0.824819  0.824819  0.825087 0.0909901  0.718691  0.824367  0.718614  0.718756  0.718756  0.718921 0.0313891  0.824936   0.82514  0.824819  0.718756  0.824206  0.825246 0.0910078  0.824936   0.82514  0.824819  0.718756  0.824206  0.825246 0.0910078  0.825205  0.825407  0.825087  0.718921  0.825246  0.825246 0.0909606 0.0909745  0.156582 0.0909901 0.0313891 0.0910078 0.0910078 0.0909606
2.62139e-06 1.19093e-06   0.0218622 2.10497e-06 2.10497e-06 1.34445e-06    0.091832 2.62139e-06  2.8888e-06 1.42146e-06 2.33632e-06 2.33632e-06 1.57505e-06   0.0933364 1.52855e-06  2.8888e-06   0.0218622 2.37268e-06 2.37268e-06  1.6085e-06   0.0918319   0.0218622   0.0925048   0.0218622   0.0218621   0.0218621    0.021862    0.102878 2.10497e-06 2.33632e-06 2.37268e-06   0.0218621 9.05584e-07  1.0591e-06   0.0918316 2.10497e-06 2.33632e-06 2.37268e-06   0.0218621 9.05584e-07  1.0591e-06   0.0918316 1.34445e-06 1.57505e-06  1.6085e-06    0.021862  1.0591e-06  1.0591e-06   0.0918316    0.091832   0.0933364   0.0918319    0.102888   0.0918316   0.0918316   0.0918316
