8	12	12	1
 0  2  0  1  0  0  0  0  0  0  0  9
 0  0  0  1  5  0  0  0  0  0  0  0
 0  0  0  1  0  0  0  0  0  0  8  9
 0  0  0  1  5  0  6  0  0  0  0  0
 4  2  0  0  0  0  0  0  0  7  0  0
 4  0  0  0  0  0  0 11  0  0  0  0
 0  0  3  0  0  0  0  0 12  7  8  0
 0  0  3  0  0 10  6  0  0  0  0  0
0.9	0.3	0.2	0.2	1	0.2	0.3	0.7	0.4	0.5	1	1	
0.32	0.326	0.529	0.371	0.908	0.282	0.426	0.713	
------target--------
4
------result--------
8	
------details--------
0.583425 0.583861 0.583425 0.654292 0.583854 0.584334 0.583623 0.638287
0.585921 0.587209 0.585921  0.43987 0.586066 0.586499 0.585944 0.373475
3.20567e-06 4.24989e-06 3.20567e-06   0.0206289 2.35282e-06 1.28084e-06  2.7475e-06   0.0230487
------result2--------
4	2	
------details2--------
0.582604        0 0.653595 0.582594 0.583081  0.58236 0.637373 0.582604 0.582604        0 0.583034 0.583518 0.582802 0.650785        0 0.582604 0.653595 0.582594 0.583081  0.58236 0.637373 0.653595 0.654292 0.653595 0.654074 0.654146 0.654094        0 0.582594 0.583034 0.582594 0.654074 0.583509        0 0.637856 0.583081 0.583518 0.583081 0.654146 0.583509 0.583277 0.638069  0.58236 0.582802  0.58236 0.654094 0.583623 0.583277 0.637793 0.637373 0.650785 0.637373 0.650785 0.637856 0.638069 0.637793
0.585963 0.583425 0.438694 0.584821 0.585257 0.584698 0.373205 0.585109 0.585109 0.583861 0.585256 0.585691 0.585133 0.345633 0.583425 0.585963 0.438694 0.584821 0.585257 0.584698 0.373205 0.654983        0 0.654983 0.654659 0.655067 0.654529 0.654292 0.585102  0.58639 0.585102 0.438892 0.585685 0.583854 0.373507 0.585581  0.58687 0.585581 0.439513 0.585727 0.585605 0.373436 0.584872  0.58616 0.584872 0.438544        0 0.585457 0.373598 0.639194 0.602568 0.639194 0.602568 0.639013 0.639448 0.638878
0.585109        0 0.654983 0.585102 0.585581 0.584872 0.639194 0.585963 0.585963        0  0.58639  0.58687  0.58616 0.602568        0 0.585109 0.654983 0.585102 0.585581 0.584872 0.639194 0.438694        0 0.438694 0.438892 0.439513 0.438544 0.602568 0.584821 0.585256 0.584821 0.654659 0.585727        0 0.639013 0.585257 0.585691 0.585257 0.655067 0.585685 0.585457 0.639448 0.584698 0.585133 0.584698 0.654529 0.585389 0.585605 0.638878 0.373205 0.345633 0.373205 0.678807 0.373507 0.373436 0.373598
0.588464 0.585921 0.441055 0.587322 0.587755 0.587199 0.373748 0.588464 0.588464 0.587209 0.588611 0.589042  0.58849  0.50016 0.585921 0.588464 0.441055 0.587322 0.587755 0.587199 0.373748 0.441055 0.587209 0.441055 0.441548 0.441799 0.441494 0.154689 0.587322 0.588611 0.587322 0.441548 0.587901 0.586066 0.373419 0.587755 0.589042 0.587755 0.441799 0.587901  0.58778 0.373687 0.587199  0.58849 0.587199 0.441494 0.586066  0.58778 0.373322 0.373748  0.50016 0.373748 0.154689 0.373419 0.373687 0.373322
7.47712e-06 3.20567e-06   0.0206305 5.58296e-06 4.49824e-06 5.98331e-06   0.0230501 7.47712e-06 7.47712e-06 4.24989e-06 6.62272e-06 5.54047e-06 7.02188e-06   0.0253011 3.20567e-06 7.47712e-06   0.0206305 5.58296e-06 4.49824e-06 5.98331e-06   0.0230501   0.0206305   0.0784608   0.0206305   0.0206301   0.0206295   0.0206304   0.0536028 5.58296e-06 6.62272e-06 5.58296e-06   0.0206301 3.64538e-06 2.35282e-06   0.0230492 4.49824e-06 5.54047e-06 4.49824e-06   0.0206295 3.64538e-06  4.0429e-06   0.0230491 5.98331e-06 7.02188e-06 5.98331e-06   0.0206304 2.81097e-06  4.0429e-06   0.0230492   0.0230501   0.0253011   0.0230501   0.0537325   0.0230492   0.0230491   0.0230492
