8	12	12	1
 0  0  1  0  0  0  7  8  0  0  0  0
 0  5  0  0  2  0  0  8  0  0  0  0
 0  0  1  0  0  6  7  0  3  0  0  0
 9  0  0  0  2  6  0  0  3  0  0  0
 0  0  1 10  0  0  0  0  0  4  0  0
 0  5  0  0  2  0  0  0  0  4  0 12
 0  0  1 10  0  0  0  0  3  4 11  0
 9  0  0  0  2  0  0  0  3  4  0  0
0.1	0.8	0.7	0.5	0.1	0.3	1	1	0.4	0.7	1	0.8	
0.465	0.718	0.785	0.897	0.563	0.888	0.527	0.478	
------target--------
1
------result--------
2	
------details--------
0.682772 0.623682 0.503415 0.506373 0.506222 0.505915 0.505874 0.506373
0.465779 0.421464 0.509682  0.50753 0.507399 0.507213 0.507195  0.50753
  0.0146577   0.0200948 1.96423e-05 2.94809e-07 5.21365e-07 8.39267e-07 8.71124e-07 2.94809e-07
------result2--------
2	3	
------details2--------
       0 0.682772 0.682891 0.682701 0.682495 0.682539 0.682891        0 0.682772 0.623639 0.623451 0.623149 0.623143 0.623639        0 0.682772 0.503269 0.503117 0.502809 0.502768 0.503269 0.682891 0.623639 0.503269 0.506076 0.505767 0.505727        0 0.682701 0.623451 0.503117 0.506076 0.505617        0 0.506076 0.682495 0.623149 0.502809 0.505767 0.505617 0.505267 0.505767 0.682539 0.623143 0.502768 0.505727 0.505874 0.505267 0.505727 0.682891 0.623639 0.503269        0 0.506076 0.505767 0.505727
0.682772        0 0.681953 0.682979 0.683087 0.683013 0.681953 0.623682 0.576041 0.623978 0.624365 0.624293 0.624245 0.623978 0.503415 0.397192 0.504421 0.504294 0.504109  0.50409 0.504421 0.465667 0.421376 0.509532 0.507254 0.507068  0.50705 0.506373 0.465557 0.421294  0.50938 0.507237 0.506918 0.506222 0.507237 0.465321 0.421114 0.509069 0.506931 0.506797 0.506592 0.506931 0.465292 0.421091 0.509027 0.506892        0  0.50657 0.506892 0.465667 0.421376 0.509532 0.506373 0.507254 0.507068  0.50705
0.576041 0.397192 0.465667 0.465557 0.465321 0.465292 0.465667        0 0.397192 0.421376 0.421294 0.421114 0.421091 0.421376        0 0.576041 0.509532  0.50938 0.509069 0.509027 0.509532 0.681953 0.623978 0.504421 0.507237 0.506931 0.506892        0 0.682979 0.624365 0.504294 0.507254 0.506797        0 0.507254 0.683087 0.624293 0.504109 0.507068 0.506918  0.50657 0.507068 0.683013 0.624245  0.50409  0.50705 0.506977 0.506592  0.50705 0.681953 0.623978 0.504421        0 0.507237 0.506931 0.506892
0.421464 0.509682 0.466558 0.466442 0.466307 0.466292 0.466558 0.421464 0.450789 0.422081 0.421971 0.421869 0.421857 0.422081 0.509682 0.450789 0.510732 0.510582 0.510391 0.510373 0.510732 0.466558 0.422081 0.510732 0.508414 0.508228  0.50821  0.50753 0.466442 0.421971 0.510582 0.508414 0.508097 0.507399 0.508414 0.466307 0.421869 0.510391 0.508228 0.508097 0.507892 0.508228 0.466292 0.421857 0.510373  0.50821 0.507399 0.507892  0.50821 0.466558 0.422081 0.510732  0.50753 0.508414 0.508228  0.50821
  0.0226342   0.0195959   0.0146579    0.014658   0.0146582   0.0146582   0.0146579   0.0200948   0.0234794   0.0200949   0.0200951   0.0200953   0.0200953   0.0200949 1.96423e-05   0.0234794 1.99469e-05 2.01752e-05 2.04977e-05 2.05312e-05 1.99469e-05   0.0146579   0.0200949 1.99469e-05 8.18187e-07 1.13656e-06 1.16889e-06 2.94809e-07    0.014658   0.0200951 2.01752e-05 8.18187e-07 1.36338e-06 5.21365e-07 8.18187e-07   0.0146582   0.0200953 2.04977e-05 1.13656e-06 1.36338e-06 1.71458e-06 1.13656e-06   0.0146582   0.0200953 2.05312e-05 1.16889e-06 9.14434e-07 1.71458e-06 1.16889e-06   0.0146579   0.0200949 1.99469e-05 2.94809e-07 8.18187e-07 1.13656e-06 1.16889e-06
