8	12	12	1
 0  9  0  0  2  0  0  4  5  0  0  0
 0  0  0  8  0  0  3  4  5  0  0  0
 7  0  1  0  2  0  0  4  0  0 12  0
 0  0  1  0  0  0  3  4  0  0  0 11
 0  9  0  0  2  6  0  0  5  0  0  0
 0  0  0  8  0  0  3  0  5  0  0  0
 7  0  1  0  2  6  0  0  0 10  0  0
 0  0  1  0  0  0  3  0  0 10  0 11
0.9	0.3	0.8	0.2	0.7	0.6	0.8	0.3	1	0.7	0.6	0.7	
0.746	0.293	0.211	0.094	0.452	0.661	0.033	0.485	
------target--------
8
------result--------
4	
------details--------
0.491853 0.492154 0.492298 0.659142 0.491853 0.492154 0.492394 0.661499
 0.49422 0.494506 0.494671 0.102346  0.49422 0.494506 0.499735 0.128846
2.33684e-06 1.56189e-06 1.08522e-06      0.1446 2.33684e-06 1.56189e-06 2.29364e-06    0.134149
------result2--------
4	7	
------details2--------
0.491443 0.491594 0.659377        0 0.491443 0.491693 0.661765 0.491443 0.491896 0.659347 0.491443        0 0.491994 0.661724 0.491594 0.491896 0.659107 0.491594 0.491896 0.492138 0.661471 0.659377 0.659347 0.659107 0.659377 0.659347 0.661499        0        0 0.491443 0.491594 0.659377 0.491443 0.491693 0.661765 0.491443        0 0.491896 0.659347 0.491443 0.491994 0.661724 0.491693 0.491994 0.492138 0.661499 0.491693 0.491994        0 0.661765 0.661724 0.661471        0 0.661765 0.661724 0.661499
0.493823 0.493979 0.102263 0.491853 0.493823 0.499014 0.128738 0.493829 0.494278 0.102297 0.493829 0.492154  0.49932 0.128782 0.493966 0.494253 0.102316 0.493966 0.494253 0.499476 0.128807  0.65859 0.658152 0.659436  0.65859 0.658152 0.569684 0.659142 0.491853 0.493823 0.493979 0.102263 0.493823 0.499014 0.128738 0.493829 0.492154 0.494278 0.102297 0.493829  0.49932 0.128782 0.494061 0.494346 0.494512 0.101533 0.494061 0.494346 0.492394 0.660871 0.660411 0.661726 0.661499 0.660871 0.660411        0
0.493829 0.493966  0.65859        0 0.493829 0.494061 0.660871 0.493823 0.494253 0.658152 0.493823        0 0.494346 0.660411 0.493979 0.494278 0.659436 0.493979 0.494278 0.494512 0.661726 0.102263 0.102297 0.102316 0.102263 0.102297 0.101533        0        0 0.493829 0.493966  0.65859 0.493829 0.494061 0.660871 0.493823        0 0.494253 0.658152 0.493823 0.494346 0.660411 0.499014  0.49932 0.499476 0.569684 0.499014  0.49932        0 0.128738 0.128782 0.128807 0.569684 0.128738 0.128782 0.101533
0.496193 0.496353 0.102549  0.49422 0.496193 0.501481 0.129109 0.496193 0.496639 0.102594 0.496193 0.494506 0.501799 0.129166 0.496353 0.496639   0.1026 0.496353 0.496639 0.501902 0.129177 0.102549 0.102594   0.1026 0.102549 0.102594 0.166075 0.102346  0.49422 0.496193 0.496353 0.102549 0.496193 0.501481 0.129109 0.496193 0.494506 0.496639 0.102594 0.496193 0.501799 0.129166 0.501481 0.501799 0.501902 0.166075 0.501481 0.501799 0.499735 0.129109 0.129166 0.129177 0.102346 0.129109 0.129166 0.499735
3.92944e-06 3.43342e-06      0.1446 2.33684e-06 3.92944e-06  4.6368e-06    0.134149 3.92944e-06 2.65549e-06      0.1446 3.92944e-06 1.56189e-06 3.86015e-06    0.134149 3.43342e-06 2.65549e-06      0.1446 3.43342e-06 2.65549e-06 3.38104e-06    0.134149      0.1446      0.1446      0.1446      0.1446      0.1446     0.14499      0.1446 2.33684e-06 3.92944e-06 3.43342e-06      0.1446 3.92944e-06  4.6368e-06    0.134149 3.92944e-06 1.56189e-06 2.65549e-06      0.1446 3.92944e-06 3.86015e-06    0.134149  4.6368e-06 3.86015e-06 3.38104e-06     0.14499  4.6368e-06 3.86015e-06 2.29364e-06    0.134149    0.134149    0.134149    0.144918    0.134149    0.134149    0.143897
