8	12	12	1
 0  8  0  0  2  5  0  1 12  0  0  0
 7  0  0  0  2  5  0  1  0  4  0  0
 0  0  0  3  2  0  6  1  0  0  0  0
 0  0  0  3  2  0  6  1  0  4  0  9
 0  8 10  0  0  0  0  1  0  0  0  0
 7  0  0  0  0  0  0  1  0  4  0  0
 0  0  0  3  0  0  0  1  0  0  0  0
 0  0  0  3  0  0  0  1  0  4 11  9
0.7	0.8	0.5	0.6	0.4	1	1	0.8	0.2	0.8	0.1	0.6	
0.041	0.448	0.102	0.462	0.85	0.137	0.947	0.055	
------target--------
4
------result--------
8	
------details--------
 0.50962  0.50889 0.506219 0.626809 0.508845  0.50889 0.506695  0.62128
0.511917  0.51134 0.513222 0.427117 0.511237  0.51134 0.513248 0.419428
8.29464e-08 2.54942e-06 2.45185e-05   0.0195067 2.53838e-06 2.54942e-06 2.12575e-05   0.0203058
------result2--------
4	3	
------details2--------
 0.508871    0.5062  0.626815  0.508826  0.508871  0.506676  0.621283  0.508871  0.505455   0.62652  0.508089         0  0.505933  0.620944    0.5062  0.505455         0  0.505408  0.505455  0.506219  0.626698  0.626815   0.62652  0.626809  0.626672   0.62652  0.626809         0  0.508826  0.508089  0.505408  0.626672  0.508089  0.505886  0.621079  0.508871         0  0.505455   0.62652  0.508089  0.505933  0.620944  0.506676  0.505933         0         0  0.505886  0.505933         0  0.621283  0.620944  0.626698  0.626698  0.621079  0.620944   0.62128
 0.511322  0.513203  0.427104  0.511219  0.511322  0.513229  0.419416  0.511182  0.512468  0.426594  0.510493   0.50889  0.512494  0.418931  0.508524  0.507938  0.506219  0.507835  0.507938         0 0.0129499  0.626111  0.627459         0  0.627082  0.627459         0  0.626809  0.511142  0.510551   0.51242  0.426565  0.510551  0.512446  0.418908  0.511182   0.50889  0.512468  0.426594  0.510493  0.512494  0.418931  0.508997  0.508412  0.506695  0.506695  0.508308  0.508412  0.506695  0.620852  0.622035  0.558824  0.558824  0.621679  0.622035         0
 0.511182  0.508524  0.626111  0.511142  0.511182  0.508997  0.620852  0.511322  0.507938  0.627459  0.510551         0  0.508412  0.622035  0.513203  0.512468         0   0.51242  0.512468  0.512928  0.558824  0.427104  0.426594         0  0.426565  0.426594  0.145716  0.558824  0.511219  0.510493  0.507835  0.627082  0.510493  0.508308  0.621679  0.511322         0  0.507938  0.627459  0.510551  0.508412  0.622035  0.513229  0.512494         0         0  0.512446  0.512494         0  0.419416  0.418931 0.0129499  0.649726  0.418908  0.418931 0.0135087
 0.513631  0.515575   0.42875  0.513529  0.513631  0.515598  0.420941  0.513631  0.514953  0.428319  0.512952   0.51134  0.514978   0.42057  0.515575  0.514953  0.513222  0.514856  0.514953  0.513248  0.509628   0.42875  0.428319  0.513222  0.428241  0.428319  0.513248  0.418592  0.513529  0.512952  0.514856  0.428241  0.512952  0.514881  0.420489  0.513631   0.51134  0.514953  0.428319  0.512952  0.514978   0.42057  0.515598  0.514978  0.513248  0.513248  0.514881  0.514978  0.513248  0.420941   0.42057  0.509628  0.418592  0.420489   0.42057  0.513248
2.63336e-06 2.46051e-05   0.0195067 2.62261e-06 2.63336e-06 2.13438e-05   0.0203059 2.63336e-06 2.71381e-05   0.0195076 5.11069e-06 2.54942e-06 2.38708e-05   0.0203067 2.46051e-05 2.71381e-05 2.45185e-05 2.71406e-05 2.71381e-05 2.45258e-05   0.0761695   0.0195067   0.0195076   0.0816563   0.0195074   0.0195076    0.051627   0.0208353 2.62261e-06 5.11069e-06 2.71406e-05   0.0195074 5.11069e-06 2.38721e-05   0.0203065 2.63336e-06 2.54942e-06 2.71381e-05   0.0195076 5.11069e-06 2.38708e-05   0.0203067 2.13438e-05 2.38708e-05 2.12575e-05 2.12575e-05 2.38721e-05 2.38708e-05 2.12575e-05   0.0203059   0.0203067   0.0761695   0.0208376   0.0203065   0.0203067   0.0777929
