8	12	12	1
 0  0  1  0  0  2  0  0  0  0  0  0
 0  0  1  9  0  0  5  0  0  0  8  0
 0  0  1  0  3  2  0  0  0  0  0  0
 0  0  1  0  3  0  0 11  6  0  8  0
 0  0  1  0  0  2  0  0  0  0  0 12
10  4  1  0  0  0  5  0  0  0  0  0
 0  0  1  0  0  2  0  0  0  7  0  0
 0  4  1  0  0  0  0  0  6  7  0  0
0.2	1	0.9	0.1	0.2	0.2	0.6	0.2	0.5	1	1	0.7	
0.024	0.943	0.223	0.471	0.292	0.738	0.638	0.298	
------target--------
7
------result--------
8	
------details--------
0.395959 0.395776 0.395851  0.39568 0.395549 0.395663 0.651549 0.651141
0.402696 0.398251 0.398759 0.398171 0.398212 0.398133 0.178443 0.176419
4.75194e-07 1.02101e-06 8.21355e-07 1.42541e-06 2.05752e-06  1.4732e-06    0.120728      0.1218
------result2--------
1	8	
------details2--------
0.395742        0 0.395644        0 0.395629        0 0.651549 0.395742 0.395633  0.39546 0.395331 0.395443 0.651754 0.651343 0.395851 0.395633        0  0.39544  0.39552 0.651603 0.651603 0.395644  0.39546 0.395644 0.395232 0.395346 0.651738 0.651313 0.395549 0.395331  0.39544 0.395232 0.395217 0.651417 0.651417 0.395629 0.395443  0.39552 0.395346 0.395217  0.65176 0.651348 0.651549 0.651754 0.651603 0.651738 0.651417  0.65176        0 0.651549 0.651343 0.651603 0.651313 0.651417 0.651348        0
0.398218 0.395959 0.398144 0.395959   0.3981 0.395959 0.176329 0.402469 0.398552 0.397966 0.397999 0.397927 0.178383 0.176352        0 0.398115 0.395851 0.397965 0.397995   0.1763   0.1763 0.402467 0.397954 0.402467 0.397907 0.397831 0.178408 0.176332        0 0.397815 0.397901  0.39774 0.397695 0.176223 0.176223 0.402359 0.397939  0.39844 0.397853 0.397886 0.178354 0.176323        0  0.64944 0.650393 0.650249 0.652224 0.650196 0.651549 0.581627 0.649069 0.642395 0.649959  0.64978 0.649817 0.651141
0.402469        0 0.402467        0 0.402359        0 0.581627 0.398218 0.398115 0.397954 0.397815 0.397939  0.64944 0.649069 0.398306 0.398552 0.402467 0.397901  0.39844 0.650393 0.642395 0.398144 0.397966 0.398057  0.39774 0.397853 0.650249 0.649959 0.398072 0.397999 0.397965 0.397907 0.397886 0.652224  0.64978   0.3981 0.397927 0.397995 0.397831 0.397695 0.650196 0.649817 0.176329 0.178383   0.1763 0.178408 0.176223 0.178354 0.581627 0.176329 0.176352   0.1763 0.176332 0.176223 0.176323        0
0.405216 0.402696 0.404734 0.402696 0.404997 0.402696 0.196998 0.405216 0.401066 0.400457  0.40049 0.400418 0.179072 0.177127 0.402696 0.401066  0.39838 0.401385 0.400936 0.217081 0.178803 0.404734 0.400457  0.39838 0.400387 0.400336  0.17869 0.177032 0.402696  0.40049 0.401385 0.400387 0.400371 0.189334 0.177414 0.404997 0.400418 0.400936 0.400336 0.400371 0.179027 0.177055 0.402696 0.179072 0.217081  0.17869 0.189334 0.179027 0.176419 0.196998 0.177127 0.178803 0.177032 0.177414 0.177055 0.176419
1.49805e-06 4.75194e-07 1.90953e-06 4.75194e-07 1.95043e-06 4.75194e-07    0.121831 1.49805e-06  1.8499e-06 2.46275e-06 3.08765e-06 2.51122e-06    0.120729      0.1218 1.00295e-06  1.8499e-06 9.64587e-07 2.77568e-06 2.30291e-06    0.120873    0.121804 1.90953e-06 2.46275e-06 1.86996e-06 3.49632e-06 2.91647e-06    0.120728      0.1218 2.27545e-06 3.08765e-06 2.77568e-06 3.49632e-06 3.54226e-06    0.120772      0.1218 1.95043e-06 2.51122e-06 2.30291e-06 2.91647e-06 3.54226e-06    0.120728      0.1218    0.121429    0.120729    0.120873    0.120728    0.120772    0.120728    0.121828    0.121831      0.1218    0.121804      0.1218      0.1218      0.1218      0.1218
