8	12	12	1
 0  0  0  0  3  0  0  1  0  0  0 11
 5  7  0  0  0  0  0  1  0  0  0 11
 0  0  0  0  3  4  6  1  0  0  0  0
 5  7 12  0  0  4  6  1  0  0 10  0
 0  0  0  2  3  0  0  1  0  0  0  0
 5  0  0  2  0  0  0  1  0  9  0  0
 0  0  0  2  3  4  0  1  8  0  0  0
 5  0  0  2  0  4  0  1  8  9 10  0
0.2	0.6	0.6	0.4	0.1	0.4	1	1	0.6	0.5	0.1	0.8	
0.825	0.227	0.685	0.62	0.621	0.253	0.475	0.04	
------target--------
1
------result--------
2	
------details--------
0.513472 0.510833 0.300436 0.300149 0.301639 0.301649 0.301127  0.30115
0.123829  0.10065 0.303491 0.303109  0.30619 0.304104 0.304088  0.30366
  0.0925148    0.106185 5.52884e-06 4.99099e-06 2.86249e-06 1.41355e-06 4.08115e-06 3.18366e-06
------result2--------
2	5	
------details2--------
       0 0.511354 0.511351 0.513472  0.51342 0.512818 0.512771        0 0.511354 0.508292 0.513472 0.510764 0.512818 0.509902 0.511354 0.511354        0 0.300436  0.30016 0.299931 0.299643 0.511351 0.508292 0.299823 0.299823 0.299871 0.299311 0.299385        0 0.513472        0 0.299823 0.301364        0 0.300842  0.51342 0.510764  0.30016 0.299871 0.301364  0.30085        0 0.512818 0.512818 0.299931 0.299311 0.301127  0.30085        0 0.512771 0.509902 0.299643        0 0.300842  0.30115 0.300842
0.513472 0.516031 0.514868        0 0.513877 0.515781 0.515021 0.510833 0.510291 0.512526 0.474955 0.511378 0.505575 0.512916 0.100144 0.100144 0.300436        0 0.302625 0.302227 0.302196  0.12541 0.100533  0.30463  0.30463 0.302339 0.302365 0.301872 0.301639 0.100198 0.301639 0.302842 0.303826 0.301639 0.303413 0.123807 0.100595 0.303218 0.302835 0.305919 0.303817 0.301649 0.100181 0.100181 0.302575 0.302326        0  0.30332 0.301127 0.124772 0.100612 0.302726  0.30115 0.305551        0 0.305551
0.474955 0.100144  0.12541 0.100198 0.123807 0.100181 0.124772        0 0.100144 0.100533 0.100198 0.100595 0.100181 0.100612 0.516031 0.510291  0.30463 0.303095 0.303218 0.302575 0.302726 0.514868 0.512526 0.302075 0.302842 0.302835 0.302326 0.302332        0 0.474955        0  0.30463 0.305919        0 0.305551 0.513877 0.511378 0.302625 0.302339 0.303826  0.30332        0 0.515781 0.505575 0.302227 0.302365 0.303453 0.303817 0.305551 0.515021 0.512916 0.302196 0.301872 0.303413 0.303409 0.303315
 0.10065 0.146142 0.122757  0.30619 0.124001 0.176747 0.121676  0.10065 0.101191 0.100728 0.108226  0.10109 0.101962 0.100734 0.146142 0.101191 0.303423  0.30619  0.30569 0.305441 0.305238 0.122757 0.100728 0.303423 0.307401  0.30531 0.305283 0.304854  0.30619 0.108226  0.30619 0.307401 0.308422  0.30619 0.307894 0.124001  0.10109  0.30569  0.30531 0.308422 0.306295 0.304104 0.176747 0.101962 0.305441 0.305283  0.30619 0.306295 0.303791 0.121676 0.100734 0.305238 0.304854 0.307894 0.304104 0.303791
   0.106278   0.0938532   0.0925218    0.101007   0.0925149   0.0954877   0.0925209    0.106185    0.106186    0.106189    0.106288    0.106185    0.106197    0.106187   0.0938532    0.106186 5.61739e-06 6.75796e-06  6.9582e-06 8.68735e-06 8.76966e-06   0.0925218    0.106189 6.84509e-06 8.00372e-06 6.42415e-06 9.17181e-06  8.1681e-06 2.86249e-06    0.106288 2.86249e-06 8.00372e-06 4.28685e-06 2.86249e-06 6.16898e-06   0.0925149    0.106185  6.9582e-06 6.42415e-06 4.28685e-06 5.51391e-06 1.41355e-06   0.0954877    0.106197 8.68735e-06 9.17181e-06 4.92692e-06 5.51391e-06 4.35668e-06   0.0925209    0.106187 8.76966e-06 4.73763e-06 6.16898e-06 3.26488e-06 5.44197e-06
