8	12	12	1
 6  0  1  0  4  0  0  2  0  0  0  0
 0  0  1  0  4  0  0  2  3 10  0  8
 6  0  1  0  0  0  0  0  0  0  7  0
 0  0  1  0  0  0 11  0  3  0  0  8
 0  0  0  0  0  0  0  2  0  0  0  0
 0  0  0  0  0  9  0  2  3  0  0  0
 0  5  0  0  0  0  0  0  0  0  7  0
 0  5  0 12  0  0  0  0  3  0  0  0
0.7	0.4	0.7	0.5	0.6	0.1	0.1	1	0.5	0.1	0.8	0.2	
0.149	0.799	0.439	0.884	0.963	0.214	0.789	0.359	
------target--------
3
------result--------
7	
------details--------
0.529718 0.529949 0.690804 0.531934 0.530101  0.53006  0.68535 0.531769
0.533309 0.533211 0.426359 0.534195 0.533257 0.533245 0.419571 0.534056
5.73975e-06 4.76298e-06   0.0343386 7.68727e-07 4.61414e-06 4.66032e-06   0.0352286 1.35743e-06
------result2--------
3	7	
------details2--------
0.529567        0 0.529529 0.529718 0.529677 0.688122 0.529363 0.529567 0.688266 0.529758 0.529949 0.529907 0.680283 0.529593 0.688122 0.688266 0.690944 0.688122 0.688161        0 0.690745 0.529529 0.529758 0.690944 0.529913  0.52987 0.685467 0.531583        0        0 0.688122 0.529913        0 0.680161 0.529747 0.529677 0.529907 0.688161  0.52987  0.53006 0.680194 0.529705 0.688122 0.680283        0 0.685467 0.680161 0.680194 0.685267 0.529363 0.529593 0.690745 0.531583 0.529747 0.529705 0.685267
0.531678 0.529718 0.531817        0 0.531779 0.416522 0.531666 0.534269  0.43192 0.532059        0 0.532033 0.419907 0.531899  0.69222    0.692 0.689253  0.69222 0.692157 0.690804 0.691125 0.533125 0.533028 0.426245 0.533073 0.533062 0.419461 0.533876 0.530101 0.530101 0.432042 0.532198 0.530101 0.420006 0.532048  0.53439 0.532038 0.432009  0.53216        0 0.419979 0.532007 0.684006 0.687897  0.68535 0.684058 0.688278  0.68817 0.685806  0.53296 0.532863 0.426156 0.533855 0.532909 0.532897 0.419378
0.534269  0.69222 0.533125 0.534436  0.53439 0.684006  0.53296 0.531678    0.692 0.533028 0.532078 0.532038 0.687897 0.532863 0.416522  0.43192 0.426245 0.432042 0.432009 0.592665 0.426156 0.531817 0.532059 0.689253 0.532198  0.53216 0.684058 0.533855        0        0  0.69222 0.533073        0 0.688278 0.532909 0.531779 0.532033 0.692157 0.533062 0.532179  0.68817 0.532897 0.416522 0.419907        0 0.419461 0.420006 0.419979 0.419378 0.531666 0.531899 0.691125 0.533876 0.532048 0.532007 0.685806
0.533268 0.431039   0.5354 0.533257  0.53326 0.421111 0.535259 0.533268 0.423431 0.535303 0.533257 0.533258 0.419402 0.535161 0.431039 0.423431 0.427667 0.423004 0.423125 0.419571 0.427497   0.5354 0.535303 0.427667 0.535345 0.535334 0.420831 0.536147 0.533257 0.533257 0.423004 0.535345 0.533257 0.419325 0.535206  0.53326 0.533258 0.423125 0.535334 0.533257 0.419348 0.535194 0.421111 0.419402 0.419571 0.420831 0.419325 0.419348 0.420653 0.535259 0.535161 0.427497 0.536147 0.535206 0.535194 0.420653
 5.9894e-06   0.0222475 6.52123e-06 5.81795e-06 5.86682e-06   0.0352378 7.11367e-06  5.9894e-06   0.0343614 5.54745e-06  4.8323e-06  4.8946e-06   0.0352413 6.13709e-06   0.0343986   0.0343614   0.0343389   0.0343655   0.0343643   0.0357045   0.0343389 6.52123e-06 5.54745e-06   0.0343389  5.3932e-06 5.44088e-06   0.0352289 2.13355e-06 4.61414e-06 4.61414e-06   0.0343655  5.3932e-06 4.61414e-06   0.0352436 5.98537e-06 5.86682e-06  4.8946e-06   0.0343643 5.44088e-06 4.67665e-06   0.0352429 6.03237e-06   0.0352378   0.0352413   0.0352286   0.0352289   0.0352436   0.0352429   0.0352288 7.11367e-06 6.13709e-06   0.0343389 2.13355e-06 5.98537e-06 6.03237e-06   0.0352288
