8	12	12	1
 0  2 10  1  3  0  0  0  5  0  8  0
 0  2  0  1  0  0  0  0  5  0  0  0
12  2  0  1  3  4  0  0  0  0  0  0
 0  2  0  1  0  4  0  0  0  0  0  9
 0  0  0  1  3  0  7  0  5  6  8  0
 0  0  0  1  0  0  0  0  5  6  0  0
 0  0  0  1  3  4  7 11  0  6  0  0
 0  0  0  1  0  4  0  0  0  6  0  9
0.8	0.6	0.3	0.3	0.2	0.8	0.6	0.1	0.6	1	1	0.3	
0.911	0.101	0.814	0.366	0.782	0.331	0.205	0.365	
------target--------
8
------result--------
4	
------details--------
0.588496 0.589641 0.588773 0.636102 0.587639 0.588873 0.589031 0.649578
0.590631 0.591605 0.591105 0.364446 0.590777   0.5916  0.59165 0.503834
2.25661e-06 5.29004e-07 2.75953e-06   0.0212579 4.40648e-06 3.41202e-06 2.89541e-06   0.0105995
------result2--------
4	7	
------details2--------
0.588496 0.587476 0.628774 0.587235 0.587235 0.587195 0.647943        0 0.588631 0.635569        0        0 0.588834 0.649392 0.587476 0.588631 0.635397 0.586616 0.587859 0.588018 0.649032 0.628774 0.635569 0.635397 0.647873 0.649392 0.649586        0        0 0.587639 0.586616 0.647873 0.587639   0.5876 0.647873 0.587235 0.588873 0.587859 0.649392        0        0        0 0.587195 0.588834 0.588018 0.649586   0.5876 0.588834 0.649586 0.647943 0.649392 0.649032        0 0.647873 0.649392 0.649586
       0 0.589821  0.38302 0.590589 0.590589 0.590546 0.528043 0.589641 0.590965 0.365596 0.589641 0.589641 0.591565 0.506477 0.589624 0.590603  0.36412 0.589768 0.590593 0.590644  0.50285 0.641011 0.643067 0.637023 0.630822 0.611266 0.605075 0.636102 0.587639        0 0.588967 0.332162        0 0.589637 0.332162 0.589845        0   0.5902 0.330811 0.588873 0.588873 0.588873 0.589983 0.591203 0.590358 0.330724 0.590139 0.591203 0.330724 0.650421 0.651617  0.65029 0.649578 0.650894 0.651617 0.649185
  0.5905 0.589624 0.641011 0.589094 0.589845 0.589983 0.650421        0 0.590603 0.643067        0        0 0.591203 0.651617 0.589821 0.590965 0.637023 0.588967   0.5902 0.590358  0.65029  0.38302 0.365596  0.36412 0.332162 0.330811 0.330724        0 0.590589  0.59068 0.589768 0.630822 0.589993 0.590139 0.650894 0.590589 0.591598 0.590593 0.611266        0 0.591203 0.651617 0.590546 0.591565 0.590644 0.605075 0.589637 0.590884 0.649185 0.528043 0.506477  0.50285 0.602957 0.332162 0.330811 0.330724
0.591605 0.591963 0.352937  0.59083 0.592425 0.592944 0.481397 0.591605 0.592937 0.349962 0.591605 0.591605 0.593627 0.457337 0.591963 0.592937 0.364883 0.592109 0.592932 0.592983  0.50514 0.352937 0.349962 0.364883 0.382225 0.461762 0.495167 0.364446  0.59083 0.591605 0.592109 0.382225   0.5916 0.591694 0.533557 0.592425 0.591605 0.592932 0.461762   0.5916 0.591686  0.58115 0.592944 0.593627 0.592983 0.495167 0.591694 0.591686 0.589239 0.481397 0.457337  0.50514 0.364446 0.533557  0.58115 0.589239
2.41563e-06 5.03815e-06   0.0214008 4.80542e-06 6.17957e-06 6.31674e-06   0.0110472 5.29004e-07 3.29282e-06   0.0212707 5.29004e-07 5.29004e-07 3.62916e-06   0.0107009 5.03815e-06 3.29282e-06   0.0212591 7.19458e-06 6.19067e-06 5.67133e-06    0.010601   0.0214008   0.0212707   0.0212591   0.0215822   0.0230294   0.0235827   0.0212579 4.42052e-06 4.51958e-06 7.19458e-06   0.0215822 5.31632e-06 5.28511e-06   0.0148572 6.17957e-06 3.41202e-06 6.19067e-06   0.0230294 3.41202e-06 3.43562e-06 0.000442057 6.31674e-06 3.62916e-06 5.67133e-06   0.0235827 5.28511e-06 3.54567e-06   0.0229104   0.0110472   0.0107009    0.010601   0.0220527   0.0148572   0.0217389   0.0229104
