8	12	12	1
 0  0  0  0  0  0  0  0  6  7  0  2
 0  0  0  9  0  0  0  0  0  7  0  2
 0  0 12  0  0  3  0  0  0  0  0  0
 5  0  0  9  0  3  0  0  0  0  0  0
 0 10  0  0  0  0  4  1  6  0  0  2
 0  0  0  0  0  0  0  1  0  0  8  2
 0  0  0  0 11  0  4  1  0  0  0  0
 5  0  0  0  0  0  0  1  0  0  8  0
0.2	0.8	0.5	0.9	0.9	0.8	1	0.2	0.9	0.6	0.4	0.1	
0.494	0.557	0.747	0.588	0.537	0.8	0.685	0.59	
------target--------
2
------result--------
4	
------details--------
0.448423 0.636883 0.449566 0.608693 0.449508 0.449273 0.449218 0.449273
0.455962  0.36333 0.452057 0.321127 0.452101 0.451753 0.451922 0.451753
2.14336e-05   0.0329263 2.59973e-06   0.0417901 2.87388e-06 3.01102e-06 3.54096e-06 3.01102e-06
------result2--------
1	4	
------details2--------
       0 0.447686 0.636883 0.447629 0.447391 0.447338 0.447391 0.636883 0.636774        0 0.636513 0.636955  0.63631 0.636955 0.447686 0.636774 0.608318 0.448771  0.44853  0.44848  0.44853 0.636883        0 0.608318 0.608117 0.608322 0.607861 0.608322 0.447629 0.636513 0.448771 0.608117 0.448475 0.448424 0.448475 0.447391 0.636955  0.44853 0.608322 0.448475 0.448183        0 0.447338  0.63631  0.44848 0.607861 0.448424 0.448183 0.448183 0.447391 0.636955  0.44853 0.608322 0.448475        0 0.448183
0.448423 0.450188 0.310216 0.450231 0.449882 0.450052 0.449882        0 0.637141 0.636883 0.637717 0.636782 0.637734 0.636782 0.455214 0.362938 0.320794 0.451374 0.451027 0.451193 0.451027 0.540419 0.608693 0.609585 0.609998 0.609214 0.609936 0.609214  0.45516 0.362884 0.451273  0.32076 0.450968 0.451135 0.450968 0.454909 0.362793 0.451042 0.320659 0.451082 0.450902 0.449273 0.454866 0.362712 0.450983 0.320621 0.451026 0.450678 0.450678 0.454909 0.362793 0.451042 0.320659 0.451082 0.449273 0.450902
       0 0.455214 0.540419  0.45516 0.454909 0.454866 0.454909 0.310216 0.362938 0.540419 0.362884 0.362793 0.362712 0.362793 0.450188 0.637141 0.609585 0.451273 0.451042 0.450983 0.451042 0.310216        0 0.320794  0.32076 0.320659 0.320621 0.320659 0.450231 0.637717 0.451374 0.609998 0.451082 0.451026 0.451082 0.449882 0.636782 0.451027 0.609214 0.450968 0.450678        0 0.450052 0.637734 0.451193 0.609936 0.451135 0.450902 0.450902 0.449882 0.636782 0.451027 0.609214 0.450968        0 0.450678
0.455962  0.45779 0.361452  0.45782 0.457486 0.457634 0.457486 0.455962 0.364281 0.321127 0.364355   0.3641 0.364266   0.3641  0.45779 0.364281 0.321935 0.453876 0.453529 0.453696 0.453529 0.361452 0.321127 0.321935 0.321973 0.321799 0.321896 0.321799  0.45782 0.364355 0.453876 0.321973 0.453572  0.45374 0.453572 0.457486   0.3641 0.453529 0.321799 0.453572 0.453392 0.451753 0.457634 0.364266 0.453696 0.321896  0.45374 0.453392 0.453392 0.457486   0.3641 0.453529 0.321799 0.453572 0.451753 0.453392
2.14336e-05 2.40939e-05   0.0441356 2.43597e-05 2.45248e-05 2.50352e-05 2.45248e-05   0.0401088   0.0329268   0.0435879   0.0329271   0.0329269   0.0329274   0.0329269 2.40939e-05   0.0329268   0.0417908 5.49545e-06 5.64564e-06 6.16594e-06 5.64564e-06   0.0441356   0.0417901   0.0417908   0.0417912   0.0417907   0.0417916   0.0417907 2.43597e-05   0.0329271 5.49545e-06   0.0417912 5.91336e-06 6.43749e-06 5.91336e-06 2.45248e-05   0.0329269 5.64564e-06   0.0417907 5.91336e-06 6.58469e-06 3.01102e-06 2.50352e-05   0.0329274 6.16594e-06   0.0417916 6.43749e-06 6.58469e-06 6.58469e-06 2.45248e-05   0.0329269 5.64564e-06   0.0417907 5.91336e-06 3.01102e-06 6.58469e-06
