8	12	12	1
 9  0  0  1  0  3  0  0  0  0  0  0
 0  0  0  1  0  0  6  0  0 10  0  0
 0  2  0  1 12  3  0  0  8  0  0  0
 0  2  0  1  0  0  6  7  0  0 11  0
 9  0  0  1  0  3  0  0  0  0  0  4
 0  0  0  1  0  0  0  0  0  0  0  4
 0  2  5  1  0  3  0  0  8  0  0  4
 0  2  5  1  0  0  0  7  0  0  0  4
0.2	0.9	0.8	0.7	0.3	0.9	0.4	0.1	0.8	0.6	0.7	0.8	
0.558	0.585	0.646	0.739	0.289	0.202	0.918	0.353	
------target--------
5
------result--------
1	
------details--------
0.689582 0.658995 0.658445 0.658772  0.69446 0.659261 0.658196   0.6592
0.480502 0.660916 0.660383 0.660735 0.574595 0.660815 0.660417 0.660843
  0.0114297 1.63118e-06 2.06696e-06 2.02336e-06   0.0064862 7.44727e-07 2.64432e-06 9.40963e-07
------result2--------
1	6	
------details2--------
0.689241 0.686395 0.689001        0  0.69446 0.693509 0.694469 0.689241 0.657913 0.658242 0.694166 0.658735 0.657664 0.658673 0.686395 0.657913 0.657694 0.693493 0.657948 0.657948 0.657885 0.689001 0.658242 0.657694 0.694057   0.6585 0.657425   0.6585        0 0.694166 0.693493 0.694057  0.69446 0.693509 0.694469  0.69446 0.658735 0.657948   0.6585        0        0        0 0.693509 0.657664        0 0.657425 0.693509 0.658196 0.658135 0.694469 0.658673 0.657885        0 0.694469   0.6592 0.658135
0.690486 0.692152 0.690523 0.689582 0.666182 0.686956 0.670142 0.480287  0.65986 0.660214 0.574035 0.660295 0.659894 0.660324  0.49048 0.659847  0.65966  0.59349 0.660077 0.660077 0.660039 0.480637 0.660175 0.659636 0.575036   0.6601 0.659673   0.6601  0.69446 0.695239 0.695129 0.695105        0 0.695353 0.694207  0.46079 0.660659 0.660173 0.660484 0.659261 0.659261 0.659261 0.461238   0.6596 0.658196 0.659424 0.461238        0 0.659939 0.460799 0.660599 0.660112   0.6592 0.460799        0 0.660202
0.480287  0.49048 0.480637        0  0.46079 0.461238 0.460799 0.690486 0.659847 0.660175 0.695239 0.660659   0.6596 0.660599 0.692152  0.65986 0.659636 0.695129 0.660173 0.659552 0.660112 0.690523 0.660214  0.65966 0.695105 0.660484 0.659424 0.660434 0.666182 0.574035  0.59349 0.575036  0.46079 0.461238 0.460799 0.666182 0.660295 0.660077   0.6601        0        0        0 0.686956 0.659894 0.660077 0.659673 0.695353 0.660263 0.660202 0.670142 0.660324 0.660039   0.6601 0.694207 0.661002 0.659939
0.481088 0.472584 0.480275 0.480502 0.617097 0.494898  0.58865 0.481088 0.661788 0.662141 0.576112 0.662217 0.661821 0.662245 0.472584 0.661788 0.661607 0.552759 0.662056 0.660489  0.66203 0.480275 0.662141 0.661607 0.573844 0.662064 0.661647 0.661725 0.480502 0.576112 0.552759 0.573844 0.660815 0.604903 0.656069 0.617097 0.662217 0.662056 0.662064 0.660815 0.660815 0.660815 0.494898 0.661821 0.660489 0.661647 0.604903 0.660815 0.660912  0.58865 0.662245  0.66203 0.661725 0.656069 0.660815 0.660912
  0.0114303   0.0114688   0.0114308   0.0114297   0.0124349   0.0115302   0.0122331   0.0114303 3.71427e-06 3.67054e-06  0.00648709 2.38065e-06 4.29266e-06 2.57953e-06   0.0114688 3.71427e-06 4.10219e-06  0.00673324 3.30567e-06 2.97925e-06 3.50381e-06   0.0114308 3.67054e-06 4.10219e-06  0.00648684 2.80492e-06 4.71046e-06 2.77497e-06   0.0116556  0.00648709  0.00673324  0.00648684   0.0123496  0.00851648   0.0120197   0.0124349 2.38065e-06 3.30567e-06 2.80492e-06 7.44727e-07 7.44727e-07 7.44727e-07   0.0115302 4.29266e-06 2.67678e-06 4.71046e-06  0.00851648 2.72568e-06 2.88271e-06   0.0122331 2.57953e-06 3.50381e-06 1.22498e-06   0.0120197 9.42849e-07 2.88271e-06
