8	12	12	1
 0  0  8  1  0  0  5  2 12  0  3  0
 0  0  0  1  0 11  0  2  0  0  3  0
 0  0  0  1 10  0  5  2  0  0  0  0
 0  0  0  1  0  0  0  2  0  0  0  9
 0  6  8  1  0  0  0  0  0  7  3  0
 0  6  0  1  0  0  0  0  0  0  3  0
 4  0  0  1  0  0  0  0  0  7  0  0
 4  0  0  1  0  0  0  0  0  0  0  9
0.7	0.3	1	0.1	0.3	0.7	0.1	0.5	0.6	0.1	0.1	1	
0.241	0.946	0.768	0.215	0.526	0.701	0.653	0.388	
------target--------
5
------result--------
1	
------details--------
0.655857 0.467718 0.468416 0.467869 0.678093 0.467459 0.468676 0.467869
  0.1532  0.47034 0.470815 0.470556   0.2409 0.474913 0.472165 0.470556
    0.12763  3.4134e-06 1.83822e-06 3.41707e-06   0.0993664 1.73218e-05 1.42357e-06 3.41707e-06
------result2--------
1	5	
------details2--------
 0.655138  0.655712  0.655102  0.672588  0.670509  0.657479  0.655102  0.655138  0.467233  0.466685  0.677687  0.466272  0.467497  0.466685  0.655712  0.467233  0.467387  0.678147  0.466976  0.468197  0.467387  0.655102  0.466685  0.467387  0.677545  0.466427   0.46765         0         0  0.677687  0.678147  0.677545  0.678093  0.678093  0.677545  0.670509  0.466272  0.466976  0.466427         0   0.46721  0.466427  0.657479  0.467497  0.468197   0.46765         0   0.46721   0.46765  0.655102  0.466685  0.467387         0  0.677545  0.466427   0.46765
 0.656739   0.65644   0.65708  0.609501  0.601669  0.632563   0.65708  0.153327  0.469652  0.469383  0.241278  0.473721  0.471005  0.469383  0.153345  0.469866  0.470082  0.241363  0.474423  0.471699  0.470082  0.153218  0.469318  0.469799  0.240984   0.47388  0.471151  0.467869  0.678093  0.678588   0.67788  0.678976         0         0  0.678976  0.147052  0.468914  0.469396   0.46913  0.467459  0.471179   0.46913  0.152577  0.470125  0.470604  0.470341  0.468676  0.474808  0.470341  0.153218  0.469318  0.469799  0.467869  0.240984   0.47388  0.471151
 0.153327  0.153345  0.153218  0.720438  0.147052  0.152577  0.153218  0.656739  0.469866  0.469318  0.678588  0.468914  0.470125  0.469318   0.65644  0.469652  0.469799   0.67788  0.469396  0.470604  0.469799   0.65708  0.469383  0.470082  0.678976   0.46913  0.470341         0  0.609501  0.241278  0.241363  0.240984 0.0836358  0.206401  0.240984  0.601669  0.473721  0.474423   0.47388         0  0.474808   0.47388  0.632563  0.471005  0.471699  0.471151         0  0.471179  0.471151   0.65708  0.469383  0.470082         0  0.678976   0.46913  0.470341
 0.153043  0.152612  0.153172 0.0441017  0.186043   0.16349  0.153172  0.153043  0.472277  0.472015   0.24043  0.476411  0.473639  0.472015  0.152612  0.472277  0.472492  0.238999  0.476951  0.474148  0.472492  0.153172  0.472015  0.472492  0.240763  0.476618  0.473851  0.470556 0.0441017   0.24043  0.238999  0.240763  0.474913  0.472165  0.240763  0.186043  0.476411  0.476951  0.476618  0.474913  0.476593  0.476618   0.16349  0.473639  0.474148  0.473851  0.472165  0.476593  0.473851  0.153172  0.472015  0.472492  0.470556  0.240763  0.476618  0.473851
   0.127631    0.127631    0.127632    0.196032    0.128995    0.127692    0.127632    0.127631 5.27725e-06 6.85777e-06   0.0993669 2.08111e-05  4.8544e-06 6.85777e-06    0.127631 5.27725e-06  5.2748e-06   0.0993676 1.92253e-05   3.279e-06  5.2748e-06    0.127632 6.85777e-06  5.2748e-06    0.099367 2.07969e-05 4.85312e-06 3.41707e-06    0.195747   0.0993669   0.0993676    0.099367    0.148196    0.108593    0.099367    0.128995 2.08111e-05 1.92253e-05 2.07969e-05 1.73218e-05 1.88955e-05 2.07969e-05    0.127692  4.8544e-06   3.279e-06 4.85312e-06 1.42357e-06 1.88955e-05 4.85312e-06    0.127632 6.85777e-06  5.2748e-06 3.41707e-06    0.099367 2.07969e-05 4.85312e-06
