8	12	12	1
 0  0  0  0  1  0  0  3  0  0  0  4
 9  0  0  0  1  0  0  3  0  0  7  4
 0 12  0  0  1  0  0  0  0  6  0  4
 0  0  0  0  1  0 11  0  0  0  7  4
 0  0  2  0  1  0  0  3  5  0  0  0
 0  0  2  8  1  0  0  3  5  0  0  0
 0  0  2  0  1 10  0  0  0  6  0  0
 0  0  2  8  1  0  0  0  0  0  0  0
0.8	0.2	0.9	0.3	0.6	0.4	0.2	0.7	0.2	0.7	0.2	0.9	
0.275	0.953	0.248	0.788	0.156	0.438	0.056	0.834	
------target--------
6
------result--------
8	
------details--------
0.529523 0.528335 0.529421 0.529213 0.530095 0.592657 0.530097 0.591717
0.531971 0.531286  0.53193 0.531814 0.531705 0.403281 0.532349 0.391445
2.28001e-06 4.14718e-06 2.59265e-06 3.12126e-06 1.54583e-07   0.0159659  2.0842e-07   0.0172034
------result2--------
5	8	
------details2--------
       0        0        0 0.529473  0.59213 0.529475 0.591185 0.528335 0.528233 0.528025 0.528284 0.591433 0.528287 0.590467 0.529421 0.528233  0.52911 0.529371 0.592135 0.529374 0.591186 0.529213 0.528025  0.52911 0.529163 0.592153 0.529165 0.591195 0.529473 0.528284 0.529371 0.529163        0 0.530048 0.592657  0.59213 0.591433 0.592135 0.592153 0.592657  0.59264        0 0.529475 0.528287 0.529374 0.529165 0.530048  0.59264 0.591698 0.591185 0.590467 0.591186 0.591195 0.592657        0 0.591698
0.529523 0.529523 0.529523 0.531088 0.402906 0.531731 0.391083        0 0.530431 0.530233 0.529921 0.402297 0.530557 0.390488        0   0.5307  0.53133 0.530991 0.402865 0.531633 0.391039        0  0.53049 0.531324 0.530791 0.402781  0.53143 0.390948 0.531922 0.531237 0.531881 0.531765 0.530095 0.532301 0.390142 0.594199 0.593423 0.593938 0.593552        0 0.593469 0.592657 0.531924 0.531239 0.531883 0.531767  0.53166  0.40326 0.391423 0.593274   0.5925 0.593021 0.592644 0.563916 0.591717 0.592583
       0        0        0 0.531922 0.594199 0.531924 0.593274 0.530802   0.5307  0.53049 0.531237 0.593423 0.531239   0.5925 0.531627 0.530431 0.531324 0.531881 0.593938 0.531883 0.593021  0.53143 0.530233  0.53133 0.531765 0.593552 0.531767 0.592644 0.531088 0.529921 0.530991 0.530791        0  0.53166 0.563916 0.402906 0.402297 0.402865 0.402781 0.390142  0.40326 0.563916 0.531731 0.530557 0.531633  0.53143 0.532301 0.593469 0.592583 0.391083 0.390488 0.391039 0.390948 0.390142        0 0.391423
0.531971 0.531971 0.531971 0.533543 0.404394 0.534186 0.392518 0.531971  0.53203 0.532096  0.53286 0.403913 0.533504 0.392059 0.531971  0.53203    0.532 0.533504 0.404323 0.534146  0.39246 0.531971 0.532096    0.532 0.533391 0.404196 0.534033 0.392351 0.533543  0.53286 0.533504 0.533391 0.531705  0.53392   0.4403 0.404394 0.403913 0.404323 0.404196 0.531705 0.404298 0.391445 0.534186 0.533504 0.534146 0.534033  0.53392 0.404298 0.392457 0.392518 0.392059  0.39246 0.392351   0.4403 0.391445 0.392457
2.28001e-06 2.28001e-06 2.28001e-06  2.4358e-06   0.0159673 2.48947e-06   0.0172048 4.55544e-06 4.84924e-06 5.39815e-06 4.30532e-06   0.0159676  4.3584e-06   0.0172051 2.59986e-06 4.84924e-06  3.4646e-06 2.74921e-06   0.0159671  2.8026e-06   0.0172046 3.16477e-06 5.39815e-06  3.4646e-06 3.27929e-06   0.0159668 3.33214e-06   0.0172044  2.4358e-06 4.30532e-06 2.74921e-06 3.27929e-06 1.54583e-07 3.63299e-07   0.0172811   0.0159673   0.0159676   0.0159671   0.0159668   0.0171001   0.0159659   0.0172406 2.48947e-06  4.3584e-06  2.8026e-06 3.33214e-06 3.63299e-07   0.0159659   0.0172034   0.0172048   0.0172051   0.0172046   0.0172044   0.0172811   0.0172034   0.0172034
