8	12	12	1
 1  0  9  0  5  0  7  0  0  0  3  0
 1  0  0  0  5  0  0  0  0  0  3 10
 1  0  0  0  0  0  7  0  0  0  3  0
 1  0  0  4  0  0  0  0  0  0  3  0
 1  6  9  0  0  2  0  8  0 12  0  0
 1  6  0  0  0  2  0  0  0  0  0 10
 1  0  0  0  0  2  0  8 11  0  0  0
 1  0  0  4  0  2  0  0  0  0  0  0
0.3	0.8	0.3	0.1	0.8	0.4	0.8	1	0.8	0.4	0.9	0.6	
0.332	0.631	0.951	0.457	0.22	0.539	0.607	0.299	
------target--------
1
------result--------
5	
------details--------
0.673825 0.618092 0.617819 0.618986  0.65014 0.618092 0.618391 0.618986
0.575065 0.620247 0.620366 0.620982  0.39978 0.620247 0.620554 0.620982
 0.00514028  2.4586e-06  3.4355e-06  5.5338e-07   0.0139635  2.4586e-06 2.22636e-06  5.5338e-07
------result2--------
1	3	
------details2--------
0.673424 0.673825 0.673892        0 0.673424  0.67342 0.673892 0.673424 0.616769 0.617947 0.649359        0 0.617347 0.617947        0 0.616769 0.617675  0.67155 0.616769 0.617074 0.617675 0.673892 0.617947 0.617675 0.650093 0.617947 0.618248        0  0.67155 0.649359  0.67155 0.650093 0.649359 0.649527 0.650093 0.673424        0 0.616769 0.617947 0.649359 0.617347 0.617947  0.67342 0.617347 0.617074 0.618248 0.649527 0.617347 0.618248 0.673892 0.617947 0.617675        0 0.650093 0.617947 0.618248
0.674255        0 0.672965 0.673825 0.674255 0.674605 0.672965 0.573996 0.619334 0.619974 0.399454 0.618092 0.619524 0.619974 0.617819 0.618945 0.619692 0.323342 0.618945 0.619253 0.619692 0.574866 0.620109 0.620226 0.399671 0.620109 0.620415 0.618986 0.631177 0.650983 0.631177 0.650749 0.650983 0.651326 0.650749 0.573996 0.618092 0.619334 0.619974 0.399454 0.619524 0.619974 0.574346 0.619514 0.619632 0.620261 0.399569 0.619514 0.620261 0.574866 0.620109 0.620226 0.618986 0.399671 0.620109 0.620415
0.573996        0 0.574866 0.631177 0.573996 0.574346 0.574866 0.674255 0.618945 0.620109 0.650983        0 0.619514 0.620109        0 0.619334 0.620226 0.631177 0.619334 0.619632 0.620226 0.672965 0.619974 0.619692 0.650749 0.619974 0.620261        0 0.700852 0.399454 0.323342 0.399671 0.399454 0.399569 0.399671 0.674255        0 0.618945 0.620109 0.650983 0.619514 0.620109 0.674605 0.619524 0.619253 0.620415 0.651326 0.619524 0.620415 0.672965 0.619974 0.619692        0 0.650749 0.619974 0.620261
0.576234 0.620366 0.577727 0.282902 0.576234 0.576472 0.577727 0.576234 0.621494 0.622113 0.400139 0.620247 0.621684 0.622113 0.620366 0.621494 0.622238 0.517413 0.621494 0.621801 0.622238 0.577727 0.622113 0.622238 0.401276 0.622113 0.622419 0.620982 0.282902 0.400139 0.517413 0.401276 0.400139 0.400195 0.401276 0.576234 0.620247 0.621494 0.622113 0.400139 0.621684 0.622113 0.576472 0.621684 0.621801 0.622419 0.400195 0.621684 0.622419 0.577727 0.622113 0.622238 0.620982 0.401276 0.622113 0.622419
 0.00514187   0.0419322  0.00514093   0.0237513  0.00514187  0.00514175  0.00514093  0.00514187  5.9228e-06 3.02337e-06   0.0139648  2.4586e-06 4.70627e-06 3.02337e-06  3.4355e-06  5.9228e-06 3.99902e-06   0.0170601  5.9228e-06 5.68397e-06 3.99902e-06  0.00514093 3.02337e-06 3.99902e-06   0.0139636 3.02337e-06 2.78728e-06  5.5338e-07   0.0238146   0.0139648   0.0170601   0.0139636   0.0139648   0.0139649   0.0139636  0.00514187  2.4586e-06  5.9228e-06 3.02337e-06   0.0139648 4.70627e-06 3.02337e-06  0.00514175 4.70627e-06 5.68397e-06 2.78728e-06   0.0139649 4.70627e-06 2.78728e-06  0.00514093 3.02337e-06 3.99902e-06  5.5338e-07   0.0139636 3.02337e-06 2.78728e-06
