8	12	12	1
 0  0  2  0  1  0  0  0  0  4  0  0
 0  0  0  0  1  3  0  0  0  4  0  9
 0  0  2 12  1  0  8  0  0  0  5  0
 0  0  0  0  1  3  8  0  6  0  5  0
 0  7  2  0  1  0  0  0  0  4  0  0
 0  0  0  0  1  3  0 11  0  4  0  9
10  7  2  0  1  0  0  0  0  0  5  0
 0  0  0  0  1  3  0  0  6  0  5  0
0.2	0.3	0.1	0.7	0.1	0.3	0.5	1	0.7	0.9	0.1	0.5	
0.142	0.233	0.947	0.666	0.123	0.055	0.022	0.379	
------target--------
5
------result--------
7	
------details--------
0.835195 0.835094 0.834678 0.834752 0.865209 0.835059 0.862785  0.83503
0.835964 0.836017 0.835733 0.835898 0.649547 0.836014  0.09933 0.836084
2.07044e-07 4.94213e-07 9.92449e-07 1.18545e-06   0.0170036 5.87289e-07   0.0502899 7.28569e-07
------result2--------
5	1	
------details2--------
        0  0.834594  0.834668         0         0  0.865157  0.834946  0.835094  0.834491  0.834565  0.865156         0  0.865103  0.834844  0.834594  0.834491  0.834347  0.865072  0.834455  0.862592  0.834347  0.834668  0.834565         0  0.865032  0.834529  0.862565  0.834752  0.865209  0.865156  0.865072  0.865032  0.865128         0  0.865093  0.835059  0.835059  0.834455  0.834529  0.865128  0.865075  0.834808  0.865157  0.865103  0.862592  0.862565  0.865157  0.865075  0.862652  0.834946  0.834844  0.834347         0  0.865093  0.834808  0.862652
 0.835195  0.835651  0.835815  0.835195  0.835195 0.0924674  0.836001         0   0.83555  0.835715         0  0.835094 0.0925763  0.835901  0.835369  0.835422  0.835554  0.648104  0.835418 0.0995756  0.835554  0.835443  0.835496  0.834752  0.648452  0.835492 0.0994944         0         0  0.865679  0.865313  0.865417  0.865724  0.865209  0.865585         0         0  0.835515  0.835679         0 0.0926108  0.835866  0.843667    0.8536  0.862931  0.863043  0.843667  0.855214  0.863215  0.835718  0.835771  0.835503   0.83503  0.649126  0.835767 0.0993795
        0  0.835369  0.835443         0         0  0.843667  0.835718   0.83608  0.835422  0.835496  0.865679         0    0.8536  0.835771  0.835651   0.83555  0.835308  0.865313  0.835515  0.862931  0.835503  0.835815  0.835715  0.835554  0.865417  0.835679  0.863043  0.835701         0         0  0.648104  0.648452         0  0.843667  0.649126  0.836057  0.835989  0.835418  0.835492  0.865724  0.855214  0.835767 0.0924674 0.0925763 0.0995756 0.0994944  0.877442 0.0926108 0.0993795  0.836001  0.835901  0.835554         0  0.865585  0.835866  0.863215
 0.835964  0.836423  0.836587  0.835964  0.835964  0.264788  0.836772  0.835964  0.836476   0.83664   0.81243  0.836017  0.142014  0.836825  0.836423  0.836476  0.836017   0.65066  0.836472 0.0991386  0.836617  0.836587   0.83664  0.836017  0.650856  0.836637 0.0991317  0.836084  0.835964   0.81243   0.65066  0.650856  0.804729 0.0117323  0.650928  0.835964  0.836017  0.836472  0.836637  0.804729  0.132247  0.836822  0.264788  0.142014 0.0991386 0.0991317 0.0117323  0.132247 0.0991667  0.836772  0.836825  0.836617  0.836084  0.650928  0.836822 0.0991667
2.07044e-07 1.20165e-06 1.39486e-06 2.07044e-07 2.07044e-07   0.0506363 9.36904e-07 4.96609e-07 1.49224e-06 1.68566e-06   0.0533405 4.94213e-07   0.0504283 1.22595e-06 1.20165e-06 1.49224e-06 1.69572e-06   0.0170041 1.58613e-06     0.05029 1.86799e-06 1.39486e-06 1.68566e-06 1.25408e-06   0.0170041 1.77962e-06   0.0502901 1.24657e-06   0.0587711   0.0533405   0.0170041   0.0170041    0.051585   0.0587028   0.0170039 5.89071e-07 5.87367e-07 1.58613e-06 1.77962e-06    0.051585   0.0504013  1.3195e-06   0.0506363   0.0504283     0.05029   0.0502901   0.0587052   0.0504013   0.0502901 9.36904e-07 1.22595e-06 1.86799e-06 7.28569e-07   0.0170039  1.3195e-06   0.0502901
