8	12	12	1
 0  0  1  0  0  8  9  0  2  0  3  0
 0  0  1  0  0  0  9  0  2  0  0  4
 0  0  1  0  0  0  0  0  0  7  3  0
 0 12  1  0  0  0  0  5  0  0  0  4
 0  0  0  0  0  8  0  0  2  0  3  0
 6  0  0  0 11  0  0  0  2  0  0  4
 0  0  0  0  0  0  0  0  0  7  3  0
 6  0  0 10  0  0  0  5  0  0  0  4
0.7	0.5	0.1	0.1	0.2	0.4	0.4	0.7	0.1	0.3	1	0.3	
0.471	0.877	0.392	0.895	0.199	0.679	0.159	0.083	
------target--------
1
------result--------
2	
------details--------
0.587713   0.5838 0.505019 0.504532 0.505137 0.505076 0.505019 0.505343
0.404748 0.387301 0.507342 0.506938 0.508063 0.507395 0.507342 0.507649
  0.0166655   0.0186485 1.35601e-06 2.61443e-06 1.21218e-06 1.16263e-06 1.35601e-06 8.41454e-08
------result2--------
2	5	
------details2--------
       0 0.587674 0.587414 0.587713 0.587749 0.587674 0.587722        0 0.583728 0.583439 0.587713 0.583803 0.583728 0.583806 0.587674 0.583728 0.504184 0.504793  0.50473        0 0.505001 0.587414 0.583439 0.504184 0.504306 0.504241 0.504184 0.504514        0 0.587713 0.504793 0.504306  0.50485 0.504793 0.505119 0.587749 0.583803  0.50473 0.504241  0.50485  0.50473 0.505057 0.587674 0.583728        0 0.504184 0.504793  0.50473 0.505001 0.587722 0.583806 0.505001 0.504514 0.505119 0.505057 0.505001
0.587713 0.587934 0.588275        0 0.587461 0.587934 0.586625   0.5838 0.584207 0.584478 0.541531 0.583778 0.584207 0.583035 0.404566 0.387136   0.5066 0.507725 0.507062 0.505019 0.507323 0.404295  0.38689 0.506526 0.507242 0.506582 0.506526 0.506846 0.505137 0.383532 0.507121 0.506716 0.507174 0.507121  0.50743 0.404593  0.38716 0.507064 0.506656 0.507781 0.507064 0.507381 0.404566 0.387136 0.505019   0.5066 0.507725 0.507062 0.507323 0.404737 0.387291 0.507324  0.50692 0.508045 0.507377 0.507324
0.541531 0.404566 0.404295 0.383532 0.404593 0.404566 0.404737        0 0.387136  0.38689 0.383532  0.38716 0.387136 0.387291 0.587934 0.584207 0.506526 0.507121 0.507064        0 0.507324 0.588275 0.584478   0.5066 0.506716 0.506656   0.5066  0.50692        0 0.541531 0.507725 0.507242 0.507781 0.507725 0.508045 0.587461 0.583778 0.507062 0.506582 0.507174 0.507062 0.507377 0.587934 0.584207        0 0.506526 0.507121 0.507064 0.507324 0.586625 0.583035 0.507323 0.506846  0.50743 0.507381 0.507323
0.387301 0.405822 0.405624 0.508063 0.405875 0.405822 0.406127 0.387301 0.388274 0.388096 0.441928 0.388329 0.388274  0.38858 0.405822 0.388274 0.508934  0.51007 0.509393 0.507342 0.509644 0.405624 0.388096 0.508934  0.50966 0.508987 0.508934 0.509239 0.508063 0.441928  0.51007  0.50966  0.51013  0.51007 0.510397 0.405875 0.388329 0.509393 0.508987  0.51013 0.509393 0.509699 0.405822 0.388274 0.507342 0.508934  0.51007 0.509393 0.509644 0.406127  0.38858 0.509644 0.509239 0.510397 0.509699 0.509644
  0.0188514   0.0166657    0.016666   0.0186822   0.0166657   0.0166657   0.0166655   0.0186485   0.0186486   0.0186491   0.0190222   0.0186486   0.0186486   0.0186485   0.0166657   0.0186486 3.98925e-06 2.57525e-06 2.53138e-06 1.35601e-06 1.44129e-06    0.016666   0.0186491 3.98925e-06 3.83766e-06 3.79571e-06 3.98925e-06 2.70017e-06 1.21218e-06   0.0190222 2.57525e-06 3.83766e-06 2.38183e-06 2.57525e-06 1.29692e-06   0.0166657   0.0186486 2.53138e-06 3.79571e-06 2.38183e-06 2.53138e-06 1.24806e-06   0.0166657   0.0186486 1.35601e-06 3.98925e-06 2.57525e-06 2.53138e-06 1.44129e-06   0.0166655   0.0186485 1.44129e-06 2.70017e-06 1.29692e-06 1.24806e-06 1.44129e-06
