8	12	12	1
 0  2  0  0  6  0  1  0  9  0  0  0
 0  2  0  0  0  0  1  0  0  0  7  0
 0  2  0  0  6  4  1  0  0  0  0  0
 0  2  0  0  0  4  1  0  0  0  0  0
 0  0  0  0  0  0  1  3  0 10  0  8
 5  0  0 12  0  0  1  3  0  0  7  0
 0  0 11  0  0  0  1  3  0  0  0  8
 5  0  0  0  0  0  1  3  0  0  0  0
0.1	0.9	0.4	1	0.6	0.9	0.7	0.3	0.3	0.1	0.8	0.3	
0.721	0.89	0.272	0.669	0.113	0.949	0.574	0.111	
------target--------
3
------result--------
1	
------details--------
 0.75257  0.67484  0.78564 0.674157 0.675892 0.674015 0.675559 0.675892
0.469596   0.6769 0.564633 0.678401 0.677661 0.676508 0.677356 0.677641
   0.034713 2.41907e-06   0.0282692 9.96947e-06 7.62827e-08 2.58374e-06  1.1617e-06 7.42607e-08
------result2--------
3	4	
------details2--------
0.751796 0.780445 0.780445 0.752568 0.751305 0.752407 0.752568 0.751796 0.785241 0.673074  0.67482        0 0.674482  0.67482        0 0.785241  0.78564 0.785654 0.785128 0.785675 0.785654 0.780445 0.673074        0 0.674138  0.67224   0.6738 0.674138 0.752568  0.67482 0.785654 0.674138 0.673995  0.67554 0.675873 0.751305 0.674015 0.785128  0.67224 0.673995 0.673652 0.674015 0.752407 0.674482 0.785675   0.6738  0.67554 0.673652  0.67554 0.752568  0.67482 0.785654 0.674138 0.675873        0  0.67554
0.753281 0.716592 0.716592 0.752755 0.752966 0.753233 0.752743 0.469712 0.563851 0.677328 0.676611  0.67484 0.676294 0.676597  0.78564 0.786006        0 0.784405   0.7858 0.785501 0.784401 0.426015 0.675152 0.674157 0.675915 0.674757 0.675613 0.675894 0.469635 0.676882 0.564616 0.678381  0.67649 0.677338 0.677623 0.470066        0 0.563227 0.676499  0.67581 0.675477        0 0.469864  0.67655 0.564358 0.678047 0.677323 0.676157 0.677302 0.469635 0.676882 0.564616 0.678382 0.677644 0.675892 0.677338
0.469712 0.808662 0.426015 0.469635 0.470066 0.469864 0.469635 0.753281 0.786006 0.675152 0.676882        0  0.67655 0.676882 0.716592 0.563851        0 0.564616 0.563227 0.564358 0.564616 0.716592 0.677328        0 0.678381 0.676499 0.678047 0.678382 0.752755 0.676611 0.784405 0.675915  0.67581 0.677323 0.677644 0.752966 0.675661   0.7858 0.674757  0.67649 0.676157 0.676492 0.753233 0.676294 0.785501 0.675613 0.677338 0.675477 0.677338 0.752743 0.676597 0.784401 0.675894 0.677623        0 0.677302
0.469488 0.293222 0.550367 0.465926 0.469446 0.468473 0.465943 0.469488 0.565362 0.679401 0.678656   0.6769 0.678353 0.678655 0.293222 0.565362 0.678401 0.566256 0.565081 0.565777  0.56624 0.550367 0.679401 0.678401 0.680202 0.679007 0.679869 0.680181 0.465926 0.678656 0.566256 0.680202 0.678267 0.679113 0.679396 0.469446   0.6769 0.565081 0.679007 0.678267 0.677961 0.677641 0.468473 0.678353 0.565777 0.679869 0.679113 0.677961 0.679093 0.465943 0.678655  0.56624 0.680181 0.679396 0.677641 0.679093
  0.0347141   0.0708739   0.0385812   0.0347131    0.034714   0.0347134   0.0347131   0.0347141     0.02827 1.24251e-05  2.4965e-06 2.41907e-06 3.59362e-06 2.49559e-06   0.0706913     0.02827    0.108715   0.0282693     0.02827   0.0282696   0.0282693   0.0385812 1.24251e-05 9.96947e-06  1.0048e-05 1.25958e-05 1.11563e-05 1.00459e-05   0.0347131  2.4965e-06   0.0282693  1.0048e-05 2.66153e-06 1.23906e-06 1.50704e-07    0.034714 3.16036e-06     0.02827 1.25958e-05 2.66153e-06  3.7612e-06 2.61568e-06   0.0347134 3.59362e-06   0.0282696 1.11563e-05 1.23906e-06  3.7612e-06 1.23702e-06   0.0347131 2.49559e-06   0.0282693 1.00459e-05 1.50704e-07 7.42607e-08 1.23702e-06
