8	12	12	1
 1  0  0  0  0  0 12  0  0  0  0  7
 0  0  0  2  0  0  0  0  0 10  0  0
 1  0  0  0  0  4  0  8  0  0  6  0
 0  5  0  2  9  0  0  0  0  0  6  0
 1  0  0  0  0  0  0  0  3  0  0  7
 0  0  0  2  0  0  0  0  3  0  0  0
 1  0  0  0  0  4  0  0  3  0  0  0
 0  5 11  2  0  0  0  0  3  0  0  0
0.8	0.7	0.5	0.8	0.8	0.1	0.1	0.1	1	0.3	0.2	0.3	
0.415	0.55	0.631	0.762	0.296	0.903	0.446	0.657	
------target--------
5
------result--------
1	
------details--------
 0.67995 0.653607  0.65377 0.653036 0.708985 0.652058 0.651984 0.651678
0.336612 0.655476  0.65524 0.655102 0.624929 0.654971  0.65494 0.654744
  0.0172043 9.63462e-07 3.28422e-07 2.27786e-06  0.00357531 4.38938e-06 4.44111e-06 4.20326e-06
------result2--------
5	6	
------details2--------
0.679772 0.679446  0.67924 0.708441 0.708441 0.708417 0.707697 0.679772 0.653496 0.652759  0.70898  0.65178 0.651705 0.651397 0.679446 0.653496 0.652925 0.709023 0.651876 0.651876 0.651495  0.67924 0.652759 0.652925 0.708572 0.651203 0.651128 0.650818        0  0.70898 0.709023 0.708572 0.708985 0.708962 0.708239 0.708441  0.65178 0.651876 0.651203        0        0        0 0.708417 0.651705        0 0.651128 0.708962 0.651984 0.651605 0.707697 0.651397 0.651495 0.650818 0.708239 0.651678 0.651605
0.680985 0.686249 0.680977 0.664044 0.664044 0.665079 0.669698 0.337108 0.654978 0.654831 0.624602 0.654698 0.654668 0.654471 0.340166 0.655371 0.654994 0.625871 0.654859 0.654859 0.654632 0.337092 0.654643 0.654413 0.624059 0.654127 0.654097   0.6539 0.708985 0.709017  0.70864 0.709578        0 0.709508 0.711264 0.222318 0.653666 0.653736 0.653285 0.652058 0.652058 0.652058 0.222791 0.653595 0.651984 0.653212        0        0 0.653138 0.224461 0.653293 0.653355 0.652907        0        0 0.653341
0.337108 0.340166 0.337092  0.72247 0.222318 0.222791 0.224461 0.680985 0.655371 0.654643 0.709017 0.653666 0.653595 0.653293 0.686249 0.654978 0.654413  0.70864 0.653736  0.65373 0.653355 0.680977 0.654831 0.654994 0.709578 0.653285 0.653212 0.652907 0.664044 0.624602 0.625871 0.624059        0        0        0 0.664044 0.654698 0.654859 0.654127        0        0        0 0.665079 0.654668 0.654859 0.654097 0.709508 0.653743 0.653341 0.669698 0.654471 0.654632   0.6539 0.711264 0.653215 0.653138
0.333597 0.294271 0.335901  0.25418 0.489383  0.47521 0.421393 0.333597 0.656847 0.656708 0.626853 0.656576 0.656547 0.656352 0.294271 0.656847  0.65647 0.610619 0.656705 0.655833 0.656366 0.335901 0.656708  0.65647 0.626197   0.6562  0.65617 0.655974  0.25418 0.626853 0.610619 0.626197 0.654971  0.65368 0.647159 0.489383 0.656576 0.656705   0.6562 0.654971 0.654971 0.654971  0.47521 0.656547 0.655833  0.65617  0.65368 0.654971 0.654971 0.421393 0.656352 0.656366 0.655974 0.647159 0.654971 0.654971
   0.017205   0.0172372   0.0172059   0.0233148   0.0211456   0.0208077   0.0194732    0.017205 1.29737e-06 3.25316e-06  0.00357619 5.36473e-06 5.41863e-06 5.18268e-06   0.0172372 1.29737e-06 2.61241e-06  0.00359409 4.90881e-06 4.69345e-06 4.68408e-06   0.0172059 3.25316e-06 2.61241e-06  0.00357706 6.68953e-06 6.74348e-06 6.50799e-06   0.0233086  0.00357619  0.00359409  0.00357706   0.0342808   0.0329688   0.0263335   0.0211456 5.36473e-06 4.90881e-06 6.68953e-06 4.38938e-06 4.38938e-06 4.38938e-06   0.0208077 5.41863e-06  4.5438e-06 6.74348e-06   0.0329688 4.49216e-06 4.85542e-06   0.0194732 5.18268e-06 4.68408e-06 6.50799e-06   0.0263335 4.75219e-06 4.85542e-06
