8	12	12	1
 0  0  1  0  4  0  0  2  0  0  3  0
 0  0  1  0  4  0  0  0  0  8  3  0
 0  7  1  0  0  0  0  2  0  0  3  0
 0  7  1  9  0  0  0  0 11  8  3  0
 0  0  1  0  0  5  0  2  0  0  0 12
 0  0  1  0  0  5  0  0  0  0  0  0
 0  0  1  0  0  0  6  2  0  0  0  0
10  0  1  9  0  0  6  0  0  0  0  0
0.5	0.1	0.7	0.8	0.5	1	0.5	0.1	0.6	0.9	0.1	0.5	
0.707	0.185	0.169	0.149	0.256	0.645	0.126	0.73	
------target--------
2
------result--------
4	
------details--------
0.762948 0.861247 0.763541 0.846184 0.762762 0.762889 0.763485 0.763085
0.765084 0.599657 0.765477 0.388071 0.764432 0.764493 0.764857  0.76455
2.61877e-06   0.0432481 1.67689e-07   0.0746267 1.93007e-06 1.74395e-06 3.15963e-07 1.32155e-06
------result2--------
2	1	
------details2--------
       0 0.762915 0.859473 0.762129 0.762258 0.762858 0.762454 0.861247  0.86126        0 0.861002 0.860988 0.861236 0.861244 0.762915  0.86126        0 0.762729 0.762856 0.763453 0.763053 0.859473 0.859473 0.846184 0.845741 0.845775 0.846146 0.846013 0.762129 0.861002 0.762729 0.845741 0.762762 0.762672 0.762266 0.762258 0.860988 0.762856 0.845775        0 0.762799 0.762395 0.762858 0.861236 0.763453 0.846146 0.762672 0.762799        0 0.762454 0.861244 0.763053 0.846013 0.762266 0.762395 0.763085
0.762948 0.764926 0.362356 0.763809 0.763871 0.764239 0.763929        0 0.860445 0.861247 0.861504 0.861593   0.8614 0.861254 0.765056 0.599654 0.763541 0.764401 0.764462 0.764826 0.764519 0.815843 0.815843        0 0.846651 0.846731 0.846727 0.846524 0.764276  0.59946 0.764683 0.388515        0 0.764054 0.763744 0.764402 0.599443 0.764805 0.388346 0.762889 0.764179 0.763869 0.764996  0.59965 0.765391 0.388148 0.764344 0.764405 0.763485 0.764598 0.599671 0.765005 0.388611 0.763946 0.764007        0
       0 0.765056 0.815843 0.764276 0.764402 0.764996 0.764598        0 0.599654 0.815843  0.59946 0.599443  0.59965 0.599671 0.764926 0.860445        0 0.764683 0.764805 0.765391 0.765005 0.362356 0.879106 0.350295 0.388515 0.388346 0.388148 0.388611 0.763809 0.861504 0.764401 0.846651 0.763992 0.764344 0.763946 0.763871 0.861593 0.764462 0.846731        0 0.764405 0.764007 0.764239   0.8614 0.764826 0.846727 0.764054 0.764179        0 0.763929 0.861254 0.764519 0.846524 0.763744 0.763869 0.764476
0.765084 0.766859 0.470241 0.765952 0.766012  0.76638 0.766075 0.765084 0.599831 0.163373 0.599867 0.599946 0.599753 0.599627 0.766859 0.599831 0.765477  0.76634 0.766399 0.766762 0.766458 0.470241 0.163373 0.765477 0.387595 0.387697 0.386935 0.386973 0.765952 0.599867  0.76634 0.387595 0.764493 0.765721 0.765415 0.766012 0.599946 0.766399 0.387697 0.764493 0.765782 0.765475  0.76638 0.599753 0.766762 0.386935 0.765721 0.765782 0.764857 0.766075 0.599627 0.766458 0.386973 0.765415 0.765475 0.764857
2.61877e-06 2.78968e-06   0.0766542 4.56893e-06 4.37893e-06 2.93884e-06 3.95972e-06    0.135054   0.0432481     0.12026   0.0432483   0.0432484   0.0432481   0.0432481 2.78968e-06   0.0432481 1.67689e-07 2.09981e-06  1.9132e-06 4.84095e-07  1.4915e-06   0.0766542    0.120346   0.0799672   0.0746275   0.0746275   0.0746268   0.0746272 4.56893e-06   0.0432483 2.09981e-06   0.0746275 1.96632e-06 2.24939e-06 3.26703e-06 4.37893e-06   0.0432484  1.9132e-06   0.0746275 1.74395e-06 2.06265e-06 3.07791e-06 2.93884e-06   0.0432481 4.84095e-07   0.0746268 2.24939e-06 2.06265e-06 3.15963e-07 3.95972e-06   0.0432481  1.4915e-06   0.0746272 3.26703e-06 3.07791e-06  1.3426e-06
