8	12	12	1
 4  0  0  0  0  0  0  0  1  8  9  0
 0  0  0  0  0  2  5  0  1  8  0  0
 4  7  0  0  0  0  0  0  1  0  0  0
 0  7  0  3 11  2  0  0  1  0  0  0
 0  0  0  0  0  0  0  6  1  0  9  0
 0  0  0  0  0  2  5  6  1  0  0 12
 0  0 10  0  0  0  0  0  1  0  0  0
 0  0  0  3  0  2  0  0  1  0  0  0
0.1	0.7	0.6	0.9	0.7	0.6	0.8	0.5	1	0.7	0.4	0.8	
0.518	0.239	0.208	0.477	0.334	0.262	0.139	0.509	
------target--------
1
------result--------
5	
------details--------
0.561322 0.467642 0.468004 0.466595 0.551205 0.467926 0.468152 0.467434
0.320211 0.472206 0.470444 0.469663 0.234786 0.470394 0.470555 0.470041
  0.0281256  5.3274e-06 1.36733e-06 4.64595e-06   0.0406745 1.66158e-06 7.79236e-07 3.07198e-06
------result2--------
2	5	
------details2--------
0.561322  0.56115 0.560433        0  0.56111 0.561251 0.560765        0 0.467319 0.465904 0.561322  0.46724 0.467467 0.466747  0.56115 0.467319        0 0.550998 0.467603  0.46783 0.467096 0.560433 0.465904 0.466595 0.550122  0.46619 0.466418 0.466595        0 0.561322 0.550998 0.550122  0.55095 0.551112 0.550565  0.56111  0.46724 0.467603  0.46619  0.55095 0.467751 0.467031 0.561251 0.467467  0.46783 0.466418 0.551112 0.467751 0.467258 0.560765 0.466747 0.467096        0 0.550565 0.467031 0.467258
       0 0.562446 0.562002 0.561322 0.562406 0.562213 0.562384 0.467642 0.469765 0.468981 0.223651 0.469715 0.469877  0.46936 0.320025 0.471885 0.468004 0.234695 0.470074 0.470236 0.469731   0.3192 0.470476        0 0.234292 0.468672 0.468837        0 0.551205 0.500993 0.552561 0.552036 0.552517 0.552389 0.552429  0.31998 0.471807 0.470046 0.469263 0.234673 0.470158 0.469642 0.320109 0.472033 0.470271 0.469489  0.23474 0.470221 0.469867 0.319697 0.471315 0.469594 0.467434 0.234518 0.469506 0.469668
0.223651 0.320025   0.3192 0.500993  0.31998 0.320109 0.319697        0 0.471885 0.470476 0.500993 0.471807 0.472033 0.471315 0.562446 0.469765        0 0.552561 0.470046 0.470271 0.469594 0.562002 0.468981 0.469425 0.552036 0.469263 0.469489  0.46908        0 0.223651 0.234695 0.234292 0.234673  0.23474 0.234518 0.562406 0.469715 0.470074 0.468672 0.552517 0.470221 0.469506 0.562213 0.469877 0.470236 0.468837 0.552389 0.470158 0.469668 0.562384  0.46936 0.469731        0 0.552429 0.469642 0.469867
0.472206 0.321451 0.321004 0.234786 0.321423 0.321543  0.32121 0.472206 0.474346 0.473563 0.335533 0.474296  0.47446  0.47394 0.321451 0.474346 0.470444 0.235395 0.472526 0.472686 0.472208 0.321004 0.473563 0.470444 0.235174 0.471745 0.471907 0.470041 0.234786 0.335533 0.235395 0.235174 0.235379  0.23539 0.235307 0.321423 0.474296 0.472526 0.471745 0.235379 0.472637 0.472122 0.321543  0.47446 0.472686 0.471907  0.23539 0.472637 0.472283  0.32121  0.47394 0.472208 0.470041 0.235307 0.472122 0.472283
  0.0409838    0.028126    0.028127   0.0414292   0.0281261   0.0281257   0.0281267  5.3274e-06 6.70385e-06 1.00048e-05   0.0421893 7.00014e-06 6.11253e-06 8.41785e-06    0.028126 6.70385e-06 1.36733e-06    0.040675 3.03428e-06 2.14939e-06 4.49774e-06    0.028127 1.00048e-05 4.85666e-06    0.040676 6.32607e-06   5.435e-06 4.89535e-06   0.0406745   0.0421893    0.040675    0.040676   0.0406751   0.0406747   0.0406758   0.0281261 7.00014e-06 3.03428e-06 6.32607e-06   0.0406751 2.44428e-06 4.74443e-06   0.0281257 6.11253e-06 2.14939e-06   5.435e-06   0.0406747 2.44428e-06 3.85688e-06   0.0281267 8.41785e-06 4.49774e-06 3.07198e-06   0.0406758 4.74443e-06 3.85688e-06
