8	12	12	1
 0  0  0  3  0  0  0  1  0  0  0  0
 0  6 12  0  0  0  0  1  2  0  0  0
 5  0  0  0  0  4  0  1  0  0  0  0
 0  0  0  0  0  4  0  1  2  0  0  0
 0  0  0  3  0  0  0  1  0  0  8  0
 0  6  0  0  0  0  0  1  2  7  8  0
 5  0  0  0  0  0 10  1  0  0  0  9
 0  0  0  0 11  0  0  1  2  7  0  9
0.8	0.9	0.2	0.5	0.5	0.6	0.3	0.6	0.1	0.4	0.5	0.5	
0.962	0.15	0.308	0.663	0.721	0.172	0.233	0.774	
------target--------
3
------result--------
7	
------details--------
0.640052 0.640794 0.775627 0.639313 0.639515 0.640514 0.750448 0.640245
0.642045   0.6427 0.469439 0.644099 0.641783 0.641805 0.206669 0.642224
2.07038e-06 2.18525e-07   0.0506003 1.08532e-05 2.70675e-06 6.94892e-07    0.101634 1.80291e-06
------result2--------
3	4	
------details2--------
 0.639997  0.775583  0.638506         0  0.639515  0.750093  0.639441  0.639997  0.775651  0.639257  0.639458  0.640459  0.750441   0.64019  0.775583  0.775651  0.775627  0.775673  0.775701         0  0.775623  0.638506  0.639257         0  0.637961  0.638974  0.773753  0.638701  0.639515  0.639458  0.775673  0.637961         0  0.749926  0.638896  0.639515  0.640459  0.775701  0.638974         0  0.750357  0.639907  0.750093  0.750441  0.773753  0.773753  0.749926  0.750357  0.750198  0.639441   0.64019  0.775623  0.638701  0.638896  0.639907  0.750198
 0.641923  0.469184  0.643298  0.640052  0.641227  0.207306  0.641435  0.641992   0.46943  0.644044  0.641729  0.641752  0.206755  0.642171  0.775693  0.774833         0  0.775595  0.775415  0.775627  0.775635  0.640517  0.641178  0.639313  0.640252  0.640275  0.183726  0.640698         0    0.6414  0.469052  0.642755  0.639515  0.207904  0.640902  0.641765  0.642372  0.469363  0.643759  0.640514  0.207067  0.641891  0.750981  0.750703  0.705847  0.705847  0.750812  0.750709  0.751018  0.641447  0.642112  0.469257  0.643493  0.641182  0.641206   0.20719
 0.641992  0.775693  0.640517         0  0.641765  0.750981  0.641447  0.641923  0.774833  0.641178    0.6414  0.642372  0.750703  0.642112  0.469184   0.46943         0  0.469052  0.469363  0.705847  0.469257  0.643298  0.644044         0  0.642755  0.643759  0.705847  0.643493  0.641227  0.641729  0.775595  0.640252  0.641765  0.750812  0.641182  0.641227  0.641752  0.775415  0.640275         0  0.750709  0.641206  0.207306  0.206755  0.803396  0.183726  0.207904  0.207067   0.20719  0.641435  0.642171  0.775635  0.640698  0.640902  0.641891  0.751018
 0.643907  0.469826  0.645321  0.642045  0.643358  0.205698  0.643431  0.643907  0.469744  0.646013  0.643648  0.643667  0.203678  0.644086  0.469826  0.469744  0.644099  0.469714  0.469659 0.0795739  0.469859  0.645321  0.646013  0.644099  0.645058  0.645083  0.282539  0.645503  0.642045  0.643648  0.469714  0.645058  0.641805  0.205788  0.643169  0.643358  0.643667  0.469659  0.645083  0.641805  0.205517   0.64319  0.205698  0.203678 0.0795739  0.282539  0.205788  0.205517  0.205462  0.643431  0.644086  0.469859  0.645503  0.643169   0.64319  0.205462
2.29236e-06   0.0506004 1.29686e-05 2.07038e-06 3.21337e-06    0.101635 3.89365e-06 2.29236e-06   0.0506003 1.10785e-05 2.93032e-06 9.14959e-07    0.101634  2.0246e-06   0.0506004   0.0506003    0.146029   0.0506004   0.0506004    0.142732   0.0506004 1.29686e-05 1.10785e-05 1.08532e-05 1.36234e-05 1.15669e-05    0.104829  1.2697e-05 2.89353e-06 2.93032e-06   0.0506004 1.36234e-05 2.70725e-06    0.101635 4.53862e-06 3.21337e-06 9.14959e-07   0.0506004 1.15669e-05 6.94892e-07    0.101634 2.50642e-06    0.101635    0.101634    0.142818    0.104829    0.101635    0.101634    0.101635 3.89365e-06  2.0246e-06   0.0506004  1.2697e-05 4.53862e-06 2.50642e-06    0.101635
