8	12	12	1
 0  0  2  0  1  0  0  0  7  0  0  0
 0  0  2  0  1  0  3  0  0  0  9  0
 0 10  2  0  1  0  0  0  0  0  0  0
 5 10  2  0  1  0  3  0  0  0  9  0
 0  0  0  0  1  0  0  0  7  8  0  4
 0  0  0  0  1 12  3  0  0  0  0  4
 0  0  0 11  1  0  0  6  0  8  0  4
 5  0  0  0  1  0  3  6  0  0  0  4
0.8	0.7	0.5	0.2	0.5	0.2	0.2	0.5	0.6	0.5	0.9	1	
0.531	0.17	0.084	0.202	0.74	0.942	0.585	0.512	
------target--------
4
------result--------
3	
------details--------
0.746119 0.746251 0.832739 0.839454 0.745709 0.746308 0.745825 0.746213
 0.74765 0.748769 0.257468 0.480094   0.7474 0.747778 0.747336 0.747696
1.25924e-06 1.77538e-06   0.0967631   0.0604261 1.88951e-06 7.94876e-07 1.50779e-06 1.02841e-06
------result2--------
2	3	
------details2--------
0.745815 0.832621 0.839389        0  0.74587 0.745231 0.745779 0.745815 0.839454        0 0.745403 0.746004 0.745519 0.745909 0.832621 0.839454        0 0.832601 0.832808 0.832741 0.832686 0.839389 0.839454        0 0.839432 0.839572 0.839574 0.839448 0.745709 0.745403 0.832601 0.839432 0.745456        0 0.745354  0.74587 0.746004 0.832808 0.839572 0.745456 0.745571 0.745965 0.745231 0.745519 0.832741 0.839574 0.745231 0.745571 0.745825 0.745779 0.745909 0.832686 0.839448 0.745354 0.745965        0
0.748337 0.257417 0.479853 0.746119  0.74735 0.746951 0.747259 0.747349 0.246538 0.746251 0.747098 0.747477 0.747034 0.747395 0.833034 0.786932 0.832739 0.832876 0.832395 0.832736 0.832914 0.839615        0 0.839454 0.839475 0.838866 0.839325 0.839471        0 0.747926 0.257372 0.479603 0.746948 0.745709 0.746864 0.747407 0.748523 0.257437 0.479913 0.747157 0.747094 0.747454 0.747024 0.748039 0.257386 0.479633 0.747024 0.747063        0 0.747308  0.74843  0.25743 0.479896 0.747062 0.747444 0.746213
0.747349 0.833034 0.839615        0 0.747407 0.747024 0.747308 0.748337 0.786932        0 0.747926 0.748523 0.748039  0.74843 0.257417 0.246538        0 0.257372 0.257437 0.257386  0.25743 0.479853 0.246538 0.786932 0.479603 0.479913 0.479633 0.479896 0.747071 0.747098 0.832876 0.839475 0.747157 0.747024 0.747062  0.74735 0.747477 0.832395 0.838866 0.746948 0.747063 0.747444 0.746951 0.747034 0.832736 0.839325 0.746783 0.747094 0.747009 0.747259 0.747395 0.832914 0.839471 0.746864 0.747454        0
0.749874 0.257598 0.480709  0.74765  0.74888 0.748603   0.7488 0.749874 0.388685 0.748769 0.749626 0.750018 0.749564 0.749922 0.257598 0.388685 0.257468 0.257566 0.257629 0.257558 0.257597 0.480709 0.748769 0.257468 0.480593 0.481013 0.480596 0.480767  0.74765 0.749626 0.257566 0.480593 0.748633 0.747596 0.748566  0.74888 0.750018 0.257629 0.481013 0.748633 0.748571 0.748927 0.748603 0.749564 0.257558 0.480596 0.747596 0.748571 0.747696   0.7488 0.749922 0.257597 0.480767 0.748566 0.748927 0.747696
3.04082e-06   0.0967633   0.0604262 1.25924e-06 2.06292e-06  3.1046e-06 2.28961e-06 3.04082e-06   0.0981693 1.77538e-06 3.67512e-06 2.57608e-06 3.29244e-06  2.8094e-06   0.0967633   0.0981693   0.0967631   0.0967632   0.0967632   0.0967631   0.0967632   0.0604262   0.0944064   0.0976509   0.0604262   0.0604263   0.0604262   0.0604261 1.99826e-06 3.67512e-06   0.0967632   0.0604262 2.70021e-06 1.98704e-06 2.95249e-06 2.06292e-06 2.57608e-06   0.0967632   0.0604263 2.70021e-06 2.31889e-06 1.83191e-06  3.1046e-06 3.29244e-06   0.0967631   0.0604262 2.66435e-06 2.31889e-06 1.65788e-06 2.28961e-06  2.8094e-06   0.0967632   0.0604261 2.95249e-06 1.83191e-06 1.02841e-06
