8	12	12	1
 0  4  0  0  0  0  0  0  0  0  1  0
 0  4  0  0  0  0  0  6 12  3  1  0
 5  0  0  0  0  8  2  0  0  0  1  0
 0  0  0  0  0  8  2  0  0  3  1  9
 0  4  0  7  0  0  0  0  0  0  1  0
 0  4  0  0 10  0  0  6  0  3  1  0
 5  0 11  7  0  0  2  0  0  0  1  0
 0  0  0  0  0  0  2  0  0  3  1  9
0.9	0.8	0.4	0.3	0.1	0.4	0.7	0.8	0.5	0.9	0.6	1	
0.786	0.579	0.03	0.844	0.407	0.248	0.426	0.325	
------target--------
4
------result--------
8	
------details--------
0.291827  0.29137 0.293184 0.571608 0.291599 0.291775 0.292919 0.569564
0.294765 0.294541  0.30458 0.129922 0.294667  0.29475 0.294943 0.126711
5.20546e-06 5.73867e-06 3.77215e-06    0.109129  5.5899e-06 5.32977e-06 1.57983e-06    0.110886
------result2--------
3	8	
------details2--------
       0 0.291687 0.570631        0        0 0.291261 0.568558  0.29137 0.291229 0.570783 0.291149 0.291318 0.290807 0.568691 0.291687 0.291229        0 0.291458 0.291634 0.292779 0.571608 0.570631 0.570783 0.571608 0.570785 0.570696 0.571833        0 0.291599 0.291149 0.291458 0.570785 0.291547        0 0.568701 0.291775 0.291318 0.291634 0.570696 0.291547 0.291208  0.56862 0.291261 0.290807 0.292779 0.571833 0.291261 0.291208  0.56977 0.568558 0.568691 0.571608        0 0.568701  0.56862  0.56977
0.291827  0.30303 0.129472 0.291827 0.291827 0.293655 0.126266        0 0.302539 0.129345 0.293209 0.293581 0.293184 0.126136 0.294626 0.294401 0.293184 0.294527  0.29461 0.294804  0.12645 0.572539 0.572115        0  0.57224 0.572438 0.570719 0.571608        0 0.293219 0.302781 0.129409 0.293823 0.291599 0.126201        0 0.293415 0.302971 0.129457 0.293663 0.293603  0.12625 0.294379 0.294139 0.304141 0.129811 0.294379 0.294362 0.126596 0.570523 0.570101 0.449068 0.569564 0.570228 0.570424 0.568751
       0 0.294626 0.572539        0        0 0.294379 0.570523 0.293469 0.294401 0.572115 0.293219 0.293415 0.294139 0.570101  0.30303 0.302539        0 0.302781 0.302971 0.304141 0.449068 0.129472 0.129345  0.12645 0.129409 0.129457 0.129811 0.449068 0.293716 0.293209 0.294527  0.57224 0.293663 0.294379 0.570228 0.294057 0.293581  0.29461 0.572438 0.293823 0.294362 0.570424 0.293655 0.293184 0.294804 0.570719 0.293603 0.293603 0.568751 0.126266 0.126136  0.12645        0 0.126201  0.12625 0.126596
0.294765 0.306098 0.130358 0.294765 0.294765 0.296723 0.127143 0.294765 0.305878 0.130284 0.294782  0.29477 0.296405 0.127072 0.306098 0.305878  0.30458 0.306009 0.306089 0.306382 0.153579 0.130358 0.130284  0.30458 0.130324 0.130353 0.130368 0.126711 0.294765 0.294782 0.306009 0.130324 0.294768 0.295561 0.127112 0.294765  0.29477 0.306089 0.130353 0.294768 0.296699 0.127139 0.296723 0.296405 0.306382 0.130368 0.295561 0.296699 0.127175 0.127143 0.127072 0.153579 0.126711 0.127112 0.127139 0.127175
5.20546e-06 8.98567e-06     0.10913 5.20546e-06 5.20546e-06 7.35781e-06    0.110887 6.09616e-06 9.52178e-06     0.10913  6.5884e-06  6.2281e-06 7.79529e-06    0.110887 8.98567e-06 9.52178e-06 3.77215e-06 9.37226e-06 9.11074e-06 5.35748e-06    0.111091     0.10913     0.10913    0.110435     0.10913     0.10913    0.109129    0.111072 5.71685e-06  6.5884e-06 9.37226e-06     0.10913 5.85032e-06 5.93786e-06    0.110887 5.34299e-06  6.2281e-06 9.11074e-06     0.10913 5.85032e-06 7.47778e-06    0.110887 7.35781e-06 7.79529e-06 5.35748e-06    0.109129 6.65404e-06 7.47778e-06    0.110886    0.110887    0.110887    0.111091    0.110886    0.110887    0.110887    0.110886
