8	12	12	1
 0  0  0  0  0  1  0  0  0  0  8  4
 0  0  0 12  0  1  3  0  6  7  8  4
 0  0  2  0 10  1  0  0  0  0  0  4
 0  0  2  0  0  1  3  0  0  7  0  4
 0  0  0  0  0  1  0 11  0  0  0  0
 0  9  0  0  0  1  3  0  6  0  0  0
 5  0  2  0  0  1  0  0  0  0  0  0
 5  9  2  0  0  1  3  0  0  0  0  0
0.2	0.3	0.2	0.2	0.8	0.6	0.7	0.1	0.5	0.3	0.9	0.6	
0.262	0.715	0.761	0.581	0.739	0.202	0.028	0.405	
------target--------
8
------result--------
6	
------details--------
0.555514   0.5549  0.55499 0.555625 0.555835 0.622731 0.555978 0.622905
0.557849 0.557505 0.557418 0.557794  0.55803 0.207447 0.557475  0.21899
1.78434e-06 3.34042e-06 2.88951e-06 1.32397e-06 6.27951e-07   0.0486081 2.52357e-08   0.0469376
------result2--------
6	7	
------details2--------
       0 0.554514  0.55514 0.555361 0.622413 0.555505 0.622588   0.5549 0.553891   0.5549 0.554743  0.62245 0.554892  0.62263 0.554514 0.553891 0.554623 0.554835 0.622217 0.554982 0.622394  0.55514        0 0.554623 0.555471 0.622702 0.555616 0.622878 0.555361 0.554743 0.554835 0.555471 0.622807 0.555826 0.622982 0.622413  0.62245 0.622217 0.622702 0.622807 0.622905        0 0.555505 0.554892 0.554982 0.555616 0.555826 0.622905        0 0.622588  0.62263 0.622394 0.622878 0.622982        0 0.622905
0.555514 0.556947 0.557346 0.557563 0.207326 0.557008 0.218865        0 0.556338        0 0.556979 0.207204 0.556417 0.218763 0.556857 0.556513 0.556808 0.557053 0.207213 0.556496 0.218754 0.557506 0.555625 0.557059 0.557683 0.207376 0.557125 0.218928 0.557699 0.557356 0.557268 0.557647 0.207412 0.557332 0.218967 0.623979 0.623121 0.623466 0.622875 0.621717 0.593444 0.622731 0.557841 0.557497  0.55741 0.557786 0.558022 0.207171 0.555978 0.624149 0.623287 0.623635 0.623038 0.621872 0.622905        0
       0 0.556857 0.557506 0.557699 0.623979 0.557841 0.624149  0.55718 0.556513 0.557313 0.557356 0.623121 0.557497 0.623287 0.556947 0.556338 0.557059 0.557268 0.623466  0.55741 0.623635 0.557346        0 0.556808 0.557647 0.622875 0.557786 0.623038 0.557563 0.556979 0.557053 0.557683 0.621717 0.558022 0.621872 0.207326 0.207204 0.207213 0.207376 0.207412 0.207171        0 0.557008 0.556417 0.556496 0.557125 0.557332 0.593444        0 0.218865 0.218763 0.218754 0.218928 0.218967 0.593444 0.207171
0.557849 0.559292 0.559705 0.559903 0.207934 0.559347 0.219493 0.557849  0.55895 0.557794 0.559572 0.207798 0.559014 0.219318 0.559292  0.55895 0.559237 0.559473 0.207791 0.558917 0.219336 0.559705 0.557794 0.559237 0.559851 0.207814 0.559294 0.219314 0.559903 0.559572 0.559473 0.559851 0.207942 0.559543 0.219326 0.207934 0.207798 0.207791 0.207814 0.207942 0.277055 0.207447 0.559347 0.559014 0.558917 0.559294 0.559543 0.277055 0.557475 0.219493 0.219318 0.219336 0.219314 0.219326 0.207447 0.557475
1.78434e-06 4.68601e-06 3.15244e-06 2.41649e-06   0.0486088  1.8098e-06   0.0469383 3.43497e-06 6.26455e-06 3.38735e-06 3.98723e-06   0.0486083 3.36651e-06   0.0469378 4.68601e-06 6.26455e-06 4.22955e-06 3.52727e-06   0.0486088 2.91524e-06   0.0469383 3.15244e-06 1.32397e-06 4.22955e-06 1.96079e-06   0.0486081 1.34961e-06   0.0469376 2.41649e-06 3.98723e-06 3.52727e-06 1.96079e-06   0.0486082 6.53504e-07   0.0469378   0.0486088   0.0486083   0.0486088   0.0486081   0.0486082   0.0486258   0.0486081  1.8098e-06 3.36651e-06 2.91524e-06 1.34961e-06 6.53504e-07   0.0486258 2.52357e-08   0.0469383   0.0469378   0.0469383   0.0469376   0.0469378   0.0486171   0.0485104
