8	12	12	1
 0  6  0 11  4  0  1  2  0  0  0  0
 0  0  0  0  0  0  1  0  7  8  0  0
 0  0  9  0  4 10  0  2  0  0  3  0
 0  0  0  0  0  0  0  0  7  0  3  0
 5  6  0  0  0  0  1  2  0  0  0  0
 5  0  0  0  0  0  1  0  0  8  0 12
 0  0  9  0  0  0  0  2  0  0  3  0
 0  0  0  0  0  0  0  0  0  0  3  0
0.2	0.7	0.9	0.2	0.3	0.6	0.5	0.9	1	1	0.3	1	
0.925	0.526	0.623	0.305	0.102	0.143	0.484	0.562	
------target--------
2
------result--------
6	
------details--------
0.465699 0.705196 0.464633 0.463463 0.466086 0.665329 0.465135 0.465863
0.468212 0.202209 0.467466 0.471453 0.468504 0.130192 0.467748 0.468166
2.20608e-06    0.133375  3.9392e-06 2.91937e-05 7.94956e-07    0.146684 3.36622e-06 1.52885e-06
------result2--------
6	2	
------details2--------
 0.705402  0.464054  0.462893  0.465699  0.665278  0.464561  0.465294  0.705402  0.705352   0.70506  0.705147         0  0.705073   0.70506  0.464054  0.705352  0.462325  0.464454  0.664662  0.464633  0.464633  0.462893         0  0.462325  0.463284  0.698712  0.462785  0.463463         0  0.705147  0.464454  0.463284  0.665229  0.464957  0.465686  0.665278  0.698854  0.664662  0.698712  0.665229  0.664346    0.6642  0.464561  0.705073         0  0.462785  0.464957  0.664346  0.465135  0.465294   0.70506         0         0  0.465686    0.6642         0
 0.201999  0.466905  0.470871         0  0.130168  0.467189  0.467614   0.70449  0.705083  0.705785  0.705812  0.705196  0.705352  0.705785  0.466601  0.206384  0.473296  0.466883  0.130127         0         0  0.465417  0.463463  0.464677  0.465716  0.119159  0.464968         0  0.466086  0.202142   0.46729  0.471274  0.130174  0.467572  0.467991  0.665504  0.561597  0.665817  0.612115  0.666584  0.666618  0.670716  0.467096  0.208044  0.465135  0.473871  0.467382  0.130283         0  0.467819  0.210134  0.465863  0.465863  0.468108  0.130543  0.465863
  0.70449  0.466601  0.465417  0.468071  0.665504  0.467096  0.467819  0.201999  0.206384         0  0.202142  0.561597  0.208044  0.210134  0.466905  0.705083  0.464677   0.46729  0.665817  0.466618  0.467163  0.470871  0.705785  0.473296  0.471274  0.612115  0.473871  0.474681         0  0.705812  0.466883  0.465716  0.666584  0.467382  0.468108  0.130168  0.764971  0.130127  0.119159  0.130174  0.130283  0.130543  0.467189  0.705352         0  0.464968  0.467572  0.666618  0.467467  0.467614  0.705785         0         0  0.467991  0.670716         0
 0.202941  0.469433  0.473507  0.468504  0.130276  0.469714  0.470134  0.202941  0.199041  0.380509  0.203061 0.0308117  0.194226  0.160356  0.469433  0.199041  0.470823  0.469722   0.13024  0.467748  0.468166  0.473507  0.380509  0.470823  0.473747  0.157051  0.470186  0.468166  0.468504  0.203061  0.469722  0.473747  0.130424  0.470004  0.470421  0.130276 0.0308117   0.13024  0.157051  0.130424  0.130071  0.128531  0.469714  0.194226  0.467748  0.470186  0.470004  0.130071  0.468166  0.470134  0.160356  0.468166  0.468166  0.470421  0.128531  0.468166
   0.133375 6.18523e-06 3.14901e-05 2.22464e-06    0.146684 5.60342e-06 3.75517e-06    0.133375    0.133394     0.20483    0.133375    0.223129    0.133444    0.133887 6.18523e-06    0.133394 3.18139e-05 4.74213e-06    0.146685 4.21611e-06 4.18406e-06 3.14901e-05   0.0152862 3.18139e-05 3.00068e-05    0.149643 3.26792e-05 3.66536e-05 7.94956e-07    0.133375 4.74213e-06 3.00068e-05    0.146685 4.16759e-06 2.32752e-06    0.146684    0.223627    0.146685    0.149643    0.146685    0.146686    0.146694 5.60342e-06    0.133444 3.36622e-06 3.26792e-05 4.16759e-06    0.146686   3.468e-06 3.75517e-06    0.133887 1.52885e-06 1.52885e-06 2.32752e-06    0.146694 1.52885e-06
