8	12	12	1
 0  1  0  0  0  0  0  0  0  0  0  8
 0  1  0  0  0  0 11  0  0  0  0  0
 0  0  0  0  0  3  0  2  0  6  0  8
 0  0  0  0  0  0  0  2  5  6  0  0
 0  1  0 12  0  0  0  0  0  0  7  0
 4  1 10  0  0  0  0  0  0  0  0  0
 0  0  0  0  0  3  0  2  0  0  7  0
 4  0  0  0  9  0  0  2  5  0  0  0
0.5	1	0.3	0.4	0.2	0.8	0.2	0.1	0.8	0.7	0.6	0.1	
0.209	0.715	0.395	0.796	0.006	0.154	0.213	0.417	
------target--------
3
------result--------
1	
------details--------
0.574222 0.561363  0.58192 0.561173 0.561402 0.561552 0.561406 0.561477
0.274912 0.563542 0.537368 0.562295 0.563608 0.563721 0.563611  0.56365
 0.00738797 1.09302e-06 0.000999287 6.23863e-07 9.77042e-07 3.99592e-07 9.59876e-07 6.90059e-07
------result2--------
4	1	
------details2--------
0.574033        0  0.58192 0.574005 0.574149 0.574009 0.574108 0.574033 0.581813 0.560884 0.561116 0.561267 0.561121 0.561191        0 0.581813  0.58192 0.581734 0.581866 0.581737 0.581854  0.58192 0.560884        0 0.560925 0.561077  0.56093    0.561 0.574005 0.561116 0.581734 0.560925 0.561307 0.561402 0.561231 0.574149 0.561267 0.581866 0.561077 0.561307 0.561311 0.561382 0.574009 0.561121 0.581737  0.56093        0 0.561311 0.561236 0.574108 0.561191 0.581854    0.561 0.561231 0.561382 0.561236
0.575477 0.574222 0.564065 0.575955 0.575823 0.575959 0.575563 0.274946 0.536978 0.562015  0.56333 0.563447 0.563332 0.563378  0.58192 0.582622        0 0.583396 0.583075 0.583402 0.582687 0.210917 0.563077 0.561173 0.563138 0.563256  0.56314 0.563187  0.27491 0.563301 0.537108 0.562051 0.563481        0  0.56341 0.274921  0.56345 0.537253 0.562201 0.563515 0.563518 0.563559  0.27491 0.563306 0.537113 0.562056 0.561406 0.563485 0.563414 0.274932 0.563379 0.537137 0.562128 0.563442 0.563558 0.563444
0.274946        0 0.210917  0.27491 0.274921  0.27491 0.274932 0.575477 0.582622 0.563077 0.563301  0.56345 0.563306 0.563379 0.564065 0.536978 0.210917 0.537108 0.537253 0.537113 0.537137 0.564065 0.562015        0 0.562051 0.562201 0.562056 0.562128 0.575955  0.56333 0.583396 0.563138 0.563515 0.563485 0.563442 0.575823 0.563447 0.583075 0.563256 0.563481 0.563485 0.563558 0.575959 0.563332 0.583402  0.56314        0 0.563518 0.563444 0.575563 0.563378 0.582687 0.563187  0.56341 0.563559 0.563414
0.274666 0.274912  0.48716 0.274924 0.274703 0.274927 0.274651 0.274666 0.540022 0.564191 0.565515 0.565629 0.565518 0.565561 0.274912 0.540022 0.562295 0.539477 0.539921 0.539476 0.540151  0.48716 0.564191 0.562295 0.564261  0.56437 0.564263 0.564298 0.274924 0.565515 0.539477 0.564261  0.56569 0.563611 0.565622 0.274703 0.565629 0.539921  0.56437  0.56569 0.565692 0.565734 0.274927 0.565518 0.539476 0.564263 0.563611 0.565692 0.565624 0.274651 0.565561 0.540151 0.564298 0.565622 0.565734 0.565624
 0.00738844  0.00738797   0.0088754  0.00738871   0.0073882   0.0073887  0.00738827  0.00738844  0.00100032 1.72412e-06 2.07609e-06 1.49643e-06 2.05878e-06 1.79145e-06  0.00754108  0.00100032  0.00876213   0.0010001 0.000999625  0.00100008 0.000999933   0.0088754 1.72412e-06 6.23863e-07 1.60524e-06 1.02577e-06 1.58798e-06 1.31846e-06  0.00738871 2.07609e-06   0.0010001 1.60524e-06 1.37855e-06 9.77104e-07 1.67088e-06   0.0073882 1.49643e-06 0.000999625 1.02577e-06 1.37855e-06 1.36134e-06 1.09204e-06   0.0073887 2.05878e-06  0.00100008 1.58798e-06 9.59876e-07 1.36134e-06 1.65363e-06  0.00738827 1.79145e-06 0.000999933 1.31846e-06 1.67088e-06 1.09204e-06 1.65363e-06
