8	12	12	1
 6  0  1  2  0  5  0  0  0  8  0  4
 6  0  1  2  0  0  0  0  0  0  0  4
 0  0  1  2  0  0  0  0  0  8  0  0
 0  0  1  2  0  0  0  0  0  0  9  0
 0  0  1  0  0  5  3  0  7  0  0  4
 0 10  1  0  0  0  3  0  0  0  0  4
 0  0  1  0  0  0  3 12  7  0  0  0
 0 10  1  0 11  0  3  0  0  0  9  0
0.3	0.9	0.5	0.6	0.8	0.3	0.7	0.6	0.4	0.3	0.2	0.2	
0.421	0.874	0.741	0.241	0.561	0.649	0.89	0.604	
------target--------
1
------result--------
3	
------details--------
 0.60326 0.546915 0.595367 0.547206 0.546832 0.546237 0.546085 0.545525
0.477665 0.548607 0.414981 0.549377 0.549049 0.548772 0.548543  0.54841
 0.00787238 1.02692e-06   0.0128134 4.19949e-07 1.66852e-06 3.16288e-06 3.04807e-06 3.96647e-06
------result2--------
2	3	
------details2--------
 0.60326        0 0.603255 0.603048 0.602445 0.602712 0.602108        0  0.60326 0.546813 0.546436 0.545841 0.545682 0.545122        0  0.60326 0.595335 0.595076 0.594462 0.594616 0.594011 0.603255 0.546813 0.595335  0.54673 0.546133 0.545981        0 0.603048 0.546436 0.595076  0.54673 0.545758        0  0.54504 0.602445 0.545841 0.594462 0.546133 0.545758 0.545004        0 0.602712 0.545682 0.594616 0.545981 0.546085 0.545004 0.544279 0.602108 0.545122 0.594011 0.545525  0.54504 0.545525 0.544279
       0  0.60326 0.603363 0.604028 0.604367 0.603806 0.603964 0.546915 0.401217 0.548998 0.548664 0.548382 0.548154 0.548019 0.595367 0.570925 0.596009 0.596427 0.596601  0.59612   0.5962 0.477606  0.54851 0.414948 0.548951 0.548673 0.548444 0.547206 0.477372 0.548141 0.414811 0.548915   0.5483 0.546832 0.547937 0.476921 0.547546 0.414473 0.548337 0.547987 0.547476 0.546237 0.476905 0.547403 0.414536 0.548184        0 0.547554  0.54719 0.476469 0.546844 0.414201        0 0.547282        0 0.546768
0.401217 0.570925 0.477606 0.477372 0.476921 0.476905 0.476469        0 0.570925  0.54851 0.548141 0.547546 0.547403 0.546844        0 0.401217 0.414948 0.414811 0.414473 0.414536 0.414201 0.603363 0.548998 0.596009 0.548915 0.548337 0.548184        0 0.604028 0.548664 0.596427 0.548951 0.547987        0 0.547282 0.604367 0.548382 0.596601 0.548673   0.5483 0.547554        0 0.603806 0.548154  0.59612 0.548444  0.54816 0.547476 0.546768 0.603964 0.548019   0.5962 0.548332 0.547937 0.547629  0.54719
0.548607 0.414981 0.478926 0.478763 0.478698 0.478451  0.47842 0.548607 0.471743 0.550691 0.550362 0.550084 0.549857 0.549724 0.414981 0.471743 0.415687 0.415618 0.415686 0.415442 0.415474 0.478926 0.550691 0.415687 0.551132 0.550886 0.550628 0.549377 0.478763 0.550362 0.415618 0.551132 0.550526 0.549049 0.550165 0.478698 0.550084 0.415686 0.550886 0.550526 0.550019 0.548772 0.478451 0.549857 0.415442 0.550628 0.549049 0.550019 0.549658  0.47842 0.549724 0.415474 0.549377 0.550165 0.548772 0.549658
   0.012734    0.013106  0.00787245  0.00787286  0.00787411  0.00787326  0.00787413 1.02692e-06   0.0135312 1.45175e-06 2.70869e-06 4.20404e-06 4.09914e-06 5.01621e-06   0.0128134   0.0135312   0.0128134   0.0128139   0.0128153   0.0128144   0.0128153  0.00787245 1.45175e-06   0.0128134 2.09321e-06  3.5971e-06  3.4767e-06 4.19949e-07  0.00787286 2.70869e-06   0.0128139 2.09321e-06 4.84707e-06 1.66852e-06 5.65924e-06  0.00787411 4.20404e-06   0.0128153  3.5971e-06 4.84707e-06 6.23936e-06 3.16288e-06  0.00787326 4.09914e-06   0.0128144  3.4767e-06 3.24247e-06 6.23936e-06 7.05851e-06  0.00787413 5.01621e-06   0.0128153 4.06092e-06 5.65924e-06 4.31885e-06 7.05851e-06
