8	12	12	1
 0  1  0  2  0  0  0  0  0  0  3  0
 8  1  0  2  4  0  0  0  0  0  3  0
 0  1  0  0  0  0  5  0  6  0  3  0
 0  1  0  0  4  0  0 11  6  7  3  0
 0  1 10  2  0  0  0  0  0  0  0  9
 8  1  0  2  0  0  0  0  0  0  0  0
 0  1  0  0  0 12  5  0  0  0  0  9
 0  1  0  0  0  0  0  0  0  7  0  0
0.8	0.2	0.4	0.8	0.1	0.2	0.5	0.7	1	0.8	0.6	0.9	
0.585	0.693	0.151	0.009	0.802	0.071	0.758	0.628	
------target--------
2
------result--------
6	
------details--------
 0.362235  0.556577   0.36202  0.361054  0.365085  0.517745  0.365412  0.364805
 0.373509  0.226051  0.371852  0.368879  0.367598 0.0598612  0.367889  0.367497
5.86964e-05   0.0578359 4.90162e-05 3.16919e-05 2.64889e-06    0.118804 1.56027e-06 3.55808e-06
------result2--------
1	6	
------details2--------
        0         0         0  0.361562  0.556577  0.361893  0.361279  0.556577  0.555273  0.554834  0.556638         0   0.55676  0.556199   0.36202  0.555273         0  0.361345  0.555273  0.361677  0.361062  0.361054  0.554834  0.361054  0.360373  0.554834  0.360706  0.361054  0.361562  0.556638  0.361345  0.360373  0.517441  0.364741  0.364133  0.556577         0  0.555273  0.554834  0.517441   0.51768  0.517021  0.361893   0.55676  0.361677  0.360706  0.364741   0.51768  0.364461  0.361279  0.556199  0.361062         0  0.364133  0.517021  0.364461
 0.362235  0.362235  0.362235  0.364092 0.0529133  0.364377  0.363991         0  0.568743   0.55899  0.556409  0.556577  0.555441  0.557266         0 0.0531154   0.36202  0.363878 0.0531154  0.364165  0.363776         0 0.0530357         0  0.362918 0.0530357   0.36321         0  0.372817  0.225817  0.371166  0.368203 0.0598186  0.367238  0.366834  0.450861  0.517745  0.467706  0.496201  0.518584  0.518151  0.519076  0.373151  0.225942  0.371498  0.368533  0.367266 0.0598369   0.36716  0.372538  0.225703  0.370886  0.364805  0.366658  0.059799  0.366954
        0         0         0  0.372817  0.450861  0.373151  0.372538 0.0529133 0.0531154 0.0530357  0.225817  0.450861  0.225942  0.225703   0.36421  0.568743         0  0.371166  0.467706  0.371498  0.370886  0.363873   0.55899  0.363769  0.368203  0.496201  0.368533  0.370832  0.364092  0.556409  0.363878  0.362918  0.518584  0.367266  0.366658 0.0529133         0 0.0531154 0.0530357 0.0598186 0.0598369  0.059799  0.364377  0.555441  0.364165   0.36321  0.367238  0.518151  0.366954  0.363991  0.557266  0.363776         0  0.366834  0.519076   0.36716
 0.373509  0.373509  0.373509  0.375463 0.0876468  0.375817  0.375325  0.373509  0.348056  0.289225  0.226709 0.0598612  0.226754  0.226701  0.373509  0.348056  0.371852  0.373784 0.0771606  0.374123  0.373655  0.373509  0.289225  0.371852  0.370779 0.0657983  0.371094  0.367497  0.375463  0.226709  0.373784  0.370779 0.0599807  0.369759  0.369362 0.0876468 0.0598612 0.0771606 0.0657983 0.0599807 0.0600163  0.059977  0.375817  0.226754  0.374123  0.371094  0.369759 0.0600163  0.369653  0.375325  0.226701  0.373655  0.367497  0.369362  0.059977  0.369653
5.86964e-05 5.86964e-05 5.86964e-05 6.14568e-05    0.122801 6.03384e-05 6.23704e-05      0.1054   0.0980764   0.0800176   0.0578362    0.122282   0.0578362   0.0578365  5.9329e-05   0.0980764 4.90162e-05  5.1775e-05    0.121646 5.06567e-05   5.269e-05 6.15757e-05   0.0800176 5.12846e-05 3.44469e-05    0.119995 3.33289e-05 3.51711e-05 6.14568e-05   0.0578362  5.1775e-05 3.44469e-05    0.118804 4.23278e-06 6.23404e-06    0.122801    0.118804    0.121646    0.119995    0.118804    0.118804    0.118805 6.03384e-05   0.0578362 5.06567e-05 3.33289e-05 4.23278e-06    0.118804  5.1377e-06 6.23704e-05   0.0578365   5.269e-05 3.55808e-06 6.23404e-06    0.118805  5.1377e-06
