8	12	12	1
 0  0  7  0  8  4  0  0  0  0  1  0
 0  0  7  0  0  0  0  0  9  0  1  0
 0  5  0  0  8  0  0  0  0  6  1  3
 0  0  0  0  0  0  0  0  0  6  1  3
 0  0  0 10  0  4  0  2  0  0  1  0
 0  0  0  0  0  0  0  2  0  0  1  0
 0  5  0  0  0  0 11  2  0  0  1  3
12  0  0  0  0  0  0  2  0  0  1  3
0.9	0.4	0.5	0.8	0.9	0.3	0.8	0.6	0.4	0.6	0.3	0.4	
0.59	0.54	0.681	0.077	0.538	0.867	0.827	0.339	
------target--------
3
------result--------
1	
------details--------
0.591931 0.374437 0.598394 0.374512 0.373018  0.37359 0.372742 0.373193
0.243394 0.376935 0.251397 0.383425 0.376063 0.376344 0.375905 0.376158
  0.0608266 2.00618e-06   0.0585699 7.02643e-06 4.66955e-06 4.03724e-06 4.63188e-06 4.58211e-06
------result2--------
1	4	
------details2--------
0.591914        0 0.598394 0.591107 0.591234 0.591064 0.591111 0.591914 0.598423 0.374049 0.372546 0.373121 0.372268 0.372722        0 0.598423 0.598394 0.597705 0.597781 0.597687 0.597691 0.598394 0.374049        0 0.372629 0.373201 0.372353 0.372804 0.591107 0.372546 0.597705 0.372629 0.373018  0.37224 0.372652 0.591234 0.373121 0.597781 0.373201        0        0        0 0.591064 0.372268 0.597687 0.372353  0.37224 0.372742 0.372393 0.591111 0.372722 0.597691 0.372804 0.372652 0.373193 0.372393
0.592007 0.591931 0.484392 0.592434 0.592692  0.59233 0.592529 0.243187 0.251188 0.382944 0.375601 0.375883 0.375444 0.375697 0.598394 0.598268        0 0.598814 0.599062 0.598718 0.598906 0.241842 0.376548 0.374512 0.375675 0.375957 0.375518 0.375771 0.242535 0.375066 0.250515 0.381484        0 0.374248 0.374608 0.242792 0.375633 0.250778 0.382078  0.37359  0.37359  0.37359  0.24241 0.374792 0.250388 0.381196  0.37414        0 0.374279 0.242613 0.375239 0.250594 0.381667 0.374668        0 0.374447
0.243187        0 0.241842 0.242535 0.242792  0.24241 0.242613 0.592007 0.598268 0.376548 0.375066 0.375633 0.374792 0.375239 0.484392 0.251188 0.241842 0.250515 0.250778 0.250388 0.250594 0.484392 0.382944        0 0.381484 0.382078 0.381196 0.381667 0.592434 0.375601 0.598814 0.375675 0.375122  0.37414 0.374668 0.592692 0.375883 0.599062 0.375957        0        0        0  0.59233 0.375444 0.598718 0.375518 0.374248 0.374895 0.374447 0.592529 0.375697 0.598906 0.375771 0.374608 0.375272 0.374279
 0.24431 0.243394 0.285598 0.243929 0.244061 0.243856 0.243974  0.24431 0.252326 0.385584 0.378114 0.378395 0.377956 0.378209 0.243394 0.252326 0.383425 0.251947 0.252085 0.251872 0.251994 0.285598 0.385584 0.383425 0.384646 0.384933 0.384484 0.384743 0.243929 0.378114 0.251947 0.384646 0.376344 0.376365 0.376378 0.244061 0.378395 0.252085 0.384933 0.376344 0.376344 0.376344 0.243856 0.377956 0.251872 0.384484 0.376365 0.376344 0.376372 0.243974 0.378209 0.251994 0.384743 0.376378 0.376344 0.376372
  0.0608269   0.0608266   0.0614667   0.0608277   0.0608277   0.0608276   0.0608277   0.0608269   0.0585702 9.04471e-06 6.70434e-06  6.0659e-06 6.66743e-06 6.61521e-06   0.0613598   0.0585702   0.0605517   0.0585709   0.0585709   0.0585709    0.058571   0.0614667 9.04471e-06 7.02643e-06 1.17174e-05 1.10808e-05 1.16802e-05 1.16289e-05   0.0608277 6.70434e-06   0.0585709 1.17174e-05  5.0181e-06 6.21692e-06 5.72416e-06   0.0608277  6.0659e-06   0.0585709 1.10808e-05 4.03724e-06 4.03724e-06 4.03724e-06   0.0608276 6.66743e-06   0.0585709 1.16802e-05 6.21692e-06 5.27632e-06  5.9862e-06   0.0608277 6.61521e-06    0.058571 1.16289e-05 5.72416e-06 4.78433e-06  5.9862e-06
