8	12	12	1
 0  1  0  0 11  0  0  0  6  0  3  9
 0  0  0  0  0  0  0  0  6  0  3  0
 0  1  0  0  0  0 10  2  0  7  3  0
 5  0  0  0  0  0  0  2  0  7  3  0
 0  1 12  0  0  0  0  0  0  0  0  9
 0  0  0  0  0  4  0  0  0  0  0  0
 0  1  0  8  0  0  0  2  0  0  0  0
 5  0  0  8  0  4  0  2  0  0  0  0
0.3	0.2	0.8	0.2	0.7	0.1	0.2	0.8	1	0.6	0.7	1	
0.794	0.426	0.931	0.829	0.3	0.64	0.201	0.245	
------target--------
8
------result--------
7	
------details--------
0.701672 0.702302 0.701894  0.70212 0.702587 0.702882 0.734093 0.734844
 0.70379 0.704141 0.703861 0.703959 0.704316 0.703191 0.342374 0.500501
2.61465e-06 1.77831e-06 2.31375e-06 1.97709e-06 1.06255e-06 1.29698e-08   0.0241885   0.0143619
------result2--------
6	7	
------details2--------
0.701672 0.700647  0.70088 0.701354 0.701652 0.733277 0.734052        0 0.701288 0.701517 0.701986 0.702283 0.733628 0.734387 0.700647 0.701288 0.701894 0.701575 0.701873  0.73361 0.734393  0.70088 0.701517        0 0.701804 0.702101 0.733599 0.734368 0.701354 0.701986 0.701575 0.701804 0.702568 0.733884 0.734642 0.701652 0.702283 0.701873 0.702101 0.702568 0.734844        0 0.733277 0.733628  0.73361 0.733599 0.733884 0.734844        0 0.734052 0.734387 0.734393 0.734368 0.734642 0.734844        0
       0 0.702637 0.702735 0.703095 0.701982 0.342097 0.500114 0.702302 0.703264 0.703362  0.70372 0.702598 0.342202 0.500227 0.702786 0.703138        0 0.703317 0.702212 0.342209 0.500497 0.703011 0.703363  0.70212 0.703541 0.702425 0.342212 0.500285 0.703477 0.703829 0.703549 0.703647 0.702882 0.342305 0.500399 0.703771 0.704122 0.703841  0.70394 0.704297 0.339052 0.702882 0.734682 0.735054 0.734551  0.73476 0.735032 0.722639 0.734093 0.735415 0.735789 0.735272 0.735489 0.735755        0 0.734844
0.703341 0.702786 0.703011 0.703477 0.703771 0.734682 0.735415        0 0.703138 0.703363 0.703829 0.704122 0.735054 0.735789 0.702637 0.703264 0.703384 0.703549 0.703841 0.734551 0.735272 0.702735 0.703362        0 0.703647  0.70394  0.73476 0.735489 0.703095  0.70372 0.703317 0.703541 0.704297 0.735032 0.735755 0.701982 0.702598 0.702212 0.702425 0.702882 0.722639        0 0.342097 0.342202 0.342209 0.342212 0.342305 0.339052        0 0.500114 0.500227 0.500497 0.500285 0.500399 0.339052 0.722639
0.704141 0.704758 0.704855 0.705212 0.704092 0.342579 0.500789 0.704141 0.705108 0.705205 0.705562 0.704441 0.342734 0.501078 0.704758 0.705108 0.703959 0.705284 0.704167 0.342536 0.500505 0.704855 0.705205 0.703959 0.705381  0.70426 0.342597 0.500802 0.705212 0.705562 0.705284 0.705381 0.704618  0.34269 0.500975 0.704092 0.704441 0.704167  0.70426 0.704618 0.409504 0.703191 0.342579 0.342734 0.342536 0.342597  0.34269 0.409504 0.342374 0.500789 0.501078 0.500505 0.500802 0.500975 0.703191 0.342374
2.83374e-06 4.95829e-06  4.6135e-06 3.68844e-06 2.62905e-06   0.0241896   0.0143629 1.77831e-06 4.10757e-06 3.76724e-06 2.84705e-06 1.79193e-06   0.0241896   0.0143629 4.95829e-06 4.10757e-06 2.37125e-06 3.38854e-06 2.32877e-06    0.024189   0.0143623  4.6135e-06 3.76724e-06 1.97709e-06 3.04861e-06 1.99123e-06   0.0241893   0.0143626 3.68844e-06 2.84705e-06 3.38854e-06 3.04861e-06 1.07609e-06    0.024189   0.0143623 2.62905e-06 1.79193e-06 2.32877e-06 1.99123e-06 1.07609e-06    0.024247 1.29698e-08   0.0241896   0.0241896    0.024189   0.0241893    0.024189    0.024247   0.0241885   0.0143629   0.0143629   0.0143623   0.0143626   0.0143623   0.0235014   0.0242086
