8	12	8	1
 0  1  0  0  0  0  0  0  4  0  0 11
 0  1  2  0  0  0  0  0  4  0  0  0
 0  1  0  0  0  0  0  0  4  0  5 11
 0  1  2  0  0  0  0  0  4  9  5  0
12  1  0  8  3 10  0  0  0  0  0  0
 0  1  2  8  3  0  0  7  0  0  0  0
 0  1  0  0  3 10  6  0  0  0  5  0
 0  1  2  0  3  0  6  7  0  9  5  0
0.2	0.2	0.3	0.5	0.3	1	0.7	0.6	0.5	0.3	0.4	0.2	
0.098	0.664	0.662	0.328	0.617	0.344	0.269	0.614	
------target--------
4
------result--------
8	
------details--------
0.620687 0.620916 0.620687 0.672486 0.620472 0.621143 0.621004 0.660518
0.622612 0.622652 0.622612 0.565745 0.622863 0.623127 0.623138  0.48243
1.89673e-06 1.38584e-06 1.89673e-06   0.0060479 2.95119e-06 1.13673e-06 1.64184e-06   0.0112833
------result2--------
2	8	
------details2--------
0.620687        0 0.672229 0.619679 0.620361 0.620222 0.672229        0        0        0 0.619914 0.620591 0.620452 0.672486        0 0.620687 0.672229 0.619679 0.620361 0.620222 0.672229 0.672229 0.672486 0.672229 0.671989 0.672328 0.672132        0 0.619679 0.619914 0.619679 0.671989 0.620472 0.620472 0.659824 0.620361 0.620591 0.620361 0.672328        0 0.620669 0.660295 0.620222 0.620452 0.620222 0.672132        0 0.620669 0.660113 0.672229 0.672486 0.672229        0 0.659824 0.660295 0.660113
       0 0.620687 0.454717 0.622089 0.622358 0.622364 0.454717 0.620916 0.620916 0.620916 0.622316 0.622583 0.622591 0.454148 0.620687        0 0.454717 0.622089 0.622358 0.622364 0.454717  0.67422        0  0.67422 0.673175 0.673292  0.67376 0.672486 0.621627 0.621666 0.621627 0.564895        0        0 0.482026 0.622293 0.622333 0.622293 0.565476 0.621143 0.622834 0.482313 0.622153 0.622192 0.622153 0.565368 0.621004 0.622692 0.482215 0.644186 0.636367 0.644186 0.660518 0.661487 0.661663 0.661979
 0.62247        0  0.67422 0.621627 0.622293 0.622153 0.644186        0        0        0 0.621666 0.622333 0.622192 0.636367        0  0.62247  0.67422 0.621627 0.622293 0.622153 0.644186 0.454717 0.454148 0.454717 0.564895 0.565476 0.565368 0.636367 0.622089 0.622316 0.622089 0.673175 0.622693 0.622564 0.661487 0.622358 0.622583 0.622358 0.673292        0 0.622692 0.661663 0.622364 0.622591 0.622364  0.67376        0 0.622834 0.661979 0.454717 0.454148 0.454717        0 0.482026 0.482313 0.482215
0.622652 0.622612 0.612292 0.624022 0.624283 0.624294 0.532537 0.622652 0.622652 0.622652 0.624059  0.62432 0.624333 0.561331 0.622612 0.622652 0.612292 0.624022 0.624283 0.624294 0.532537 0.612292 0.622652 0.612292 0.566958 0.567148 0.567123  0.48243 0.624022 0.624059 0.624022 0.566958 0.623127 0.623138 0.483012 0.624283  0.62432 0.624283 0.567148 0.623127 0.624846 0.483046 0.624294 0.624333 0.624294 0.567123 0.623138 0.624846  0.48322 0.532537 0.561331 0.532537  0.48243 0.483012 0.483046  0.48322
1.90154e-06 1.89673e-06   0.0110506 4.88031e-06 3.04639e-06 3.54981e-06   0.0122255 1.38584e-06 1.38584e-06 1.38584e-06  4.3575e-06  2.5309e-06 3.03545e-06   0.0127644 1.89673e-06 1.90154e-06   0.0110506 4.88031e-06 3.04639e-06 3.54981e-06   0.0122255   0.0110506   0.0122058   0.0110506   0.0060493  0.00604841  0.00604894   0.0117837 4.88031e-06  4.3575e-06 4.88031e-06   0.0060493 2.99067e-06 3.02413e-06   0.0112845 3.04639e-06  2.5309e-06 3.04639e-06  0.00604841 1.13673e-06 2.82203e-06   0.0112837 3.54981e-06 3.03545e-06 3.54981e-06  0.00604894 1.64184e-06 2.82203e-06   0.0112844   0.0122255   0.0127644   0.0122255   0.0112833   0.0112845   0.0112837   0.0112844
