8	12	8	1
 0  2  1  3  0  0  0 11  6  0  0  0
 0  2  1  0  9  0  0  0  0  0  4  0
 0  2  1  3  0  0  0  0  0  7  0  0
 8  2  1  0  0  0  0  0  0  7  4  0
 0  0  1  3  0  5  0  0  6  0  0  0
 0  0  1  0  0  0 10  0  0  0  4  0
 0  0  1  3  0  5  0  0  0  0  0 12
 8  0  1  0  0  0  0  0  0  0  4  0
0.2	0.3	0.7	0.6	1	0.8	1	0.8	0.7	0.5	0.5	0.4	
0.328	0.971	0.83	0.148	0.862	0.195	0.563	0.055	
------target--------
4
------result--------
8	
------details--------
0.806849 0.806805 0.807454 0.828502 0.807015 0.807414 0.807355 0.823209
0.808212 0.808211 0.807838 0.769584 0.808299 0.808613 0.808526 0.292906
1.48777e-06 1.57274e-06 1.05032e-07  0.00250964 1.30701e-06 5.53061e-07 6.87564e-07   0.0191456
------result2--------
3	8	
------details2--------
0.806063 0.806717 0.828074 0.806849  0.80668 0.806618 0.822664 0.806063 0.806674 0.827965 0.806232 0.806636 0.806575 0.822577 0.806717 0.806674        0 0.806884 0.807286 0.807225 0.828502 0.828074 0.827965 0.828502 0.828156 0.828385 0.828414        0        0 0.806232 0.806884 0.828156 0.806847 0.806785 0.822778  0.80668 0.806636 0.807286 0.828385 0.806847 0.807188 0.823072 0.806618 0.806575 0.807225 0.828414 0.806785 0.807188  0.82307 0.822664 0.822577 0.828502        0 0.822778 0.823072  0.82307
 0.80748 0.807112 0.768798        0 0.807887 0.807802 0.293241 0.807438 0.807067 0.768797 0.807525 0.807842 0.807757 0.293177 0.808085 0.808083 0.807454 0.808171 0.808486   0.8084 0.243437 0.828869 0.828935        0 0.828938 0.829226 0.828867 0.828502 0.807015 0.807646 0.807277 0.768986 0.808052 0.807966 0.293153 0.808047 0.808045 0.807673 0.769418 0.808133 0.808361 0.292966 0.807988 0.807986 0.807615 0.769311 0.808074  0.80839 0.293041 0.823679 0.823722 0.812726 0.823209 0.823756 0.824059 0.823788
0.807438 0.808085 0.828869 0.807817 0.808047 0.807988 0.823679  0.80748 0.808083 0.828935 0.807646 0.808045 0.807986 0.823722 0.807112 0.807067        0 0.807277 0.807673 0.807615 0.812726 0.768798 0.768797 0.243437 0.768986 0.769418 0.769311 0.812726        0 0.807525 0.808171 0.828938 0.808133 0.808074 0.823756 0.807887 0.807842 0.808486 0.829226 0.808052  0.80839 0.824059 0.807802 0.807757   0.8084 0.828867 0.807966 0.808361 0.823788 0.293241 0.293177 0.243437        0 0.293153 0.292966 0.293041
0.808847 0.808473 0.770274 0.808299  0.80925 0.809163  0.29261 0.808847 0.808471 0.770232 0.808933 0.809247  0.80916 0.292682 0.808473 0.808471 0.807838 0.808559 0.808874 0.808784  0.51325 0.770274 0.770232 0.807838 0.770355 0.770628 0.770746 0.292906 0.808299 0.808933 0.808559 0.770355 0.809335 0.809248 0.292586  0.80925 0.809247 0.808874 0.770628 0.809335 0.809562  0.29253 0.809163  0.80916 0.808784 0.770746 0.809248 0.809562 0.292326  0.29261 0.292682  0.51325 0.292906 0.292586  0.29253 0.292326
3.07492e-06 1.59707e-06  0.00251054 1.54678e-06 2.04586e-06 2.18505e-06   0.0191464 3.07492e-06 1.68142e-06  0.00251068 2.89202e-06 2.13037e-06  2.2685e-06   0.0191466 1.59707e-06 1.68142e-06 1.05032e-07 1.41563e-06 6.59356e-07 7.95183e-07   0.0200501  0.00251054  0.00251068   0.0188384  0.00251044  0.00251001  0.00251003   0.0193292 1.30701e-06 2.89202e-06 1.41563e-06  0.00251044 1.86436e-06 2.00271e-06   0.0191464 2.04586e-06 2.13037e-06 6.59356e-07  0.00251001 1.86436e-06 1.24346e-06    0.019146 2.18505e-06  2.2685e-06 7.95183e-07  0.00251003 2.00271e-06 1.24346e-06   0.0191458   0.0191464   0.0191466   0.0200501   0.0191456   0.0191464    0.019146   0.0191458
