8	12	8	1
 0  0  0  0  4  0  0  0  0 10  0  8
 0  0  0  0  4  0  5  0  0  0  0  0
 0  0  1  0  0  0  0  0  0  0  0  0
 3  0  1  0  0 12  5  0  0  0  0  0
 0 11  0  2  0  0  0  6  0  0  0  8
 0  0  0  2  0  0  0  6  0  0  7  0
 0  0  1  2  0  0  0  0  0  0  0  0
 3  0  1  2  0  0  0  0  9  0  7  0
0.2	0.7	0.9	0.5	0.7	0.8	0.7	0.2	0.1	0.1	0.5	1	
0.274	0.316	0.869	0.656	0.854	0.374	0.577	0.536	
------target--------
7
------result--------
6	
------details--------
0.435605 0.435165 0.426351 0.425017 0.509778 0.521502 0.597716  0.58728
0.438031 0.437711 0.442201 0.438689 0.361626 0.246232 0.368178 0.389738
3.02262e-07 2.08737e-06 0.000123846 6.55399e-05   0.0112039   0.0344287    0.022179   0.0140766
------result2--------
7	3	
------details2--------
0.435102 0.426289 0.424953  0.50975 0.521475 0.597771  0.58733 0.435102 0.425854        0 0.509062 0.520805 0.598353 0.587823 0.426289 0.425854        0 0.570746 0.588571        0        0 0.424953 0.425017 0.425017 0.567703 0.585325 0.594252    0.584  0.50975 0.509062 0.570746 0.567703 0.502137 0.570746 0.558101 0.521475 0.520805 0.588571 0.585325 0.502137 0.588571        0 0.597771 0.598353 0.597716 0.594252        0        0        0  0.58733 0.587823  0.58728    0.584 0.558101  0.58728  0.58728
0.437649 0.442134 0.438624 0.361593 0.246239 0.368119 0.389691 0.437537 0.441568 0.435165 0.361497 0.246395 0.368517 0.389781 0.428659 0.428263 0.426351 0.315079 0.191896 0.426351 0.426351 0.427352        0        0 0.315366 0.193469        0 0.219582 0.510799 0.512674 0.475637    0.496 0.548475 0.475637 0.490553  0.52252 0.524335 0.484746 0.506555 0.551346 0.484746 0.521502  0.59572 0.595299        0 0.601744 0.597716 0.597716 0.597716 0.585466 0.585224        0 0.591067 0.633261        0        0
0.437537 0.428659 0.427352 0.510799  0.52252  0.59572 0.585466 0.437649 0.428263        0 0.512674 0.524335 0.595299 0.585224 0.442134 0.441568        0 0.475637 0.484746        0        0 0.438624 0.439021 0.427894    0.496 0.506555 0.601744 0.591067 0.361593 0.361497 0.315079 0.315366 0.551346 0.639928 0.633261 0.246239 0.246395 0.191896 0.193469 0.548475 0.641933        0 0.368119 0.368517        0        0 0.475637 0.484746        0 0.389691 0.389781 0.218126 0.219582 0.490553  0.48794 0.637161
0.440089 0.444735 0.441165 0.362901 0.245944 0.370426 0.391531 0.440089 0.444884 0.437711 0.362152 0.245565 0.366759 0.389558 0.444735 0.444884 0.442201 0.402146 0.310171 0.442201 0.442201 0.441165 0.437711 0.442201 0.377031 0.267778 0.404215 0.414185 0.362901 0.362152 0.402146 0.377031 0.137662   0.2789 0.301819 0.245944 0.245565 0.310171 0.267778 0.137662 0.169959 0.246232 0.370426 0.366759 0.442201 0.404215   0.2789 0.169959 0.368178 0.391531 0.389558 0.442201 0.414185 0.301819 0.246232 0.368178
2.39213e-06 0.000124169 6.58633e-05    0.011204   0.0344288   0.0221793   0.0140768 2.39213e-06  0.00012667 2.08737e-06    0.011206   0.0344315   0.0221807   0.0140771 0.000124169  0.00012667 0.000123846   0.0153429   0.0407565 0.000123846 0.000123846 6.58633e-05 6.60534e-05 0.000125581   0.0127873   0.0367379   0.0528585   0.0212786    0.011204    0.011206   0.0153429   0.0127873   0.0606135   0.0374686   0.0290758   0.0344288   0.0344315   0.0407565   0.0367379   0.0606135   0.0598516   0.0344287   0.0221793   0.0221807   0.0832019   0.0528585   0.0367689   0.0596016    0.022179   0.0140768   0.0140771   0.0294968   0.0212786   0.0290758   0.0374853   0.0224329
