8	12	8	1
 0  0  1  0  2  6  0  0  0  0  0  0
 0  0  1  0  2  6  0 11  8  0  0  0
 7  5  1  0  0  0  0  0  0  0  0  0
 0  5  1  0  0  0  0  0  0  0  0  0
 0  0  1  0  2  0  3  0  0  0  0 10
 0  0  1  4  2  0  3  0  8 12  0 10
 7  0  1  0  0  0  3  0  0  0  9  0
 0  0  1  4  0  0  3  0  0  0  9  0
0.8	0.8	0.2	0.5	0.8	0.4	0.4	0.3	0.7	0.2	0.8	0.8	
0.581	0.205	0.808	0.768	0.728	0.241	0.395	0.439	
------target--------
7
------result--------
8	
------details--------
0.565138 0.565034 0.562376 0.564485 0.564585 0.564503 0.709988 0.677123
0.567334 0.567278 0.567061 0.566871 0.567013 0.566982  0.47214 0.396962
 1.5967e-06  1.9044e-06 9.62718e-06 2.87852e-06 2.90732e-06 3.07811e-06   0.0280615    0.038484
------result2--------
7	8	
------details2--------
       0 0.561915  0.56403  0.56413 0.564047 0.709999 0.676939 0.565034 0.561807 0.563924 0.564024  0.56394 0.710033 0.676916 0.561915 0.561807 0.562376 0.561356 0.561271        0 0.704714  0.56403 0.563924        0 0.563474  0.56339 0.704714 0.666615  0.56413 0.564024 0.561356 0.563474        0 0.709593 0.676451 0.564047  0.56394 0.561271  0.56339 0.564503 0.709643 0.676447 0.709999 0.710033 0.704714 0.704714 0.709593 0.709643        0 0.676939 0.676916 0.704714 0.666615 0.676451 0.676447        0
0.565138  0.56661 0.566424 0.566566 0.566535 0.471804 0.396777        0 0.566505  0.56632 0.566462 0.566432 0.471726 0.396733 0.564138 0.564082        0 0.563807 0.563776 0.562376 0.374946  0.56624 0.566184 0.564485 0.565913 0.565882 0.494702 0.405303 0.566339 0.566284 0.566055  0.56587 0.564585 0.471389 0.396529 0.566259 0.566203 0.565972 0.565789        0 0.471326 0.396493 0.709946 0.709854 0.714391 0.714391 0.710544 0.710427 0.709988 0.677834 0.677752 0.665468 0.689683 0.678073 0.677987 0.677123
       0 0.564138  0.56624 0.566339 0.566259 0.709946 0.677834 0.567008 0.564082 0.566184 0.566284 0.566203 0.709854 0.677752  0.56661 0.566505 0.567454 0.566055 0.565972 0.714391 0.665468 0.566424  0.56632        0  0.56587 0.565789 0.714391 0.689683 0.566566 0.566462 0.563807 0.565913        0 0.710544 0.678073 0.566535 0.566432 0.563776 0.565882 0.566464 0.710427 0.677987 0.471804 0.471726 0.374946 0.494702 0.471389 0.471326 0.615342 0.396777 0.396733 0.374946 0.405303 0.396529 0.396493        0
0.567334 0.568829 0.568627  0.56877  0.56874 0.473455  0.39769 0.567334 0.568774 0.568571 0.568715 0.568685 0.473417  0.39767 0.568829 0.568774 0.566871 0.568501 0.568471  0.50013 0.408353 0.568627 0.568571 0.566871 0.568305 0.568274 0.439449 0.387627  0.56877 0.568715 0.568501 0.568305 0.567013 0.473214 0.397584  0.56874 0.568685 0.568471 0.568274 0.567013 0.473193 0.397571 0.473455 0.473417  0.50013 0.439449 0.473214 0.473193 0.396962  0.39769  0.39767 0.408353 0.387627 0.397584 0.397571 0.396962
 1.5967e-06 1.12606e-05 4.49143e-06 4.52116e-06 4.69465e-06   0.0280621   0.0384843 1.91191e-06  1.1577e-05 4.80286e-06 4.83283e-06 5.00707e-06   0.0280622   0.0384843 1.12606e-05  1.1577e-05 9.73159e-06 1.25826e-05 1.27597e-05   0.0141628     0.03914 4.49143e-06 4.80286e-06 2.87852e-06 5.80793e-06 5.98136e-06   0.0289833   0.0387306 4.52116e-06 4.83283e-06 1.25826e-05 5.80793e-06 2.90732e-06   0.0280627   0.0384851 4.69465e-06 5.00707e-06 1.27597e-05 5.98136e-06 3.09237e-06   0.0280627    0.038485   0.0280621   0.0280622   0.0314319   0.0289833   0.0280627   0.0280627   0.0412442   0.0384843   0.0384843     0.03914   0.0387306   0.0384851    0.038485    0.038484
