8	12	8	1
 0  0  1  0  0  0  8  0  6  0  0  4
 7  0  0  0  0  9  0  0  6  0  0  4
 0 12  1  0  2  0  0  5  0  0  0  0
 7  0  0  0  2  0  0  5  0  0  0  0
 0  0  1  0  0  0  8  0  0  0  3  4
 0  0  0  0  0  0  0  0  0 10  3  4
 0  0  1  0  2  0  0  0  0  0  3  0
 0  0  0 11  2  0  0  0  0  0  3  0
1	1	0.3	1	0.5	0.5	0.1	0.6	0.2	0.7	0.5	0.6	
0.782	0.046	0.236	0.598	0.373	0.296	0.676	0.411	
------target--------
5
------result--------
1	
------details--------
0.595581 0.580636 0.581223 0.580672 0.601122 0.581059 0.581327 0.580861
0.450345 0.583048 0.583434 0.583064 0.551391 0.582326 0.582152 0.582356
 0.00371512 2.85998e-06 1.39555e-06 2.78303e-06  0.00120968 8.04335e-07 3.04519e-07 1.14622e-06
------result2--------
7	1	
------details2--------
0.594703 0.595241 0.594732        0 0.600846 0.601122 0.600618 0.594703 0.580264 0.580636 0.600309 0.580095 0.580367 0.579897 0.595241 0.580264 0.580301 0.600806 0.580687 0.580957  0.58049 0.594732        0 0.580301 0.600333 0.580132 0.580403 0.579934        0 0.600309 0.600806 0.600333 0.600846 0.601122 0.600618 0.600846 0.580095 0.580687 0.580132 0.600846 0.581059 0.580605 0.601122 0.580367 0.580957 0.580403        0        0        0 0.600618 0.579897  0.58049 0.579934 0.600618 0.580605 0.580861
0.596914 0.597278 0.596936 0.595581 0.588524 0.584227 0.590435  0.44989 0.582483        0 0.550459 0.581375 0.581202 0.581403 0.450168  0.58268 0.582696 0.551034 0.581959 0.581786 0.581988 0.449901 0.580672 0.582518 0.550497  0.58141 0.581238 0.581439 0.601122 0.602351 0.602694 0.602375 0.602712        0 0.602651  0.41503 0.582514 0.582903 0.582531  0.41503        0 0.582448 0.414642 0.582783  0.58317 0.582799 0.581327 0.581327 0.581327 0.415265 0.582317 0.582706 0.582333 0.415265 0.582365        0
 0.44989 0.450168 0.449901        0  0.41503 0.414642 0.415265 0.596914  0.58268 0.582516 0.602351 0.582514 0.582783 0.582317 0.597278 0.582483 0.582518 0.602694 0.582903  0.58317 0.582706 0.596936        0 0.582696 0.602375 0.582531 0.582799 0.582333 0.584227 0.550459 0.551034 0.550497  0.41503 0.414642 0.415265 0.588524 0.581375 0.581959  0.58141 0.602712 0.582881 0.582365 0.584227 0.581202 0.581786 0.581238        0        0        0 0.590435 0.581403 0.581988 0.581439 0.602651 0.582448 0.582743
0.451053 0.451245  0.45107 0.450345 0.513226 0.556739  0.49603 0.451053   0.5849 0.583064 0.552829  0.58379 0.583615  0.58382 0.451245   0.5849 0.584916 0.553196 0.584176 0.584001 0.584206  0.45107 0.583064 0.584916 0.552839 0.583806 0.583631 0.583836 0.450345 0.552829 0.553196 0.552839 0.576798 0.582152 0.573318 0.513226  0.58379 0.584176 0.583806 0.576798 0.582152 0.582317 0.556739 0.583615 0.584001 0.583631 0.582152 0.582152 0.582152  0.49603  0.58382 0.584206 0.583836 0.573318 0.582317 0.582152
 0.00371738  0.00371623  0.00371734  0.00371512  0.00421612  0.00456943  0.00407548  0.00371738 4.26545e-06 2.86703e-06  0.00121201 3.67745e-06 3.17163e-06 4.02189e-06  0.00371623 4.26545e-06 4.18807e-06  0.00121082 2.20619e-06 1.70349e-06 2.54931e-06  0.00371734 2.78303e-06 4.18807e-06  0.00121196 3.59986e-06 3.09433e-06 3.94419e-06  0.00383297  0.00121201  0.00121082  0.00121196  0.00394752  0.00453485  0.00356834  0.00421612 3.67745e-06 2.20619e-06 3.59986e-06  0.00394752 8.87762e-07 1.55486e-06  0.00456943 3.17163e-06 1.70349e-06 3.09433e-06 3.04519e-07 3.04519e-07 3.04519e-07  0.00407548 4.02189e-06 2.54931e-06 3.94419e-06  0.00356834 1.55486e-06 1.22539e-06
