8	12	8	1
 0  6  1  0  2  0  0  4  0  0  0 12
 0  0  1  0  0  3  0  4  0  0  0  0
 0  6  0  0  2  0  9  4  7  0  0  0
 0  0  0  0  0  3  0  4  7  0  0  0
 0  0  1  5  2  0  0  0  0 10  0  0
 0  0  1  0  0  3  0  0  0  0  0  0
 0  0  0  5  2  0  0  0  0  0  8  0
11  0  0  0  0  3  0  0  0  0  8  0
0.7	0.3	0.2	0.3	0.1	0.6	1	1	1	0.4	0.3	0.8	
0.347	0.567	0.409	0.235	0.268	0.626	0.518	0.882	
------target--------
2
------result--------
1	
------details--------
0.646505 0.717816 0.631431 0.707241 0.439669 0.433722  0.43953 0.432441
0.199126 0.265108 0.288671 0.309646 0.442104 0.450849 0.441978 0.443715
   0.105776    0.101137   0.0596971   0.0717463 1.04886e-06 0.000137213  1.5741e-06 5.77475e-05
------result2--------
2	6	
------details2--------
 0.707682  0.621822  0.696523  0.646362  0.707682   0.64622  0.700033         0         0         0  0.717841  0.717816  0.718594  0.709873  0.621822  0.693404  0.693404  0.631267  0.693404  0.631097  0.685624  0.696523  0.707241         0  0.707255  0.707241  0.708023  0.698986  0.646362  0.717841  0.631267  0.707255  0.433484  0.439294  0.432199  0.707682         0  0.693404         0  0.433484  0.433328         0   0.64622  0.718594  0.631097  0.708023  0.439294  0.433328         0  0.700033  0.709873  0.685624  0.698986  0.432199  0.432441  0.432441
 0.563764  0.693947  0.598808  0.647839  0.563764  0.648077  0.622912  0.717816  0.717816  0.717816  0.717579         0  0.713689   0.72689  0.670436  0.554766  0.554766   0.63295  0.554766  0.633266  0.608753  0.750625         0  0.707241  0.707119         0   0.70312   0.71674  0.199148  0.265063  0.288619  0.309576  0.450599  0.441747  0.443473  0.176536  0.433722  0.273331  0.433722  0.435932   0.43584  0.433722  0.199203  0.265967  0.288617  0.310196  0.441737  0.450363   0.43953  0.178282         0  0.273874  0.145309  0.434668         0         0
 0.758703  0.670436  0.750625  0.199148  0.176536  0.199203  0.178282  0.563764  0.554766         0  0.265063         0  0.265967         0  0.693947  0.759725  0.747614  0.288619  0.273331  0.288617  0.273874  0.598808  0.777037  0.554766  0.309576  0.145966  0.310196  0.145309  0.647839  0.717579   0.63295  0.707119  0.435932  0.441737  0.434668  0.563764         0  0.554766         0  0.450599  0.450363         0  0.648077  0.713689  0.633266   0.70312  0.441747   0.43584         0  0.622912   0.72689  0.608753   0.71674  0.443473   0.43516  0.444236
0.0876906 0.0893973  0.108935   0.19892  0.255448  0.198699  0.211653 0.0876906  0.127992  0.265108  0.265537  0.450849  0.260211  0.337794 0.0893973  0.127992  0.207898   0.28916  0.325679  0.288972  0.297434  0.108935  0.265108  0.207898  0.310308  0.450849  0.306521  0.362111   0.19892  0.265537   0.28916  0.310308  0.453219  0.444195  0.446003  0.255448  0.450849  0.325679  0.450849  0.453219  0.453702  0.450849  0.198699  0.260211  0.288972  0.306521  0.444195  0.453702  0.441978  0.211653  0.337794  0.297434  0.362111  0.446003  0.450849  0.441978
   0.185422    0.169612    0.166022    0.105776     0.11349    0.105777    0.107668    0.185017     0.16125    0.101137    0.101137    0.207704    0.101147    0.148101    0.169612     0.16224    0.109877   0.0596974   0.0649584   0.0596977   0.0610557    0.166022    0.101758    0.109426   0.0717464     0.10993   0.0717516   0.0868069    0.105776    0.101137   0.0596974   0.0717464 0.000138328 2.63096e-06 5.88619e-05     0.11349 0.000137213   0.0649584 0.000137213 0.000138328  0.00013931 0.000137213    0.105777    0.101147   0.0596977   0.0717516 2.63096e-06  0.00013931  1.5741e-06    0.107668    0.148101   0.0610557   0.0868069 5.88619e-05 0.000139609 5.89619e-05
