8	12	8	1
 0  5  0  9  0  0  2  0  0  3  0  0
 1  5  8  0  0  0  0  0  7  3  0  0
 0  0  0  9 11  0  2  0  0  3  0  0
 1  0  8  0  0  0  0  6  0  3  0  0
 0  0  0  0  0  0  2  0  0  0  4  0
 1  0  0  0  0  0  0  0  7  0  4 12
 0  0  0  0  0 10  2  0  0  0  4  0
 1  0  0  0  0  0  0  6  0  0  4  0
0.9	0.3	0.8	0.9	0.3	0.1	0.4	0.7	0.2	0.4	0.9	0.5	
0.576	0.749	0.986	0.653	0.482	0.237	0.165	0.688	
------target--------
4
------result--------
2	
------details--------
0.389475 0.525052 0.388932 0.561251 0.389681 0.389458 0.389644 0.387064
0.392341 0.298493 0.392057 0.327926  0.39238 0.392286 0.392371 0.393184
4.17762e-06   0.0259752  5.0766e-06   0.0221109 3.52442e-06 4.09992e-06 3.63751e-06   1.909e-05
------result2--------
4	2	
------details2--------
0.523897        0 0.560303 0.388498 0.388273 0.388461 0.385878 0.523897 0.523748        0 0.515456  0.51546 0.515461 0.555664 0.388932 0.523748 0.560482 0.387951 0.387723 0.387913 0.385325 0.560303        0 0.560482 0.555664 0.555735 0.555702 0.555664 0.388498 0.515456 0.387951 0.555664        0        0        0 0.388273  0.51546 0.387723 0.555735 0.389458 0.389421 0.386857 0.388461 0.515461 0.387913 0.555702 0.389644 0.389421 0.387028 0.385878 0.555664 0.385325        0 0.387064 0.386857 0.387028
0.297822 0.389475 0.327093 0.391202 0.391108 0.391193 0.391997 0.526693 0.526103 0.525052 0.542798 0.538568 0.542021 0.506399        0 0.297528 0.326729 0.390661 0.390567 0.390652 0.391447 0.562593 0.561251 0.561867 0.568744 0.567147 0.568424 0.568744 0.391369 0.301359 0.391085 0.337078 0.389681 0.389681 0.389681 0.391146 0.301177 0.390862 0.336804        0 0.391804 0.394222 0.391333 0.301335 0.391049 0.337045        0  0.39171 0.394426  0.38875 0.287066 0.388466 0.387064        0 0.388998 0.389356
0.526693        0 0.562593 0.391369 0.391146 0.391333  0.38875 0.297822 0.297528        0 0.301359 0.301177 0.301335 0.287066 0.391221 0.526103 0.561867 0.391085 0.390862 0.391049 0.388466 0.327093 0.454501 0.326729 0.337078 0.336804 0.337045 0.287066 0.391202 0.542798 0.390661 0.568744        0        0        0 0.391108 0.538568 0.390567 0.567147 0.391746  0.39171 0.388998 0.391193 0.542021 0.390652 0.568424 0.392029 0.391804 0.389356 0.391997 0.506399 0.391447 0.568744 0.394465 0.394222 0.394426
 0.29946 0.392341 0.329124 0.394082 0.393988 0.394073 0.394898  0.29946 0.299287 0.298493 0.293533 0.294898 0.293773 0.307389 0.392341 0.299287 0.328909 0.393798 0.393705 0.393789 0.394616 0.329124 0.298493 0.328909 0.309786 0.314612 0.310647 0.350429 0.394082 0.293533 0.393798 0.309786  0.39238  0.39238  0.39238 0.393988 0.294898 0.393705 0.314612  0.39238 0.392385 0.392631 0.394073 0.293773 0.393789 0.310647  0.39238 0.392385 0.392423 0.394898 0.307389 0.394616 0.350429  0.39238 0.392631 0.392423
  0.0259777 4.17762e-06   0.0221133 7.72408e-06 8.30518e-06  7.8386e-06 2.33347e-05   0.0259777   0.0259774   0.0259752   0.0261344   0.0260947   0.0261271   0.0265858  5.3507e-06   0.0259774   0.0221131  8.6337e-06 9.21953e-06 8.75008e-06 2.42734e-05   0.0221133   0.0280586   0.0221131   0.0224105   0.0223252   0.0223952   0.0236759 7.72408e-06   0.0261344  8.6337e-06   0.0224105 3.52442e-06 3.52442e-06 3.52442e-06 8.30518e-06   0.0260947 9.21953e-06   0.0223252 4.14472e-06  4.2545e-06 2.01453e-05  7.8386e-06   0.0261271 8.75008e-06   0.0223952 3.63998e-06  4.2545e-06 2.03221e-05 2.33347e-05   0.0265858 2.42734e-05  0.00904721 2.03553e-05 2.01453e-05 2.03221e-05
