8	12	8	1
 0  0  0  4  0  0  0  0  0  0  1  0
 0  9  0  0  5  0  0  0  0  0  1  0
 8  0  0  4  0  0  0 11  0  0  0  0
 8  0  3  0  5  0  0  0 12  0  0  0
 0  0  0  0  0  0  0  0  0 10  1  2
 0  9  0  0  0  0  7  0  0  0  1  2
 0  0  0  0  0  6  0  0  0  0  0  2
 0  0  3  0  0  6  7  0  0  0  0  2
0.3	1	0.4	0.5	0.5	0.9	0.1	0.5	0.6	0.8	0.9	0.5	
0.511	0.63	0.767	0.476	0.92	0.65	0.751	0.19	
------target--------
6
------result--------
2	
------details--------
0.393013 0.638078 0.392372 0.393034 0.392295 0.638524 0.392346 0.392284
0.395535 0.266509 0.395117 0.395584 0.395081 0.268439 0.395186   0.3952
2.41053e-06   0.0650073 3.90854e-06 2.38397e-06 4.04985e-06   0.0640931 4.17098e-06 4.41739e-06
------result2--------
6	2	
------details2--------
0.637954        0 0.392432  0.39169 0.638406 0.391742 0.391679 0.637954  0.63801 0.637944 0.637555        0 0.636377  0.63707 0.392372  0.63801 0.391786 0.391041  0.63847 0.391094  0.39103 0.392432 0.637944 0.391786 0.391712 0.638395 0.391764   0.3917  0.39169 0.637555 0.391041 0.391712 0.638011 0.391021 0.390957 0.638406        0  0.63847 0.638395 0.638011  0.63707  0.63707 0.391742 0.636377 0.391094 0.391764 0.391021  0.63707        0 0.391679  0.63707  0.39103   0.3917 0.390957        0 0.392284
0.266223 0.393013 0.394989 0.394484 0.268158 0.394589 0.394603 0.638472  0.63816  0.63853 0.638656 0.638078  0.64018 0.639272        0 0.265919 0.394353 0.393844 0.267863 0.393948 0.393963 0.394962 0.266234 0.394542 0.394505 0.268168  0.39461 0.394624 0.394226 0.265874 0.393804 0.394274 0.267809 0.393871 0.393885 0.638899 0.638524 0.638588 0.638957  0.63909 0.640289 0.640289 0.394275 0.266116 0.393854 0.394324 0.393817 0.269379 0.392346 0.394214 0.265971 0.393793 0.394262 0.393755 0.392284        0
0.638472        0 0.394962 0.394226 0.638899 0.394275 0.394214 0.266223 0.265919 0.266234 0.265874        0 0.266116 0.265971 0.394653  0.63816 0.394542 0.393804 0.638588 0.393854 0.393793 0.394989  0.63853 0.394353 0.394274 0.638957 0.394324 0.394262 0.394484 0.638656 0.393844 0.394505  0.63909 0.393817 0.393755 0.268158 0.598861 0.267863 0.268168 0.267809 0.269379 0.265971 0.394589  0.64018 0.393948  0.39461 0.393871 0.640289        0 0.394603 0.639272 0.393963 0.394624 0.393885 0.640289 0.395863
0.267433 0.395535 0.397525  0.39702  0.26935 0.397125  0.39714 0.267433 0.267231 0.267455 0.267223 0.266509    0.267 0.267157 0.395535 0.267231 0.397107 0.396601 0.269145 0.396706 0.396721 0.397525 0.267455 0.397107 0.397069 0.269374 0.397174 0.397188  0.39702 0.267223 0.396601 0.397069 0.269149 0.396669 0.396683  0.26935 0.266509 0.269145 0.269374 0.269149 0.267253 0.271375 0.397125    0.267 0.396706 0.397174 0.396669 0.267253 0.395186  0.39714 0.267157 0.396721 0.397188 0.396683 0.271375 0.395186
  0.0650077 2.41053e-06 4.81114e-06 6.48524e-06   0.0640935 6.60429e-06 6.85268e-06   0.0650077    0.065008   0.0650077   0.0650082   0.0650073   0.0650102   0.0650087 4.09183e-06    0.065008 6.32239e-06 8.00258e-06   0.0640937  8.1196e-06  8.3698e-06 4.81114e-06   0.0650077 6.32239e-06 6.45804e-06   0.0640935 6.57719e-06 6.82549e-06 6.48524e-06   0.0650082 8.00258e-06 6.45804e-06    0.064094 8.25485e-06 8.50397e-06   0.0640935     0.06502   0.0640937   0.0640935    0.064094   0.0640968   0.0641071 6.60429e-06   0.0650102  8.1196e-06 6.57719e-06 8.25485e-06   0.0640968 4.17098e-06 6.85268e-06   0.0650087  8.3698e-06 6.82549e-06 8.50397e-06   0.0288351  4.4265e-06
