8	12	8	1
 9  1  0  4  0  6  0  0  2  0  0  0
 0  1  0  4  0  0  0  0  2  0  0  0
 9  0  0  0  0  0  7  0  2  0  0  0
 0  0  0  0  0  0  0  8  2  0 11  0
 0  1  0  0  0  6  0  0  0  3  0  0
 0  1 10  0  0  0  0  0  0  3  0  0
 0  0  0  0  5  0  7  0  0  3  0 12
 0  0 10  0  5  0  0  8  0  3  0  0
0.9	0.7	0.4	0.9	0.8	0.5	0.7	0.2	0.1	1	0.3	0.2	
0.635	0.108	0.837	0.774	0.946	0.582	0.954	0.48	
------target--------
1
------result--------
3	
------details--------
0.557625 0.394494 0.516112  0.39459 0.392646 0.394417  0.39463 0.394417
0.357763 0.398895 0.325893 0.395824 0.398438  0.39567 0.395861  0.39567
  0.0123674 2.92849e-06   0.0173782 5.14513e-07 1.65086e-05 7.34502e-07  4.4746e-07 7.34502e-07
------result2--------
1	3	
------details2--------
0.557625        0 0.557625 0.557625 0.557552 0.557688 0.557552        0 0.521849 0.394244 0.392196 0.394071 0.394285 0.394071        0 0.521849 0.515949 0.548488 0.515799 0.516008 0.515799 0.557625 0.394244 0.515949 0.392395 0.394165 0.394379 0.394165        0 0.392196 0.548488 0.392395 0.392221 0.392435 0.392221 0.557552 0.394071 0.515799 0.394165 0.392221 0.394205        0 0.557688 0.394285 0.516008 0.394379 0.392435 0.394205 0.394205 0.557552 0.394071 0.515799 0.394165 0.392221        0 0.394205
       0 0.557625 0.557625        0 0.557767 0.557322 0.557767 0.394494 0.323756 0.395478 0.398254 0.395324 0.395515 0.395324 0.516112 0.459584 0.516749 0.473492 0.516723 0.516616 0.516723 0.357593 0.398638 0.325744 0.398181 0.395422 0.395614 0.395422 0.392646 0.397861 0.315365 0.393633 0.393478  0.39367 0.393478 0.357471 0.398461 0.325641 0.395404 0.398004 0.395442 0.394417 0.357622 0.398679 0.325765 0.395617 0.398222 0.395462 0.395462 0.357471 0.398461 0.325641 0.395404 0.398004 0.394417 0.395442
0.353375  0.47259 0.357593 0.322426 0.357471 0.357622 0.357471        0 0.459584 0.398638 0.397861 0.398461 0.398679 0.398461        0 0.323756 0.325744 0.315365 0.325641 0.325765 0.325641 0.557625 0.395478 0.516749 0.393633 0.395404 0.395617 0.395404        0 0.398254 0.473492 0.398181 0.398004 0.398222 0.398004 0.557767 0.395324 0.516723 0.395422 0.393478 0.395462        0 0.557322 0.395515 0.516616 0.395614  0.39367 0.395442 0.395442 0.557767 0.395324 0.516723 0.395422 0.393478        0 0.395462
0.398895 0.325893 0.358436 0.398438 0.358337 0.358454 0.358337 0.398895 0.353967 0.399914 0.400653 0.399753 0.399955 0.399753 0.325893 0.353967 0.326484 0.345578  0.32639 0.326519  0.32639 0.358436 0.399914 0.326484  0.39946 0.396659 0.396851 0.396659 0.398438 0.400653 0.345578  0.39946 0.399298 0.399505 0.399298 0.358337 0.399753  0.32639 0.396659 0.399298 0.396696  0.39567 0.358454 0.399955 0.326519 0.396851 0.399505 0.396696 0.396696 0.358337 0.399753  0.32639 0.396659 0.399298  0.39567 0.396696
  0.0126828   0.0186908   0.0123676   0.0149129   0.0123677   0.0123675   0.0123677 2.92849e-06   0.0176995  3.4454e-06  1.9888e-05 3.66618e-06 3.37824e-06 3.66618e-06   0.0173782   0.0176995   0.0173785   0.0186795   0.0173786   0.0173784   0.0173786   0.0123676  3.4454e-06   0.0173785 1.70398e-05 1.25296e-06 9.65213e-07 1.25296e-06 1.65086e-05  1.9888e-05   0.0186795 1.70398e-05 1.72646e-05 1.69728e-05 1.72646e-05   0.0123677 3.66618e-06   0.0173786 1.25296e-06 1.72646e-05 1.18599e-06 7.34502e-07   0.0123675 3.37824e-06   0.0173784 9.65213e-07 1.69728e-05 1.18599e-06 1.18599e-06   0.0123677 3.66618e-06   0.0173786 1.25296e-06 1.72646e-05 7.34502e-07 1.18599e-06
