8	12	8	1
 5  0  8  0  0  0  0  0  4  9  0  1
 0  0  0  0  0  0  0  0  4  9  0  1
 5  2  0  0  0  0  0  0  0  0 10  1
 0  2  0  0  0  0  6  0  0  0  0  1
 5  0  8 12  3 11  0  0  4  0  0  1
 0  0  0  0  3  0  0  7  4  0  0  1
 5  2  0  0  3 11  0  0  0  0 10  1
 0  2  0  0  3  0  6  7  0  0  0  1
0.2	0.9	0.8	0.3	0.2	0.7	0.8	0.9	0.4	0.9	0.8	0.9	
0.799	0.573	0.437	0.414	0.254	0.143	0.532	0.323	
------target--------
7
------result--------
5	
------details--------
0.459558 0.459558 0.458831 0.460881 0.600596 0.460988 0.636391 0.460192
0.462545 0.462545 0.468378 0.463414 0.114713 0.463138 0.274716 0.463069
4.01261e-06 4.01261e-06 3.72319e-05 2.48205e-06    0.108001  1.7722e-06   0.0673878 4.14701e-06
------result2--------
7	3	
------details2--------
        0  0.456834  0.458892  0.599311  0.459001  0.635743  0.458194         0  0.456834  0.458892  0.599311  0.459001  0.635743  0.458194  0.456834  0.456834  0.458167   0.63316  0.458276         0  0.457472  0.458892  0.458892  0.458167   0.60016  0.460192  0.636161         0  0.599311  0.599311   0.63316   0.60016  0.600249   0.63316  0.599725  0.459001  0.459001  0.458276  0.460192  0.600249  0.636227         0  0.635743  0.635743  0.636391  0.636161         0  0.636227  0.635953  0.458194  0.458194  0.457472  0.460192  0.599725         0  0.635953
 0.459558  0.466366  0.461437  0.115003   0.46116  0.273801  0.461089  0.459558  0.466366  0.461437  0.115003   0.46116  0.273801  0.461089  0.459843  0.459843  0.460719  0.100278   0.46044  0.458831   0.46037  0.461888  0.461888  0.467712  0.114797  0.462639  0.274414  0.460881  0.601246  0.601246  0.532857  0.601833  0.601598  0.532857  0.601582  0.461994  0.461994  0.467818  0.462986  0.114798  0.274463  0.460988  0.636718  0.636718         0  0.637043  0.636391  0.636866  0.636886  0.461199  0.461199  0.467013         0  0.114902  0.460192  0.274098
        0  0.459843  0.461888  0.601246  0.461994  0.636718  0.461199         0  0.459843  0.461888  0.601246  0.461994  0.636718  0.461199  0.466366  0.466366  0.467712  0.532857  0.467818         0  0.467013  0.461437  0.461437  0.460719  0.601833  0.462986  0.637043         0  0.115003  0.115003  0.100278  0.114797  0.114798  0.681568  0.114902   0.46116   0.46116   0.46044  0.462639  0.601598  0.636866         0  0.273801  0.273801         0  0.274414  0.532857  0.274463  0.274098  0.461089  0.461089   0.46037  0.462639  0.601582  0.462986  0.636886
 0.462545  0.469413  0.464432  0.114564  0.464155  0.275186  0.464087  0.462545  0.469413  0.464432  0.114564  0.464155  0.275186  0.464087  0.469413  0.469413  0.470296  0.180005  0.470017  0.468378  0.469947  0.464432  0.464432  0.470296  0.114471  0.465311  0.275583  0.463414  0.114564  0.114564  0.180005  0.114471  0.114463 0.0370555  0.114496  0.464155  0.464155  0.470017  0.465311  0.114463  0.275457  0.463138  0.275186  0.275186  0.468378  0.275583 0.0370555  0.275457  0.275425  0.464087  0.464087  0.469947  0.463414  0.114496  0.463138  0.275425
4.01261e-06 4.13315e-05 6.51684e-06    0.108002  5.8013e-06   0.0673886 8.19742e-06 4.01261e-06 4.13315e-05 6.51684e-06    0.108002  5.8013e-06   0.0673886 8.19742e-06 4.13315e-05 4.13315e-05  3.9767e-05    0.112456 3.90435e-05 3.72319e-05 4.14693e-05 6.51684e-06 6.51684e-06  3.9767e-05    0.108002 4.71016e-06   0.0673883 2.48205e-06    0.108002    0.108002    0.112456    0.108002    0.108001    0.151754    0.108002  5.8013e-06  5.8013e-06 3.90435e-05 4.71016e-06    0.108001   0.0673882  1.7722e-06   0.0673886   0.0673886    0.155627   0.0673883    0.151588   0.0673882   0.0673886 8.19742e-06 8.19742e-06 4.14693e-05 4.28663e-06    0.108002 4.15235e-06   0.0673886
