8	12	8	1
 0  0  2  0  0  4  0  0  0 10  0  0
 0  0  0  0  5  4  0  0  0 10  0 12
 6  1  2  0  0  0  0  8  0  0  0  0
 6  1  0  0  5  0  7  0  0  0  0  0
 0  0  2  3  0  4  0  0  9  0  0  0
 0  0  0  3  0  4  0  0  0  0 11 12
 0  1  2  3  0  0  0  8  9  0  0  0
 0  1  0  3  0  0  7  0  0  0 11  0
0.7	0.9	0.1	0.4	0.3	0.6	0.3	0.8	0.2	0.7	0.2	0.4	
0.543	0.001	0.191	0.117	0.999	0.809	0.499	0.275	
------target--------
7
------result--------
5	
------details--------
0.483418 0.482839 0.483825 0.484049 0.522886 0.483405 0.527689 0.483922
0.485912 0.485592 0.486149 0.486404 0.364862 0.485819 0.403841 0.486301
2.54178e-06 3.78026e-06 1.23381e-06 3.70425e-07  0.00935713 2.45181e-06  0.00703577 9.04325e-07
------result2--------
3	5	
------details2--------
       0  0.48311 0.483335 0.522353 0.482685   0.5272 0.483207 0.482839 0.482529 0.482756  0.52204        0 0.526943 0.482596  0.48311 0.482529 0.483743 0.527689 0.483097        0 0.483616 0.483335 0.482756 0.483743 0.522845 0.483318 0.527657        0 0.522353  0.52204 0.527689 0.522845 0.522526        0 0.522805 0.482685        0 0.483097 0.483318 0.522526 0.527405 0.483318   0.5272 0.526943 0.527689 0.527657        0 0.527405 0.527634 0.483207 0.482596 0.483616 0.483922 0.522805        0 0.527634
0.483418 0.485441 0.485702 0.364496 0.485113 0.403289 0.485599        0 0.484867 0.485115 0.364234 0.482839 0.402809 0.485157 0.485608 0.485288 0.486103 0.354757 0.485516 0.483825    0.486 0.485831 0.485511 0.486069 0.364826 0.485745 0.403773 0.484049 0.524208 0.523834 0.493634 0.524016 0.523714 0.522886 0.523715 0.485193 0.483405 0.485431 0.485759  0.36454 0.403227 0.485759 0.528902 0.528525        0 0.528589 0.527689 0.528344  0.52826 0.485706 0.485398 0.485943        0 0.364773 0.483922 0.403656
       0 0.485608 0.485831 0.524208 0.485193 0.528902 0.485706 0.485094 0.485288 0.485511 0.523834 0.485193 0.528525 0.485398 0.485441 0.484867 0.486069 0.493634 0.485431        0 0.485943 0.485702 0.485115 0.486103 0.524016 0.485759 0.528589        0 0.364496 0.364234 0.354757 0.364826  0.36454        0 0.364773 0.485113 0.485217 0.485516 0.485745 0.523714 0.528344 0.485636 0.403289 0.402809 0.354757 0.403773 0.493634 0.403227 0.403656 0.485599 0.485157    0.486 0.486234 0.523715 0.485759  0.52826
0.485912  0.48794   0.4882 0.365795 0.487616 0.405245 0.488097 0.485912 0.487623 0.487893 0.365592 0.485892 0.405035 0.487846  0.48794 0.487623 0.488431  0.45418 0.487849 0.486149 0.488329   0.4882 0.487893 0.488431 0.365889 0.488134 0.405797 0.486404 0.365795 0.365592  0.45418 0.365889 0.365636 0.364862 0.365821 0.487616 0.485892 0.487849 0.488134 0.365636 0.405307  0.48652 0.405245 0.405035 0.486149 0.405797 0.364862 0.405307 0.405826 0.488097 0.487846 0.488329 0.486404 0.365821  0.48652 0.405826
2.54178e-06 3.78341e-06 2.91585e-06  0.00935837 5.01849e-06  0.00703711 3.45579e-06 3.92967e-06 5.02708e-06 4.15518e-06  0.00935858 3.89272e-06  0.00703749 4.78877e-06 3.78341e-06 5.02708e-06 1.60573e-06   0.0100353 3.69546e-06 1.23381e-06 2.14204e-06 2.91585e-06 4.15518e-06 1.60573e-06  0.00935722 2.84506e-06  0.00703591 3.70425e-07  0.00935837  0.00935858   0.0100353  0.00935722  0.00935771  0.00935713  0.00935727 5.01849e-06 2.47804e-06 3.69546e-06 2.84506e-06  0.00935771  0.00703667 2.81839e-06  0.00703711  0.00703749  0.00997231  0.00703591  0.00956948  0.00703667  0.00703608 3.45579e-06 4.78877e-06 2.14204e-06 9.05546e-07  0.00935727   9.251e-07  0.00703608
