8	12	8	1
 0  0  2  1  0  0  0  0  0  0  0  0
 3  0  2  1  0  0  6  0  0  0  0  0
 0  0  0  0  0  0  0  0  0  9  0  0
 0  0  0  0  0  0  6  0  0  0 10  0
 0  0  0  1  4  0  0  0  8  0  0  0
 3  0  0  1  4  5  0  0  0  0  0 12
 0 11  0  0  0  0  0  7  8  9  0  0
 0  0  0  0  0  5  0  7  0  0 10  0
0.2	0.3	0.9	0.7	0.9	0.5	0.9	0.7	0.6	0.8	0.6	0.3	
0.174	0.913	0.359	0.252	0.967	0.222	0.875	0.039	
------target--------
4
------result--------
8	
------details--------
0.694242 0.692572 0.694003 0.780546  0.69365 0.694369 0.692864 0.751773
 0.69592 0.695835  0.69584 0.623651 0.695444 0.696065 0.695224 0.157178
7.91153e-07 6.10077e-06 1.51497e-06   0.0146311 1.88391e-06 3.94231e-07 2.84582e-06   0.0671815
------result2--------
4	8	
------details2--------
       0  0.69377 0.779047 0.693416 0.694136 0.692628 0.749436 0.692572 0.692094        0 0.691733 0.692464 0.690933 0.779047  0.69377 0.692094 0.780322 0.693125 0.693898        0 0.751412 0.779047 0.779047 0.780322 0.780361 0.780564 0.780248        0 0.693416 0.691733 0.693125 0.780361 0.693542        0 0.751249 0.694136 0.692464 0.693898 0.780564 0.693542 0.692755 0.751728 0.692628 0.690933 0.692864 0.780248 0.692864 0.692755  0.75078 0.749436 0.779047 0.751412        0 0.751249 0.751728  0.75078
0.694242 0.695609 0.632671 0.695212 0.695835 0.694993 0.161532        0 0.693947 0.692572 0.693548  0.69418 0.693325 0.119199 0.695453 0.695365 0.623229 0.694995   0.6956 0.694003 0.157207 0.786663 0.786663 0.781193 0.780763 0.780288 0.780684 0.780546 0.695101  0.69501 0.695065  0.62287 0.695254  0.69365 0.157241 0.695816  0.69573 0.695736 0.623543  0.69534  0.69512 0.157188  0.69432 0.694223        0 0.622111        0 0.694482 0.157295 0.766651   0.7335 0.752821 0.751773 0.752389 0.752458 0.752235
       0 0.695453 0.786663 0.695101 0.695816  0.69432 0.766651 0.695809 0.695365 0.786663  0.69501  0.69573 0.694223   0.7335 0.695609 0.693947 0.781193 0.695065 0.695736        0 0.752821 0.632671 0.119199 0.623229  0.62287 0.623543 0.622111 0.723053 0.695212 0.693548 0.694995 0.780763  0.69534        0 0.752389 0.695835  0.69418   0.6956 0.780288 0.695254 0.694482 0.752458 0.694993 0.693325 0.694854 0.780684 0.694772  0.69512 0.752235 0.161532 0.119199 0.157207        0 0.157241 0.157188 0.157295
 0.69592 0.697293 0.532228 0.696896 0.697516 0.696678 0.134381  0.69592  0.69721 0.679493 0.696814 0.697443 0.696595 0.206987 0.697293  0.69721 0.624887 0.696873 0.697437  0.69584 0.157096 0.532228 0.679493 0.624887 0.624577 0.625305 0.624377 0.157178 0.696896 0.696814 0.696873 0.624577 0.697041 0.695444 0.157104 0.697516 0.697443 0.697437 0.625305 0.697041 0.696827 0.157038 0.696678 0.696595  0.69584 0.624377 0.695444 0.696827 0.157123 0.134381 0.206987 0.157096 0.157178 0.157104 0.157038 0.157123
7.91153e-07  2.3098e-06   0.0155851 2.68062e-06 1.18685e-06 3.64556e-06    0.067304 6.10387e-06 7.63545e-06  0.00216708 8.01546e-06 6.50342e-06  8.9943e-06    0.069081  2.3098e-06 7.63545e-06   0.0146319 3.52475e-06 1.91206e-06 1.51497e-06   0.0671824   0.0155851   0.0481638   0.0146319    0.014632   0.0146314   0.0146325   0.0691859 2.68062e-06 8.01546e-06 3.52475e-06    0.014632 2.28324e-06 1.88391e-06   0.0671823 1.18685e-06 6.50342e-06 1.91206e-06   0.0146314 2.28324e-06 3.24823e-06   0.0671816 3.64556e-06  8.9943e-06  3.2127e-06   0.0146325 3.00553e-06 3.24823e-06   0.0671826    0.067304    0.069081   0.0671824   0.0671815   0.0671823   0.0671816   0.0671826
