8	12	8	1
 0  0  1  0  0  0  0  0  0  0  2  0
 0  0  1  0  0  0  0  0  0  0  0  0
 0  0  1  0  0  0 12  0  0  5  2  0
 0  0  1  0  0  0  0  8  0  5  0  0
 6  0  0  0  0 11  0  0  0  0  2  3
 0  0  0  0  4  0  0  0  9  0  0  3
 6  0  0  7  0  0  0  0  0  0  2  3
 0 10  0  7  4  0  0  0  0  0  0  3
1	0.2	1	0.1	0.7	0.1	0.7	0.4	0.5	0.8	0.8	0.1	
0.365	0.646	0.447	0.596	0.509	0.628	0.791	0.126	
------target--------
1
------result--------
5	
------details--------
 0.81855 0.582871 0.807261 0.582294 0.742667 0.589934 0.742399 0.581065
0.462677 0.598221 0.505706 0.596091 0.116659  0.59208 0.166241 0.697613
  0.0641739 0.000121812   0.0406446 9.49276e-05    0.157495  1.8051e-06    0.137965  0.00215557
------result2--------
8	7	
------details2--------
   0.81855          0   0.816625          0   0.818614          0    0.81761          0          0          0   0.817899    0.58232   0.817539   0.570202   0.807261   0.807261   0.805146    0.80652   0.807283   0.806108   0.806182   0.816625   0.582294   0.805146   0.815975   0.581738   0.815615   0.569577   0.817899   0.817899    0.80652   0.815975   0.742331   0.741899    0.74191   0.818614    0.58232   0.807283   0.581738   0.742331    0.74206   0.580424   0.817539   0.817539   0.806108   0.815615   0.741899    0.74206          0    0.81761   0.570202   0.806182   0.569577    0.74191   0.580424   0.742411
         0    0.81855    0.82663    0.81855   0.818367    0.81855   0.827491   0.582871   0.582871   0.582871  0.0877039   0.584474   0.128149   0.736673          0          0   0.816192   0.821995   0.807199   0.821695   0.817473          0          0   0.300025  0.0885396   0.583906   0.129263   0.735205   0.680651   0.680651   0.707732   0.700575   0.743648   0.752332   0.749879   0.462349   0.597653     0.5054   0.595524   0.117291   0.167036   0.697193   0.680476   0.680476   0.707558   0.700386   0.752376   0.743387   0.742399   0.451719   0.592233   0.494992   0.588999   0.110521   0.582942          0
         0          0          0   0.680651   0.462349   0.680476   0.451719          0          0          0   0.680651   0.597653   0.680476   0.592233   0.859236   0.300264   0.300025   0.707732     0.5054   0.707558   0.494992    0.82663   0.585274   0.816192   0.700575   0.595524   0.700386   0.588999   0.831559  0.0877039   0.821995  0.0885396   0.117291   0.752376   0.110521   0.818367   0.584474   0.807199   0.583906   0.743648   0.743387   0.582942   0.831269   0.128149   0.821695   0.129263   0.752332   0.167036          0   0.827491   0.736673   0.817473   0.735205   0.749879   0.697193   0.741889
  0.598221   0.462677   0.565698  0.0624979   0.463642  0.0920438   0.602396   0.598221   0.598221   0.598221   0.174848     0.5999    0.23732   0.662251   0.462677   0.598221   0.574126  0.0753137   0.506606   0.110091    0.63787   0.565698   0.598221   0.574126   0.149332   0.597769   0.207009    0.67392  0.0624979   0.174848  0.0753137   0.149332   0.114783 0.00919827   0.277485   0.463642     0.5999   0.506606   0.597769   0.114783   0.163877   0.698887  0.0920438    0.23732   0.110091   0.207009 0.00919827   0.163877   0.685924   0.602396   0.662251    0.63787    0.67392   0.277485   0.698887   0.685924
   0.172665   0.0641739    0.147842    0.193898   0.0641743    0.180827   0.0661562 0.000121812 0.000121812 0.000121812    0.168821 0.000123711    0.149595  0.00265024   0.0647561   0.0685406   0.0613263    0.181962    0.040645    0.167034   0.0427173    0.147842 0.000123251   0.0613263    0.164905 9.68492e-05    0.145533  0.00249982    0.193908    0.168821    0.181962    0.164905    0.157497    0.214533    0.158401   0.0641743 0.000123711    0.040645 9.68492e-05    0.157497    0.137968  0.00215795    0.180843    0.149595    0.167034    0.145533    0.214533    0.137968    0.216817   0.0661562  0.00265024   0.0427173  0.00249982    0.158401  0.00215795    0.216817
