8	12	8	1
 9  0  1 12  0  2  5  0  0  0  0  0
 9  0  1  0  0  2  0  0  0  0  0 10
 0  0  1  0  0  0  5  0  7  8  0  0
 0  0  1  0  0  0  0  0  0  8  0 10
 0  0  0  0  0  2  0  6  0  0  3  0
 0  4  0  0 11  2  0  6  0  0  3  0
 0  0  0  0  0  0  0  0  7  0  3  0
 0  4  0  0  0  0  0  0  0  0  3  0
0.5	0.2	0.1	0.6	0.9	1	0.9	0.2	0.7	1	0.1	0.2	
0.48	0.523	0.588	0.292	0.433	0.68	0.615	0.85	
------target--------
3
------result--------
4	
------details--------
0.428242  0.42178 0.665256 0.612827 0.428616 0.427468  0.42426 0.428438
0.430765 0.475189 0.259827  0.15562 0.431038  0.43018 0.437422 0.430858
2.29272e-06 0.000662163   0.0831721    0.110144 9.20579e-07 3.75481e-06 8.00012e-05 1.58743e-06
------result2--------
4	2	
------details2--------
  0.42116  0.665176  0.612445  0.428037  0.426881  0.423676  0.427856   0.42116  0.664313         0  0.421547  0.420287  0.416172  0.421341  0.665176  0.664313         0  0.665364  0.665386  0.665256  0.665468  0.612445         0  0.664313  0.612764  0.612098  0.664313  0.612714  0.428037  0.421547  0.665364  0.612764         0  0.424055   0.42823  0.426881  0.420287  0.665386  0.612098  0.427468  0.422897  0.427468  0.423676  0.416172         0  0.664313  0.424055  0.422897  0.423876  0.427856  0.421341  0.665468  0.612714   0.42823         0  0.423876
 0.474601  0.259657  0.155896  0.430471  0.429605  0.436824  0.430289  0.423864  0.253205   0.42178  0.424308  0.423275  0.432405  0.424109  0.665523  0.670775  0.665256  0.664099  0.665127         0  0.664142  0.614104  0.612827   0.53694  0.613504  0.613554   0.53694  0.613423  0.430565  0.474985   0.25979  0.155895  0.428616  0.437204  0.430664  0.429424   0.47381  0.259473  0.156766         0  0.436001         0  0.426219  0.478126   0.42426  0.137088   0.42648  0.425623  0.426297  0.430389  0.474805  0.259759  0.156154  0.430677  0.428438  0.437013
 0.423864  0.665523  0.614104  0.430565  0.429424  0.426219  0.430389  0.474601  0.670775         0  0.474985   0.47381  0.478126  0.474805  0.259657  0.253205   0.53694   0.25979  0.259473         0  0.259759  0.155896         0  0.670775  0.155895  0.156766  0.137088  0.156154  0.430471  0.424308  0.664099  0.613504         0   0.42648  0.430677  0.429605  0.423275  0.665127  0.613554  0.430007  0.425623  0.429867  0.436824  0.432405         0   0.53694  0.437204  0.436001  0.437013  0.430289  0.424109  0.664142  0.613423  0.430664         0  0.426297
 0.477224  0.260403  0.154678  0.433001  0.432142  0.439459  0.432822  0.477224  0.307604  0.475189  0.477527  0.476629  0.469799  0.477342  0.260403  0.307604 0.0639101  0.260231  0.260187  0.437422  0.260192  0.154678  0.475189 0.0639101   0.15256  0.154448  0.208207  0.152714  0.433001  0.477527  0.260231   0.15256  0.431038  0.439831  0.433118  0.432142  0.476629  0.260187  0.154448  0.431038  0.438872  0.430858  0.439459  0.469799  0.437422  0.208207  0.439831  0.438872   0.43964  0.432822  0.477342  0.260192  0.152714  0.433118  0.430858   0.43964
 0.00066478   0.0831722    0.110145  3.2228e-06 6.07783e-06 8.23899e-05 3.89675e-06  0.00066478   0.0836418 0.000662163 0.000663338  0.00066666 0.000772288 0.000664201   0.0831722   0.0836418    0.169328   0.0831722   0.0831723     0.17987   0.0831723    0.110145    0.192946    0.169332    0.110145    0.110147    0.116463    0.110146  3.2228e-06 0.000663338   0.0831722    0.110145 9.20579e-07 8.09783e-05 2.52727e-06 6.07783e-06  0.00066666   0.0831723    0.110147 3.90638e-06 8.39372e-05 3.97075e-06 8.23899e-05 0.000772288 8.00012e-05    0.116463 8.09783e-05 8.39372e-05 8.16872e-05 3.89675e-06 0.000664201   0.0831723    0.110146 2.52727e-06 1.58743e-06 8.16872e-05
