8	12	8	1
 0  0  0  0  3  0  0  5  9  0  1  0
 0  0  0  0  3  0  0  5  0  0  1  0
 0  0  2  0  3  0  0  0  0  0  1  0
 0  0  2  0  3  0  0  0  0  6  1  0
 0  4  0  0  0  0  7  0  0  0  1 12
 8  4  0  0  0  0  0  0  0  0  1  0
 0  4  2 11  0  0  7  0  0  0  1  0
 0  4  2  0  0 10  0  0  0  6  1  0
0.7	0.6	0.9	0.5	0.6	0.1	1	0.4	0.4	0.4	0.4	0.6	
0.706	0.042	0.825	0.122	0.478	0.4	0.309	0.047	
------target--------
4
------result--------
8	
------details--------
0.836546 0.836718 0.836731 0.871733 0.836789   0.8368 0.836892   0.8617
 0.83742 0.837438 0.837436 0.793563 0.837823 0.837841 0.837903 0.115504
6.92911e-07 4.65823e-07 4.44499e-07  0.00549371 6.95596e-07 6.78852e-07 4.36189e-07   0.0441542
------result2--------
8	4	
------details2--------
 0.836546  0.836546  0.871186  0.836303  0.836315  0.836408  0.871155         0  0.836718  0.871698  0.836477  0.836488  0.836581  0.871667         0         0         0   0.83649  0.836501  0.836594  0.871702  0.871186  0.871698  0.871733  0.871659  0.871646  0.871701         0  0.836303  0.836477   0.83649  0.871659   0.83656  0.836652  0.861554  0.836315  0.836488  0.836501  0.871646   0.83656  0.836663   0.86155  0.836408  0.836581  0.836594  0.871701  0.836652  0.836663  0.861623  0.871155  0.871667  0.871702  0.871702  0.861554   0.86155  0.861623
        0         0         0  0.837346  0.837363  0.837427 0.0883888  0.836718         0         0  0.837516  0.837533  0.837597 0.0868841  0.836731  0.836731  0.836731  0.837529  0.837546  0.837609 0.0867904  0.873621  0.873908         0  0.871976  0.872039  0.871936  0.871733  0.837183  0.837202    0.8372  0.793317  0.837605  0.837667  0.115831  0.837194  0.837212   0.83721  0.793334  0.837598  0.837678  0.115768  0.837285  0.837304  0.837302  0.793419  0.837689  0.837706  0.115721  0.854154  0.848835   0.84831   0.84831  0.862186  0.862232  0.862196
 0.837356  0.837369  0.873621  0.837183  0.837194  0.837285  0.854154         0   0.83753  0.873908  0.837202  0.837212  0.837304  0.848835         0         0         0    0.8372   0.83721  0.837302   0.84831         0         0         0  0.793317  0.793334  0.793419   0.84831  0.837346  0.837516  0.837529  0.871976  0.837598  0.837689  0.862186  0.837363  0.837533  0.837546  0.872039  0.837605  0.837706  0.862232  0.837427  0.837597  0.837609  0.871936  0.837667  0.837678  0.862196 0.0883888 0.0868841 0.0867904   0.87847  0.115831  0.115768  0.115721
 0.837438  0.837436  0.826812  0.838219  0.838237  0.838299  0.156253  0.837438  0.837436  0.836684  0.838237  0.838254  0.838316  0.210251  0.837436  0.837436  0.837436  0.838235  0.838252  0.838314  0.217667  0.826812  0.836684  0.837436  0.794395  0.794391  0.794503 0.0517464  0.838219  0.838237  0.838235  0.794395  0.838639  0.838701  0.114393  0.838237  0.838254  0.838252  0.794391  0.838639  0.838719  0.114546  0.838299  0.838316  0.838314  0.794503  0.838701  0.838719   0.11408  0.156253  0.210251  0.217667 0.0517464  0.114393  0.114546   0.11408
6.95249e-07 6.94597e-07   0.0351655 1.39544e-06 1.37795e-06 1.13382e-06   0.0446199 4.65823e-07 4.66111e-07   0.0441241 1.16597e-06 1.14879e-06 9.05083e-07   0.0450617 4.44499e-07 4.44499e-07 4.44499e-07 1.14445e-06 1.12728e-06 8.83622e-07   0.0451111   0.0351655   0.0441241     0.04481  0.00549403  0.00549403  0.00549391   0.0493695 1.39544e-06 1.16597e-06 1.14445e-06  0.00549403 1.37876e-06 1.13503e-06   0.0441545 1.37795e-06 1.14879e-06 1.12728e-06  0.00549403 1.37876e-06 1.11795e-06   0.0441545 1.13382e-06 9.05083e-07 8.83622e-07  0.00549391 1.13503e-06 1.11795e-06   0.0441544   0.0446199   0.0450617   0.0451111   0.0493701   0.0441545   0.0441545   0.0441544
