8	12	8	1
 0  0  0  0  0  4  1  6  0  3  0 12
 0  0  8  0  2  4  1  0  0  3  0  0
 0  0  0  5  0  0  1  0  0  3  0  0
 0  0  0  5  2  0  1  0  0  3  9  0
11  0  0  0  0  0  1  6  7  0  0  0
 0  0  8  0  2  0  1  0  7  0  0  0
 0 10  0  0  0  0  1  0  0  0  0  0
 0  0  0  0  2  0  1  0  0  0  9  0
0.2	0.7	0.6	0.7	0.7	0.7	0.3	0.3	0.3	0.5	0.8	0.3	
0.803	0.785	0.621	0.222	0.942	0.584	0.05	0.246	
------target--------
4
------result--------
8	
------details--------
0.726002 0.725412 0.725412 0.824458 0.726066 0.725412 0.726281 0.805943
 0.72757 0.727115 0.728181 0.630457  0.72763 0.727115  0.72784 0.477144
1.01582e-06 1.81379e-06 4.26712e-06   0.0241076 8.54406e-07 1.81379e-06 1.74447e-07   0.0463852
------result2--------
3	8	
------details2--------
0.725079 0.725083  0.82453 0.725737 0.725079 0.725956 0.805866 0.725079 0.724489 0.824368 0.725144        0 0.725366 0.805535 0.725083 0.724489        0 0.725148 0.724489 0.725366 0.824458  0.82453 0.824368 0.824458 0.824567 0.824368 0.824446        0 0.725737 0.725144 0.725148 0.824567 0.725144  0.72602 0.805915 0.725079        0 0.724489 0.824368 0.725144 0.725366 0.805535 0.725956 0.725366 0.725366 0.824446  0.72602 0.725366 0.805918 0.805866 0.805535 0.824458        0 0.805915 0.805535 0.805918
0.726793 0.727856 0.630278 0.727315 0.726793  0.72752 0.477083 0.726668 0.727266 0.629929 0.726733 0.725412 0.726935  0.47697 0.726662 0.726204 0.725412 0.726723 0.726204 0.726934 0.446674 0.824184 0.824535        0 0.823918 0.824535 0.824855 0.824458 0.727316 0.726858 0.727919 0.630314 0.726858 0.727584 0.477087 0.726668 0.725412 0.727266 0.629929 0.726733 0.726935  0.47697 0.727524  0.72707 0.728135  0.63043 0.727585  0.72707 0.477136 0.806234 0.806294 0.771244 0.805943 0.806083 0.806294 0.806777
0.726668 0.726662 0.824184 0.727316 0.726668 0.727524 0.806234 0.726793 0.726204 0.824535 0.726858        0  0.72707 0.806294 0.727856 0.727266        0 0.727919 0.727266 0.728135 0.771244 0.630278 0.629929 0.446674 0.630314 0.629929  0.63043 0.771244 0.727315 0.726733 0.726723 0.823918 0.726733 0.727585 0.806083 0.726793        0 0.726204 0.824535 0.726858  0.72707 0.806294  0.72752 0.726935 0.726934 0.824855 0.727584 0.726935 0.806777 0.477083  0.47697 0.446674        0 0.477087  0.47697 0.477136
0.728366 0.729445  0.63115 0.728884 0.728366  0.72909 0.477384 0.728366 0.728981 0.630918 0.728427 0.727115 0.728636 0.477297 0.729445 0.728981 0.728181 0.729511 0.728981 0.729706 0.557546  0.63115 0.630918 0.728181 0.631185 0.630918 0.631357 0.477144 0.728884 0.728427 0.729511 0.631185 0.728427  0.72915 0.477437 0.728366 0.727115 0.728981 0.630918 0.728427 0.728636 0.477297  0.72909 0.728636 0.729706 0.631357  0.72915 0.728636 0.477438 0.477384 0.477297 0.557546 0.477144 0.477437 0.477297 0.477438
 2.8459e-06 5.30168e-06   0.0241078 1.88288e-06  2.8459e-06 1.19152e-06   0.0463853  2.8459e-06 6.10741e-06   0.0241079 2.68391e-06 1.81379e-06 1.99003e-06   0.0463856 5.30168e-06 6.10741e-06 4.26712e-06 5.13915e-06 6.10741e-06 4.44377e-06   0.0491028   0.0241078   0.0241079   0.0433839   0.0241079   0.0241079   0.0241077   0.0479136 1.88288e-06 2.68391e-06 5.13915e-06   0.0241079 2.68391e-06 1.03003e-06   0.0463852  2.8459e-06 1.81379e-06 6.10741e-06   0.0241079 2.68391e-06 1.99003e-06   0.0463856 1.19152e-06 1.99003e-06 4.44377e-06   0.0241077 1.03003e-06 1.99003e-06   0.0463853   0.0463853   0.0463856   0.0491028   0.0463852   0.0463852   0.0463856   0.0463853
