8	12	8	1
 9  0  0  0  0  2  0  0  0  7  0  0
 0  0  0  0  0  0  5  0  6  7  0  0
 0  0  0  0  1  2  0  0  0  0  0  0
 0  0  0  0  1  0  5  0  0  0  0  0
 0  3  0  0  0  2  0  0  0  0 11  0
 0  0 10  4  0  0  0  0  6  0  0  0
 0  3  0  0  1  2  0  0  0  0  0  8
 0  0  0  4  1  0  0 12  0  0  0  8
1	0.4	0.9	0.3	0.9	0.6	1	0.7	0.4	0.4	0.2	0.7	
0.372	0.808	0.316	0.055	0.129	0.366	0.502	0.169	
------target--------
7
------result--------
8	
------details--------
0.477072 0.478775 0.478116 0.479447  0.47806 0.478969 0.650509 0.625179
0.481729 0.481269 0.485856 0.481808 0.485339 0.481483 0.225762 0.152921
1.08098e-05 2.69427e-06 1.82439e-05 5.24576e-07 1.73868e-05 2.28586e-06   0.0906696    0.102908
------result2--------
7	3	
------details2--------
 0.476901  0.477072  0.476901  0.477015  0.476467  0.649475  0.643773         0  0.477314  0.478775  0.477258  0.478176  0.650672  0.624886         0  0.477314  0.477999         0  0.477517         0  0.644798  0.476901         0  0.477999  0.477943  0.478852  0.650442  0.625102  0.477015  0.477258   0.47806  0.477943  0.477461  0.650449  0.644739  0.476467  0.478176  0.477517  0.478852  0.477461  0.650303  0.624841  0.649475  0.650672  0.650509  0.650442  0.650449  0.650303         0  0.643773  0.624886  0.644798  0.625102  0.644739  0.624841  0.644798
 0.479699         0  0.479699  0.479338  0.479003         0  0.142469  0.478775   0.48503         0  0.484519  0.480699  0.226548  0.152914  0.478116  0.479835  0.480361  0.478116  0.480043  0.478116  0.142134  0.481609  0.479447  0.485739  0.485222  0.481366  0.225669    0.1529  0.479456   0.47978         0  0.480306  0.479988         0  0.142168  0.481133  0.480678  0.485258  0.481216  0.484741  0.225578  0.152854  0.651889  0.650161         0  0.651798  0.652941   0.65117  0.650509  0.610044  0.625809  0.553271  0.626649  0.560879  0.626266  0.553271
 0.482083  0.479511  0.481609  0.479456  0.481133  0.651889  0.610044  0.479699  0.479835   0.48117   0.47978  0.480678  0.650161  0.625809         0   0.48503  0.485739         0  0.485258         0  0.553271  0.479699         0  0.480361  0.480306  0.481216  0.651798  0.626649  0.479338  0.484519  0.480376  0.485222  0.484741  0.652941  0.560879  0.479003  0.480699  0.480043  0.481366  0.479988   0.65117  0.626266         0  0.226548         0  0.225669         0  0.225578  0.553271  0.142469  0.152914  0.142134    0.1529  0.142168  0.152854  0.707836
 0.481424  0.485856  0.484653  0.485685  0.483669  0.325633  0.163435  0.481424  0.487716  0.481808  0.487182  0.483203  0.224022  0.152936  0.485856  0.487716  0.488108  0.485856   0.48781  0.485856  0.227958  0.484653  0.481808  0.488108  0.487597   0.48374  0.227564  0.153317  0.485685  0.487182  0.485856  0.487597  0.487294  0.472832  0.215564  0.483669  0.483203   0.48781   0.48374  0.487294  0.226362   0.15314  0.325633  0.224022  0.485856  0.227564  0.472832  0.226362 0.0347531  0.163435  0.152936  0.227958  0.153317  0.215564   0.15314 0.0347531
1.13432e-05 2.06168e-05 1.16024e-05 2.05638e-05  1.3136e-05     0.12955    0.103455 2.84823e-06  2.1063e-05 2.72831e-06 2.02064e-05 4.99789e-06   0.0906713    0.102908 1.82439e-05  2.1063e-05 1.87692e-05 1.82439e-05 2.05605e-05 1.82439e-05    0.105834 1.16024e-05 5.24576e-07 1.87692e-05  1.7913e-05 2.81265e-06     0.09067    0.102908 2.05638e-05 2.02064e-05 1.84482e-05  1.7913e-05 1.97064e-05    0.172714     0.10548  1.3136e-05 4.99789e-06 2.05605e-05 2.81265e-06 1.97064e-05     0.09067    0.102909     0.12955   0.0906713    0.176075     0.09067    0.172714     0.09067    0.165348    0.103455    0.102908    0.105834    0.102908     0.10548    0.102909    0.165789
