8	12	8	1
 0 11  0  9  2  0  0  0  0  0  0  0
 0  0  4  0  2  0  0  0  7  0  3  0
 1  0  0  0  0  0  0  0  0  0  0  0
 1  0  4  0  0  0  0  6  0  0  3  0
 0  0  0  9  2 12  5  0  0  0  0 10
 0  0  0  0  2  0  5  0  7  8  3  0
 1  0  0  0  0  0  0  0  0  0  0 10
 1  0  0  0  0  0  0  6  0  8  3  0
0.1	0.8	0.3	0.2	0.3	0.7	0.1	0.3	0.5	0.5	0.5	0.3	
0.593	0.757	0.832	0.385	0.1	0.832	0.502	0.936	
------target--------
7
------result--------
5	
------details--------
0.486251 0.486334 0.486995 0.486758  0.55441 0.485188 0.558814 0.485764
0.488799 0.488699 0.488226 0.488633 0.163797 0.487989 0.199983 0.488004
2.87784e-06 2.44406e-06 2.28089e-07 1.03706e-06   0.0471834 3.41147e-06   0.0437435 2.42233e-06
------result2--------
7	3	
------details2--------
0.485483 0.486148  0.48591 0.553899 0.484328 0.558345 0.484907 0.485483 0.486231 0.485995 0.554096        0 0.558544 0.484742 0.486148 0.486231        0 0.556252 0.485066        0        0  0.48591 0.485995 0.486758 0.556113 0.484742 0.558678        0 0.553899 0.554096 0.556252 0.556113 0.553259 0.556252  0.55558 0.484328 0.485188 0.485066 0.484742 0.553259 0.558025        0 0.558345 0.558544 0.558814 0.558678        0 0.558025 0.558155 0.484907 0.484742 0.485764 0.485764  0.55558        0 0.558155
0.487859 0.487396 0.487799 0.163444 0.487146 0.199995 0.487162 0.488041 0.487479 0.487872 0.163379 0.486334 0.199896 0.487282 0.488699 0.488599 0.486995 0.161281 0.487885 0.486995 0.486995 0.488464 0.488361        0 0.161253 0.487658        0 0.486758 0.555439 0.555069 0.534639 0.546808 0.554948 0.534639 0.553619 0.486897        0 0.486409 0.486898 0.163372 0.210587 0.485188 0.559757 0.559381        0 0.559956 0.558814 0.559178 0.559335  0.48747 0.487458        0        0  0.16103 0.485764        0
0.488041 0.488699 0.488464 0.555439 0.486897 0.559757  0.48747 0.487859 0.488599 0.488361 0.555069        0 0.559381 0.487458 0.487396 0.487479        0 0.534639 0.486409        0        0 0.487799 0.487872 0.488974 0.546808 0.486898 0.559956        0 0.163444 0.163379 0.161281 0.161253 0.163372 0.603935  0.16103 0.487146 0.487352 0.487885 0.487658 0.554948 0.559178 0.487458 0.199995 0.199896        0        0 0.534639 0.210587        0 0.487162 0.487282 0.487969 0.487732 0.553619 0.486898 0.559335
0.490415 0.489945 0.490353 0.164523 0.489704 0.199957  0.48972 0.490415 0.489841 0.490255 0.164696 0.488699 0.200169 0.489817 0.489945 0.489841 0.488226 0.199528  0.48922 0.488226 0.488226 0.490353 0.490255 0.488226 0.176773 0.489642 0.423981 0.488633 0.164523 0.164696 0.199528 0.176773 0.164001 0.017492 0.165772 0.489704 0.488699  0.48922 0.489642 0.164001 0.194648 0.488143 0.199957 0.200169 0.488226 0.423981 0.017492 0.194648 0.271424  0.48972 0.489817 0.488226 0.488633 0.165772 0.488143 0.271424
5.34309e-06 3.11172e-06 3.93029e-06   0.0471845 6.32098e-06   0.0437442 5.32742e-06 5.34309e-06 2.67766e-06 3.48913e-06    0.047184 2.44406e-06   0.0437438 5.38583e-06 3.11172e-06 2.67766e-06 2.28089e-07   0.0472981 3.68056e-06 2.28089e-07 2.28089e-07 3.93029e-06 3.48913e-06 1.08698e-06   0.0472255 4.64531e-06   0.0795019 1.03706e-06   0.0471845    0.047184   0.0472981   0.0472255   0.0471845   0.0838283   0.0471884 6.32098e-06 4.02732e-06 3.68056e-06 4.64531e-06   0.0471845   0.0437791 3.52254e-06   0.0437442   0.0437438   0.0870292   0.0795019   0.0836391   0.0437791   0.0576547 5.32742e-06 5.38583e-06 2.43167e-06 2.62634e-06   0.0471884  2.6044e-06   0.0576547
