8	12	8	1
12  1  2  8  0  0  0  0  0  0  0  4
 0  0  2  0  0  0  0  0  0  0  0  4
 0  1  0  0  0  0 11  0  0  6  0  4
 0  0  0  0  0  0  0  0  0  0  7  4
 0  1  2  8  3  0  0  5  0  0  0  0
 0  0  2  0  3 10  0  5  0  0  0  0
 0  1  0  0  3  0  0  0  9  6  0  0
 0  0  0  0  3  0  0  0  0  0  7  0
1	1	0.8	1	0.9	0.7	0.3	0.4	0.3	0.3	0.5	0.9	
0.121	0.039	0.466	0.601	0.527	0.02	0.857	0.268	
------target--------
4
------result--------
8	
------details--------
0.413969 0.415118 0.414807 0.543672 0.414367 0.415306 0.414788 0.540125
0.417172 0.421283 0.418161 0.188214  0.41711 0.417751 0.417256 0.165149
5.16893e-06 2.65391e-06 3.06795e-06   0.0636827 3.53541e-06 1.45693e-07  2.1637e-06    0.069292
------result2--------
2	8	
------details2--------
0.413969 0.413654 0.543018 0.413969 0.413939 0.413414 0.543018        0        0        0 0.414149 0.415089  0.41457 0.543672 0.413654 0.414807 0.543676 0.413836 0.414778 0.414256 0.543676 0.543018 0.543672 0.543676 0.543124  0.54366  0.54377        0        0 0.414149 0.413836 0.543124 0.414338 0.413815 0.539527 0.413939 0.415089 0.414778  0.54366 0.414338 0.414758 0.540112 0.413414  0.41457 0.414256  0.54377 0.413815 0.414758  0.54019 0.543018 0.543672 0.543676        0 0.539527 0.540112  0.54019
       0 0.416121 0.162756        0 0.416392 0.415897 0.162756 0.415118 0.415118 0.415118 0.416893 0.417535 0.417039 0.163041 0.416494        0 0.163001 0.416584 0.417229 0.416734 0.163001 0.544624        0 0.543638  0.54467 0.544621 0.543331 0.543672 0.414367 0.420291 0.417196 0.187995 0.416789 0.416294 0.164905 0.417143 0.421253 0.418132 0.188204 0.417081 0.417227 0.165142 0.416626 0.420726 0.417618 0.188011 0.416565 0.417211  0.16502 0.536322 0.459911 0.522084 0.540125 0.541216 0.541163   0.5399
0.416803 0.416494 0.544624 0.417473 0.417143 0.416626 0.536322        0        0        0 0.420291 0.421253 0.420726 0.459911 0.416121 0.417261 0.543638 0.417196 0.418132 0.417618 0.522084 0.162756 0.163041 0.163001 0.187995 0.188204 0.188011 0.459911        0 0.416893 0.416584  0.54467 0.417081 0.416565 0.541216 0.416392 0.417535 0.417229 0.544621 0.416789 0.417211 0.541163 0.415897 0.417039 0.416734 0.543331 0.416294 0.417227   0.5399 0.162756 0.163041 0.163001        0 0.164905 0.165142  0.16502
0.421283 0.419933 0.217996  0.41711 0.419607 0.419113 0.168521 0.421283 0.421283 0.421283 0.423149  0.42374 0.423265 0.264087 0.419933 0.421283 0.283175 0.419965 0.420606 0.420122 0.178054 0.217996 0.421283 0.283175 0.188621 0.189043 0.188941 0.165149  0.41711 0.423149 0.419965 0.188621 0.419541 0.419046 0.165603 0.419607  0.42374 0.420606 0.189043 0.419541  0.41969 0.165752 0.419113 0.423265 0.420122 0.188941 0.419046  0.41969 0.165613 0.168521 0.264087 0.178054 0.165149 0.165603 0.165752 0.165613
6.50064e-06 7.61058e-06   0.0645767 5.18544e-06 5.31603e-06 7.36136e-06   0.0693165 2.65391e-06 2.65391e-06 2.65391e-06 6.20347e-06 2.79988e-06 4.82288e-06    0.069894 7.61058e-06 3.97543e-06   0.0663052 6.62774e-06 3.21468e-06 5.25746e-06   0.0694108   0.0645767   0.0694367   0.0663052   0.0636835   0.0636827   0.0636829   0.0696725 3.53541e-06 6.20347e-06 6.62774e-06   0.0636835 3.68216e-06  5.7204e-06    0.069293 5.31603e-06 2.79988e-06 3.21468e-06   0.0636827 3.68216e-06  2.3105e-06    0.069292 7.36136e-06 4.82288e-06 5.25746e-06   0.0636829  5.7204e-06  2.3105e-06   0.0692921   0.0693165    0.069894   0.0694108    0.069292    0.069293    0.069292   0.0692921
