8	12	8	1
 0  0  0  0  2  1  7  0  0 10  0  4
 0  0  0  0  2  1  0  8  0  0  3  4
 0  0  0  0  0  1  7  0  0  0  0  4
 0  0  0 12  0  1  0  8  0  0  3  4
 5  6  0  0  2  1  0  0  0 10  0  0
 5  0  0  0  2  1  0  0  9  0  3  0
 0  6 11  0  0  1  0  0  0  0  0  0
 0  0 11 12  0  1  0  0  9  0  3  0
0.3	0.6	0.2	0.3	0.7	0.7	0.9	0.1	0.7	0.2	0.9	0.6	
0.46	0.118	0.656	0.109	0.136	0.659	0.193	0.242	
------target--------
8
------result--------
4	
------details--------
 0.70067 0.701635 0.700838 0.733795 0.701571 0.701127 0.701636 0.746041
0.702697 0.703477  0.70276 0.356422 0.702671 0.702622 0.702155 0.644009
2.45135e-06 9.23209e-08 2.15657e-06   0.0238848 2.06297e-07  1.2205e-06 2.34341e-08  0.00608218
------result2--------
4	2	
------details2--------
0.700648  0.70067 0.733083        0 0.700133 0.700649 0.745543 0.700648 0.700817        0 0.701549 0.701105 0.701615 0.746048        0 0.700817 0.733132  0.70067 0.700304 0.700818 0.745512 0.733083 0.733795 0.733132 0.733789 0.745228 0.734324        0        0 0.701549  0.70067 0.733789 0.701041 0.701551 0.746088 0.700133 0.701105 0.700304 0.745228 0.701041 0.701105        0 0.700649 0.701615 0.700818 0.734324 0.701551 0.701105        0 0.745543 0.746048 0.745512        0 0.746088 0.746041 0.746041
0.702517        0 0.356684  0.70067 0.701642 0.701187 0.643056 0.702676 0.702739 0.701635 0.702651 0.702602 0.702136 0.643991 0.700838 0.702674  0.35651 0.702256 0.701808 0.701347 0.643267 0.734544        0 0.734688 0.733854 0.713862 0.720613 0.733795 0.701571 0.703396 0.702702 0.356544 0.702538 0.702073 0.643889  0.70217 0.703011 0.702233 0.306421  0.70215 0.701684 0.701127 0.702677  0.70346  0.70274 0.353946 0.702652 0.702605 0.701636 0.746562   0.7455  0.74675 0.746041 0.745484        0        0
0.702676 0.702256 0.734544 0.702702  0.70217 0.702677 0.746562 0.702517 0.702674        0 0.703396 0.703011  0.70346   0.7455        0 0.702739 0.734688 0.702702 0.702233  0.70274  0.74675 0.356684  0.30219  0.35651 0.356544 0.306421 0.353946   0.7455        0 0.702651 0.702256 0.733854  0.70215 0.702652 0.745484 0.701642 0.702602 0.701808 0.713862 0.702538 0.702605        0 0.701187 0.702136 0.701347 0.720613 0.702073 0.701684        0 0.643056 0.643991 0.643267 0.714606 0.643889 0.389103  0.63847
0.704527  0.70276 0.356138 0.702671 0.703669 0.703207 0.645029 0.704527 0.704586 0.703477 0.704501 0.704353 0.703921 0.645611  0.70276 0.704586 0.356301 0.704226 0.703732 0.703268 0.645022 0.356138 0.703477 0.356301 0.354903 0.517135 0.438984 0.323374 0.702671 0.704501 0.704226 0.354903 0.703644 0.703177 0.645471 0.703669 0.704353 0.703732 0.517135 0.703644 0.703056 0.702622 0.703207 0.703921 0.703268 0.438984 0.703177 0.703056 0.702155 0.645029 0.645611 0.645022 0.323374 0.645471 0.702622 0.702155
2.54552e-06 2.48375e-06   0.0238861 2.45149e-06 3.68774e-06 2.47617e-06  0.00608349 2.54552e-06    2.25e-06 9.23209e-08 2.99131e-07 1.31395e-06 1.15884e-07  0.00608221 2.15657e-06    2.25e-06   0.0238862 2.57091e-06 3.38893e-06  2.1809e-06  0.00608345   0.0238861   0.0272296   0.0238862   0.0238849   0.0258635   0.0239379   0.0261683 2.06297e-07 2.99131e-07 2.57091e-06   0.0238849 1.42966e-06 2.30068e-07  0.00608239 3.68774e-06 1.31395e-06 3.38893e-06   0.0258635 1.42966e-06 1.24573e-06  1.2205e-06 2.47617e-06 1.15884e-07  2.1809e-06   0.0239379 2.30068e-07 1.24573e-06 2.34341e-08  0.00608349  0.00608221  0.00608345    0.026716  0.00608239   0.0196919  0.00639547
