8	12	8	1
 0  0  0  7  0  0  0  0  6  3  0  0
 0  0  0  0  4  0  0 11  0  0  0  0
 0  0  0  7  0  0  2  0  0  3  0  0
 0 10  0  0  4  0  2  0  0  0  0  0
 1  0  0  0  0  0  0  0  6  3  0  0
 1  0  0  0  0  9  0  0  0  0  8  0
 1  0  5  0  0  0  2  0  0  3  0 12
 1  0  5  0  0  0  2  0  0  0  8  0
0.6	0.2	0.4	0.7	0.9	0.3	0.5	0.2	0.9	0.4	0.1	0.9	
0.355	0.927	0.366	0.173	0.751	0.119	0.93	0.403	
------target--------
1
------result--------
3	
------details--------
0.716206 0.598491 0.680541 0.598763 0.596512 0.598686 0.597606 0.598752
0.534631 0.600559  0.41715 0.600817 0.601618 0.600754 0.600013 0.600812
  0.0160588  1.2234e-06   0.0306129 2.78285e-07 1.34524e-05 5.77679e-07 3.01325e-06  3.2587e-07
------result2--------
3	5	
------details2--------
0.716341        0  0.71623 0.716206  0.71627  0.71565 0.716261 0.716341 0.680431 0.598422 0.596167 0.598344 0.597259  0.59841        0 0.680431 0.680518 0.716206 0.680498 0.679587 0.680528  0.71623 0.598422 0.680518 0.596444 0.598619 0.597537 0.598684        0 0.596167 0.716206 0.596444 0.596366 0.595274 0.596432  0.71627 0.598344 0.680498 0.598619 0.596366 0.597459 0.598686  0.71565 0.597259 0.679587 0.597537 0.595274 0.597459 0.597525 0.716261  0.59841 0.680528 0.598684 0.596432        0 0.597525
0.715533 0.716206 0.715498        0  0.71536 0.716735 0.714846 0.534363 0.417037 0.600492 0.601274  0.60043 0.599675 0.600492 0.680541 0.681101 0.681218 0.643035 0.681116 0.681459 0.680876 0.534578 0.600495 0.417128  0.60155  0.60069 0.599946 0.600749 0.596512 0.598249  0.37657 0.598511 0.598445 0.597699 0.598502 0.534515 0.600421   0.4171  0.60068 0.601472  0.59987        0 0.533719  0.59935  0.41674 0.599612 0.600388 0.599548 0.599611 0.534565 0.600484 0.417121 0.600743 0.601538 0.598752 0.599935
0.534363 0.643035 0.534578  0.37657 0.534515 0.533719 0.534565 0.715533 0.681101 0.600495 0.598249 0.600421  0.59935 0.600484        0 0.417037 0.417128  0.37657   0.4171  0.41674 0.417121 0.715498 0.600492 0.681218 0.598511  0.60068 0.599612 0.600743        0 0.601274 0.643035  0.60155 0.601472 0.600388 0.601538  0.71536  0.60043 0.681116  0.60069 0.598445 0.599548 0.600683 0.716735 0.599675 0.681459 0.599946 0.597699  0.59987 0.599935 0.714846 0.600492 0.680876 0.600749 0.598502        0 0.599611
0.536009  0.41715 0.536205 0.601618 0.536187 0.535517 0.536297 0.536009 0.417736 0.602561 0.603391 0.602498 0.601752 0.602556  0.41715 0.417736 0.417813 0.483428 0.417829 0.417551 0.417908 0.536205 0.602561 0.417813 0.603651 0.602752 0.602009  0.60281 0.601618 0.603391 0.483428 0.603651  0.60359 0.602817 0.603658 0.536187 0.602498 0.417829 0.602752  0.60359 0.601946 0.600812 0.535517 0.601752 0.417551 0.602009 0.602817 0.601946 0.602003 0.536297 0.602556 0.417908  0.60281 0.603658 0.600812 0.602003
  0.0160594   0.0327363   0.0160589   0.0298731   0.0160591   0.0160601    0.016059   0.0160594   0.0306131 1.50578e-06 1.47102e-05 1.81049e-06 4.25465e-06 1.55573e-06   0.0306129   0.0306131    0.030613   0.0344464    0.030613   0.0306144    0.030613   0.0160589 1.50578e-06    0.030613 1.37384e-05 8.58018e-07 3.29558e-06 6.05556e-07 1.34524e-05 1.47102e-05   0.0344464 1.37384e-05 1.40465e-05 1.65165e-05 1.37884e-05   0.0160591 1.81049e-06    0.030613 8.58018e-07 1.40465e-05 3.59956e-06 5.78277e-07   0.0160601 4.25465e-06   0.0306144 3.29558e-06 1.65165e-05 3.59956e-06 3.34449e-06    0.016059 1.55573e-06    0.030613 6.05556e-07 1.37884e-05  3.2587e-07 3.34449e-06
