8	12	8	1
 7  1  0  0 11  0  0  0  2  0  0  0
 0  1  0  0  0  0  0  0  2  0  0  3
 7  1  9  0  0  0 12  0  0  0  0  0
 0  1  0  0  0  0  0  6  0 10  0  3
 0  0  0  0  0  5  0  0  2  0  0  0
 0  0  0  4  0  5  0  0  2  0  0  3
 0  0  9  0  0  0  0  0  0  0  8  0
 0  0  0  4  0  0  0  6  0  0  8  3
0.5	0.1	0.2	0.2	0.2	0.6	0.7	1	0.9	0.1	0.9	0.5	
0.504	0.329	0.864	0.245	0.701	0.287	0.524	0.682	
------target--------
8
------result--------
7	
------details--------
 0.372986  0.371028  0.360483  0.370972  0.372306  0.369916  0.608628  0.640346
 0.375458  0.383943  0.389268  0.382888  0.374525   0.37629 0.0851508  0.125341
1.09614e-06 4.99953e-05 0.000436417  4.6266e-05 2.54595e-06 2.16853e-05     0.16136    0.150475
------result2--------
8	2	
------details2--------
 0.370798  0.360187  0.370741  0.372073  0.369681  0.608642  0.640492  0.370798  0.357556         0  0.369916         0   0.63604         0  0.360187  0.357556  0.357477  0.359524  0.356301  0.610617  0.638591  0.370741  0.370972  0.357477  0.369858  0.369858  0.635994  0.640302  0.372073  0.369916  0.359524  0.369858         0  0.604681  0.639272  0.369681  0.369916  0.356301  0.369858         0  0.634937  0.639272  0.608642   0.63604         0  0.635994  0.604681  0.634937   0.63604  0.640492  0.640346  0.638591  0.640302  0.639272  0.639272         0
 0.383694  0.389075  0.382639  0.374299  0.376058 0.0853454  0.125369  0.373274  0.388037  0.371028  0.372569  0.371028 0.0801705  0.371028  0.363345  0.374893  0.373455  0.361849  0.364354         0  0.118387   0.37322         0  0.387993  0.372513  0.372513 0.0802478         0  0.374562  0.382999  0.388268  0.382003  0.372306 0.0861707  0.132729   0.37218         0  0.386944  0.372371  0.369916  0.080627         0  0.608491  0.505598  0.608628  0.516147  0.614352  0.586436  0.505598  0.638944         0    0.6424  0.642245  0.641831  0.641831  0.640346
 0.373274  0.363345   0.37322  0.374562   0.37218  0.608491  0.638944  0.383694  0.374893         0  0.382999         0  0.505598         0  0.389075  0.388037  0.387993  0.388268  0.386944  0.605665    0.6424  0.382639  0.373458  0.373455  0.382003  0.372371  0.516147  0.642245  0.374299  0.372569  0.361849  0.372513         0  0.614352  0.641831  0.376058  0.372569  0.364354  0.372513  0.382999  0.586436  0.641831 0.0853454 0.0801705         0 0.0802478 0.0861707  0.080627  0.680459  0.125369         0  0.118387         0  0.132729         0  0.505598
 0.386436  0.391185  0.385395  0.376785  0.378609 0.0832152  0.125061  0.386436  0.395276  0.383943  0.385597  0.383943  0.121889  0.383943  0.391185  0.395276  0.394756  0.390725  0.391452  0.173065   0.13474  0.385395  0.383943  0.394756  0.384408   0.38355  0.115462  0.366772  0.376785  0.385597  0.390725  0.384408  0.374525  0.083694  0.114269  0.378609  0.383943  0.391452   0.38355  0.374525 0.0899146  0.206119 0.0832152  0.121889  0.173065  0.115462  0.083694 0.0899146 0.0162356  0.125061  0.383943   0.13474  0.366772  0.114269  0.206119 0.0162356
5.11362e-05 0.000437784 4.74169e-05 3.65659e-06 2.28304e-05    0.161361    0.150475 5.11362e-05 0.000494071 4.99953e-05 5.36028e-05 4.99953e-05    0.165048 4.99953e-05 0.000437784 0.000494071  0.00048989 0.000439355 0.000460722    0.190371    0.150633 4.74169e-05 5.02404e-05  0.00048989 4.97862e-05  5.2034e-05    0.164637     0.22975 3.65659e-06 5.36028e-05 0.000439355 4.97862e-05 2.54595e-06    0.161391    0.150672 2.28304e-05  5.3044e-05 0.000460722  5.2034e-05   3.472e-05    0.162098    0.185775    0.161361    0.165048    0.190364    0.164637    0.161391    0.162098    0.232825    0.150475     0.23348    0.150633     0.22975    0.150672    0.185775    0.232642
