8	12	8	1
 0  0  2  0  4  0  0  1  8  0  0  0
12  0  0  0  4  0  0  1  0  0  0  0
 0  7  2  0  0  0  0  1  8  0  0  0
 0  7  0  0  0  0  0  1  0  0  0  0
 0  0  2  9  0  0  6  1  0  0  0  3
 0  0  0  0  0  5  6  1  0  0 11  3
 0  0  2  9  0  0  0  1  0 10  0  3
 0  0  0  0  0  5  0  1  0  0  0  3
0.6	0.3	0.8	0.3	0.5	0.2	0.6	0.6	1	0.3	0.8	0.4	
0.602	0.347	0.7	0.233	0.632	0.081	0.819	0.526	
------target--------
3
------result--------
1	
------details--------
 0.59793 0.362472 0.605143 0.362402 0.362448 0.362552 0.362002 0.362664
0.240731 0.365004 0.252171 0.369805 0.364931 0.365052 0.364621 0.365137
  0.0614491 1.96346e-06    0.057058 7.47653e-06  2.0002e-06  1.6368e-06 3.34817e-06 1.16161e-06
------result2--------
1	4	
------details2--------
0.597754        0 0.605143 0.597936  0.59795 0.598041  0.59801 0.597754 0.605016 0.361968 0.362012 0.362117 0.361564 0.362229        0 0.605016 0.605143 0.605223 0.605222 0.605412 0.605271 0.605143 0.361968        0 0.361943 0.362048 0.361496  0.36216 0.597936 0.362012 0.605223 0.361943 0.362091        0 0.362204  0.59795 0.362117 0.605222 0.362048 0.362091 0.361642 0.362552 0.598041 0.361564 0.605412 0.361496 0.362002 0.361642 0.361755  0.59801 0.362229 0.605271  0.36216 0.362204        0 0.361755
0.598774  0.59793 0.518009 0.597905  0.59781 0.597722 0.597202 0.240532 0.251979 0.369364 0.364502 0.364625 0.364192 0.364711 0.605143 0.605754        0 0.604797 0.604673 0.604641 0.603985 0.239267 0.364505 0.362402 0.364433 0.364555 0.364123 0.364641 0.240522 0.364552 0.251983 0.369336 0.364604 0.362448 0.364692 0.240566 0.364655 0.252025 0.369442 0.364585 0.364274        0 0.240315  0.36411 0.251804 0.368873        0 0.364168  0.36426 0.240618 0.364766 0.252076 0.369556 0.364696 0.362664 0.364385
0.240532        0 0.239267 0.240522 0.240566 0.240315 0.240618 0.598774 0.605754 0.364505 0.364552 0.364655  0.36411 0.364766 0.518009 0.251979 0.239267 0.251983 0.252025 0.251804 0.252076 0.518009 0.369364        0 0.369336 0.369442 0.368873 0.369556 0.597905 0.364502 0.604797 0.364433 0.364585        0 0.364696  0.59781 0.364625 0.604673 0.364555 0.364604 0.364168 0.364863 0.597722 0.364192 0.604641 0.364123 0.364266 0.364274 0.364385 0.597202 0.364711 0.603985 0.364641 0.364692        0  0.36426
  0.2417 0.240731 0.263639 0.241666 0.241741 0.241528 0.241783   0.2417  0.25311 0.371992 0.367049  0.36717 0.366741 0.367256 0.240731  0.25311 0.369805 0.253015 0.253071 0.252876 0.253063 0.263639 0.371992 0.369805 0.371954 0.372094 0.371642 0.372212 0.241666 0.367049 0.253015 0.371954   0.3671 0.364931 0.367186 0.241741  0.36717 0.253071 0.372094   0.3671 0.366793 0.365137 0.241528 0.366741 0.252876 0.371642 0.364931 0.366793  0.36688 0.241783 0.367256 0.253063 0.372212 0.367186 0.365137  0.36688
  0.0614496   0.0614491   0.0619121   0.0614495   0.0614494   0.0614497   0.0614494   0.0614496   0.0570583 9.45736e-06 3.97755e-06 3.61178e-06  5.3363e-06 3.13447e-06   0.0618529   0.0570583   0.0596227   0.0570583   0.0570582   0.0570585   0.0570582   0.0619121 9.45736e-06 7.47653e-06 9.50188e-06 9.13482e-06 1.08703e-05  8.6563e-06   0.0614495 3.97755e-06   0.0570583 9.50188e-06 3.65404e-06  2.0002e-06 3.17615e-06   0.0614494 3.61178e-06   0.0570582 9.13482e-06 3.65404e-06 5.01617e-06  1.6417e-06   0.0614497  5.3363e-06   0.0570585 1.08703e-05 3.42987e-06 5.01617e-06 4.53624e-06   0.0614494 3.13447e-06   0.0570582  8.6563e-06 3.17615e-06 1.16161e-06 4.53624e-06
