8	12	8	1
 8  3  0  0  0  0  1  0  0  0  5 10
 0  3  0  0  0  0  1  0  4  0  5  0
 8  3  0  2 11  0  1  0  0  0  0  0
 0  3  0  2  0  9  1  0  4  0  0  0
 0  0  6  0  0  0  1  0  0  0  5 10
 0  0  6  0  0  0  1  0  4  0  5  0
 0  0  0  2  0  0  1  7  0 12  0  0
 0  0  0  2  0  9  1  7  4  0  0  0
0.7	1	0.9	0.1	1	0.3	0.7	1	0.6	0.1	0.1	0.7	
0.681	0.483	0.726	0.279	0.663	0.295	0.103	0.538	
------target--------
5
------result--------
1	
------details--------
0.514433 0.382086 0.381065 0.381809 0.537648  0.38052 0.382309 0.381809
0.279057 0.387248 0.383918 0.384294  0.30574 0.388034  0.38477 0.384294
  0.0289632 2.56444e-06 4.25482e-06 2.17642e-06    0.024887 2.18619e-05 1.25367e-07 2.17642e-06
------result2--------
1	6	
------details2--------
0.514433 0.513354 0.514286        0 0.537648 0.514438 0.514286        0 0.380815 0.381559        0        0 0.382062 0.381559 0.513354 0.380815 0.380534 0.536764 0.379246 0.381041 0.380534 0.514286 0.381559 0.380534 0.537684  0.37999 0.381784        0        0 0.537648 0.536764 0.537684 0.537648 0.537666 0.537684 0.537648  0.38052 0.379246  0.37999        0 0.380495  0.37999 0.514438 0.382062 0.381041 0.381784 0.537666 0.380495 0.381784 0.514286 0.381559 0.380534        0 0.537684  0.37999 0.381784
       0  0.51577 0.514975 0.514433 0.443764 0.513949 0.514975 0.382086 0.383674 0.384055 0.382086 0.382086 0.384538 0.384055 0.278429 0.385988 0.383034 0.304962 0.386745 0.383521 0.383034 0.278862 0.386735 0.383396 0.305456 0.387494 0.384268 0.381809 0.537648        0  0.53874  0.53752        0 0.535942  0.53752 0.259368        0 0.382106 0.382487  0.38052 0.382968 0.382487 0.279051 0.387225 0.383894  0.38427 0.305728 0.388008  0.38427 0.278862 0.386735 0.383396 0.381809 0.305456 0.387494 0.384268
0.268983 0.278429 0.278862        0 0.259368 0.279051 0.278862        0 0.385988 0.386735        0        0 0.387225 0.386735  0.51577 0.383674 0.383396  0.53874 0.382106 0.383894 0.383396 0.514975 0.384055 0.383034  0.53752 0.382487  0.38427        0 0.443764 0.299474 0.304962 0.305456 0.259368 0.305728 0.305456 0.443764 0.388227 0.386745 0.387494        0 0.388008 0.387494 0.513949 0.384538 0.383521 0.384268 0.535942 0.382968 0.384268 0.514975 0.384055 0.383034        0  0.53752 0.382487  0.38427
0.387248 0.279849 0.279796 0.279057  0.34253 0.279665 0.279796 0.387248 0.388862 0.389273 0.387248 0.387248 0.389878 0.389273 0.279849 0.388862 0.385895 0.306719 0.389664  0.38637 0.385895 0.279796 0.389273 0.385895  0.30681  0.39009  0.38675 0.384294 0.279057 0.387248 0.306719  0.30681 0.388034 0.306923  0.30681  0.34253 0.387248 0.389664  0.39009 0.388034  0.39065  0.39009 0.279665 0.389878  0.38637  0.38675 0.306923  0.39065  0.38675 0.279796 0.389273 0.385895 0.384294  0.30681  0.39009  0.38675
  0.0303964   0.0289652   0.0289635   0.0289632   0.0321005   0.0289632   0.0289635 2.56444e-06 6.83662e-06 4.76344e-06 2.56444e-06 2.56444e-06 2.69223e-06 4.76344e-06   0.0289652 6.83662e-06  6.4569e-06   0.0248889  2.6181e-05 4.38198e-06  6.4569e-06   0.0289635 4.76344e-06  6.4569e-06   0.0248875 2.41008e-05 2.30412e-06 2.17642e-06   0.0304052   0.0256616   0.0248889   0.0248875    0.030813   0.0248871   0.0248875   0.0321005 2.19393e-05  2.6181e-05 2.41008e-05 2.18619e-05 2.19927e-05 2.41008e-05   0.0289632 2.69223e-06 4.38198e-06 2.30412e-06   0.0248871 2.19927e-05 2.30412e-06   0.0289635 4.76344e-06  6.4569e-06 2.17642e-06   0.0248875 2.41008e-05 2.30412e-06
