8	12	8	1
 0  1  6  0 10  0  0  3  0  4  0  0
 0  1  0  0  0 11  0  3  0  4  0  0
 0  1  0  0  0  0  0  0  0  4  0  5
 0  1  0  0  0  0  0  0  0  4  0  5
 7  1  6  2  0  0  0  3 12  0  0  0
 0  1  0  2  0  0  0  3  0  0  8  0
 7  1  0  2  0  0  9  0  0  0  0  5
 0  1  0  2  0  0  9  0  0  0  8  5
0.1	0.5	0.1	0.3	0.1	0.3	0.6	0.2	0.7	0.8	0.3	0.7	
0.772	0.157	0.903	0.303	0.376	0.622	0.096	0.611	
------target--------
8
------result--------
7	
------details--------
0.412448 0.412517 0.407869 0.407869 0.412102 0.411956 0.510439 0.520866
0.414908 0.414965 0.416068 0.416068 0.414651 0.415745 0.366658 0.375686
 8.3333e-07 5.21629e-07 3.37892e-05 3.37892e-05 2.18593e-06 4.30496e-06  0.00920895   0.0081615
------result2--------
7	3	
------details2--------
  0.41234  0.407688  0.407688  0.411923  0.411777  0.510475  0.520972   0.41234  0.407759  0.407759  0.411993  0.411847  0.510401  0.520855  0.407688  0.407759         0  0.407338  0.406727         0         0  0.407688  0.407759         0  0.407338  0.406727         0         0  0.411923  0.411993  0.407338  0.407338   0.41143  0.510063  0.520563  0.411777  0.411847  0.406727  0.406727   0.41143  0.520866         0  0.510475  0.510401  0.510439  0.510439  0.510063  0.520866         0  0.520972  0.520855  0.520866  0.520866  0.520563  0.520866         0
 0.414796  0.415886  0.415886  0.414477  0.415568  0.366514  0.375551  0.414804  0.415958  0.415958  0.414544  0.415638  0.366575  0.375605  0.410159  0.410227  0.407869  0.409906  0.412911  0.407869  0.407869  0.410159  0.410227  0.407869  0.409906  0.412911  0.407869  0.407869  0.414395  0.414449  0.415538  0.415538  0.415223  0.366256  0.375279  0.414251  0.414306  0.415677  0.415677  0.413986  0.363247  0.411956  0.509984  0.511235         0         0  0.511871  0.469788  0.510439  0.519558  0.521112         0         0   0.52202         0  0.520866
 0.414804  0.410159  0.410159  0.414395  0.414251  0.509984  0.519558  0.414796  0.410227  0.410227  0.414449  0.414306  0.511235  0.521112  0.415886  0.415958         0  0.415538  0.415677         0         0  0.415886  0.415958         0  0.415538  0.415677         0         0  0.414477  0.414544  0.409906  0.409906  0.413986  0.511871   0.52202  0.415568  0.415638  0.412911  0.412911  0.415223  0.469788         0  0.366514  0.366575 0.0805628 0.0805628  0.366256  0.363247         0  0.375551  0.375605  0.234103  0.234103  0.375279  0.363247  0.469788
 0.417268  0.418449  0.418449   0.41695  0.418126  0.368549  0.377453  0.417268  0.418475  0.418475  0.417007   0.41814  0.368474  0.377469  0.418449  0.418475  0.416068  0.418134  0.417965  0.416068  0.416068  0.418449  0.418475  0.416068  0.418134  0.417965  0.416068  0.416068   0.41695  0.417007  0.418134  0.418134  0.417804  0.368225  0.377272  0.418126   0.41814  0.417965  0.417965  0.417804  0.384079  0.415745  0.368549  0.368474  0.416068  0.416068  0.368225  0.384079  0.366658  0.377453  0.377469  0.416068  0.416068  0.377272  0.415745  0.366658
1.35859e-06 3.46666e-05 3.46666e-05 3.02745e-06 5.15782e-06  0.00920936  0.00816195 1.35859e-06 3.43316e-05 3.43316e-05 2.71153e-06 4.83466e-06  0.00920919  0.00816173 3.46666e-05 3.43316e-05 3.37892e-05 3.60363e-05  3.9677e-05 3.37892e-05 3.37892e-05 3.46666e-05 3.43316e-05 3.37892e-05 3.60363e-05  3.9677e-05 3.37892e-05 3.37892e-05 3.02745e-06 2.71153e-06 3.60363e-05 3.60363e-05 6.51215e-06  0.00921022   0.0081627 5.15782e-06 4.83466e-06  3.9677e-05  3.9677e-05 6.51215e-06  0.00956671 4.30496e-06  0.00920936  0.00920919   0.0343122   0.0343122  0.00921022  0.00956671  0.00920895  0.00816195  0.00816173   0.0177327   0.0177327   0.0081627   0.0089466  0.00948012
