8	12	8	1
 0  0  0  0  0  4  0  0  0  6  0  1
 0  0  0 10  8  0  0  0  2  0  0  1
 3  0  5  0  0  0  0  0  0  6  0  1
 3  9  0  0  0  0  0  0  2  0  0  1
 0  0  0  0  0  4  0  0  0  0  7  1
 0  0  0  0  8  0  0 12  2  0  0  1
 3  0  5  0  0  0 11  0  0  0  7  1
 3  0  0  0  0  0  0  0  2  0  0  1
0.5	0.1	0.5	0.8	1	1	0.9	0.7	0.3	0.4	0.8	0.6	
0.028	0.136	0.358	0.12	0.601	0.696	0.876	0.53	
------target--------
3
------result--------
1	
------details--------
0.659013 0.594029 0.672459 0.593518 0.593318 0.593424  0.59189  0.59354
0.0617383 0.596137 0.450468 0.596121 0.595622 0.595654 0.595009 0.596142
  0.0780808 7.27395e-07    0.023194 2.74607e-06  2.6128e-06 2.35686e-06 3.84101e-06 2.68671e-06
------result2--------
1	8	
------details2--------
 0.658896         0  0.672452  0.658068  0.658557  0.670208  0.672459  0.658896  0.672373  0.593334  0.593135   0.59324  0.591703  0.593357         0  0.672373  0.672452   0.67216  0.672156  0.670208  0.672459  0.672452  0.593334  0.672452  0.592589  0.592724  0.591867  0.593518  0.658068  0.593135   0.67216  0.592589  0.592524         0  0.592612  0.658557   0.59324  0.672156  0.592724  0.592524  0.591083  0.592746  0.670208  0.591703  0.670208  0.591867   0.59189  0.591083   0.59189  0.672459  0.593357         0         0  0.592612  0.592746         0
 0.660244  0.659013  0.624763  0.660505  0.659846  0.655271  0.623329 0.0617373  0.450333  0.595941  0.595441  0.595473  0.594827  0.595961  0.672459  0.673359   0.67308  0.672917   0.67301  0.673644         0 0.0533222  0.595451 0.0533222  0.594945  0.594966  0.594387         0 0.0619736  0.595249  0.453283  0.595248  0.594765  0.593318  0.595268 0.0617363  0.595355  0.449865   0.59534  0.594837  0.594222   0.59536 0.0541755  0.593831 0.0541755  0.593844         0  0.593342         0 0.0533124  0.595473   0.59354   0.59354  0.594967  0.594988   0.59354
0.0617373         0 0.0533222 0.0619736 0.0617363 0.0541755 0.0533124  0.660244  0.673359  0.595451  0.595249  0.595355  0.593831  0.595473  0.623329  0.450333 0.0533222  0.453283  0.449865 0.0541755 0.0533124  0.624763  0.595941   0.67308  0.595248   0.59534  0.593844  0.595495  0.660505  0.595441  0.672917  0.594945  0.594837         0  0.594967  0.659846  0.595473   0.67301  0.594966  0.594765  0.593342  0.594988  0.655271  0.594827  0.673644  0.594387  0.594343  0.594222  0.594409  0.623329  0.595961         0         0  0.595268   0.59536         0
0.0617489 0.0617383  0.114446 0.0613653 0.0617419 0.0649767  0.119062 0.0617489  0.451919  0.598056  0.597557   0.59759  0.596945  0.598076 0.0617383  0.451919  0.593969   0.44576  0.451589  0.490759  0.596142  0.114446  0.598056  0.593969  0.597614  0.597575  0.596146  0.596142 0.0613653  0.597557   0.44576  0.597614  0.597074  0.595622  0.597637 0.0617419   0.59759  0.451589  0.597575  0.597074  0.596462  0.597594 0.0649767  0.596945  0.490759  0.596146  0.595622  0.596462  0.596142  0.119062  0.598076  0.596142  0.596142  0.597637  0.597594  0.596142
  0.0780811   0.0780808   0.0793358   0.0780836   0.0780815   0.0781876   0.0793991   0.0780811   0.0231943 3.47917e-06 3.34539e-06 3.08986e-06 4.57705e-06  3.4195e-06   0.0790235   0.0231943   0.0714336   0.0232037   0.0231947   0.0372164   0.0721354   0.0793358 3.47917e-06   0.0714336 5.48318e-06  5.1234e-06 4.95767e-06 2.75303e-06   0.0780836 3.34539e-06   0.0232037 5.48318e-06 4.98776e-06  2.6128e-06 5.42383e-06   0.0780815 3.08986e-06   0.0231947  5.1234e-06 4.98776e-06 6.22851e-06 5.06285e-06   0.0781876 4.57705e-06   0.0372164 4.95767e-06 4.47108e-06 6.22851e-06 4.89119e-06   0.0793991  3.4195e-06 2.68671e-06 2.68671e-06 5.42383e-06 5.06285e-06 2.68671e-06
