8	12	8	1
 1  9  0  0  3  0  0  0  4  8  0  0
 1  9  0  0  3  0  0  0  0  0  0 10
 1  0  2  0  0  0  0  0  4  0  0  0
 1  0  2  0  0  0  0  0  0  0  0 10
 1  0  0  7  3  0  0 12  4  8  5  0
 1  0  0  7  3  0  0  0  0  0  5  0
 1  0  2  0  0 11  6  0  4  0  5  0
 1  0  2  0  0  0  6  0  0  0  5  0
0.3	0.2	0.7	0.1	0.5	0.3	0.9	0.8	0.2	0.1	0.5	0.8	
0.553	0.582	0.606	0.337	0.274	0.399	0.203	0.619	
------target--------
2
------result--------
4	
------details--------
 0.42866 0.614017 0.429153 0.608483 0.428724 0.429352 0.427986 0.428387
0.432429 0.254616 0.431577 0.217084  0.43128  0.43179 0.430979  0.43113
4.78146e-06   0.0673741 1.27289e-06   0.0806262 2.70106e-06 4.47341e-07 4.56533e-06 3.63936e-06
------result2--------
2	4	
------details2--------
       0  0.42866 0.613961 0.428231 0.428563 0.427489  0.42759 0.613961 0.613961        0 0.613976  0.61409 0.613463 0.613467        0 0.613961 0.608188        0 0.429058        0 0.428087 0.613961        0 0.608188 0.608167 0.608534 0.607599 0.607864 0.428231 0.613976 0.428724 0.608167 0.428724 0.427554 0.427654 0.428563  0.61409 0.429058 0.608534        0 0.427889 0.428292 0.427489 0.613463 0.427986 0.607599 0.427554 0.427889 0.427986  0.42759 0.613467 0.428087 0.607864 0.427654 0.428292        0
 0.42866        0 0.214896 0.430561 0.431037 0.430291 0.430351 0.614398 0.614398 0.614017 0.614117 0.612228 0.614585 0.614885 0.429153 0.257026 0.217145 0.429153 0.431515 0.429153 0.430841 0.588889 0.608483 0.610625 0.609282 0.607222 0.609405 0.609463 0.433158 0.256836        0 0.216978        0 0.430353 0.430413 0.432338 0.254628 0.431489 0.217052 0.429352 0.430886 0.431038 0.432431 0.256662        0 0.216773 0.429895  0.43037        0 0.431375 0.254255 0.430538 0.216748  0.43023 0.430747 0.428387
0.614398 0.433602 0.588889 0.433158 0.432338 0.432431 0.431375 0.214896 0.257026 0.560518 0.256836 0.254628 0.256662 0.254255        0 0.614398 0.610625        0 0.431489        0 0.430538 0.214896        0 0.217145 0.216978 0.217052 0.216773 0.216748 0.430561 0.614117 0.431058 0.609282   0.4312 0.429895  0.43023 0.431037 0.612228 0.431515 0.607222        0  0.43037 0.430747 0.430291 0.614585 0.430782 0.609405 0.430353 0.430886 0.430404 0.430351 0.614885 0.430841 0.609463 0.430413 0.431038        0
0.354623 0.431577  0.22603 0.432046 0.434874 0.432429 0.434151 0.354623  0.23579 0.217084 0.248767 0.254308 0.252411 0.255195 0.431577  0.23579 0.216631 0.431577 0.433944 0.431577 0.433289  0.22603 0.217084 0.216631 0.217355 0.217886 0.217413 0.217622 0.432046 0.248767 0.431577 0.217355  0.43179 0.431979 0.432984 0.434874 0.254308 0.433944 0.217886  0.43179 0.433346 0.433489 0.432429 0.252411 0.431577 0.217413 0.431979 0.433346  0.43113 0.434151 0.255195 0.433289 0.217622 0.432984 0.433489  0.43113
 0.00600494 5.20552e-06   0.0807741 6.21711e-06 5.24664e-06 7.86603e-06  8.4747e-06   0.0725376   0.0674364   0.0809251   0.0673917   0.0673742   0.0673805   0.0673749 1.27289e-06   0.0674364    0.080627 1.27289e-06 1.72737e-06 1.27289e-06 4.93873e-06   0.0807741   0.0806262    0.080627   0.0806265   0.0806263   0.0806273   0.0806271 6.21711e-06   0.0673917 2.73911e-06   0.0806265  2.7246e-06 6.05145e-06 6.37769e-06 5.24664e-06   0.0673742 1.72737e-06   0.0806263 4.47341e-07 5.02491e-06 4.09261e-06 7.86603e-06   0.0673805 4.68251e-06   0.0806273 6.05145e-06 5.02491e-06 4.65194e-06  8.4747e-06   0.0673749 4.93873e-06   0.0806271 6.37769e-06 4.09261e-06 3.63936e-06
