8	12	8	1
 0  3  0  7  0  9  0  0  2  1  0  0
 0  3  0  0  0  9  0  0  2  1  0  5
 0  0  0  0  8  0  0  0  2  1  4  0
 0  0  0  0  0  0  0 11  2  1  4  5
 0  3  0  7  0  0  0  0  0  1  0  0
 6  3  0  0  0  0  0  0  0  1  0  5
 0  0 12  0  8  0  0  0  0  1  4  0
 6  0  0  0  0  0 10  0  0  1  4  5
0.4	1	0.7	0.1	0.8	1	0.7	0.3	0.3	0.4	0.4	0.6	
0.854	0.645	0.493	0.22	0.423	0.888	0.593	0.817	
------target--------
1
------result--------
2	
------details--------
0.551775 0.549903 0.292708 0.293384 0.293359  0.29276 0.292047 0.292015
0.197608 0.192037 0.295325   0.2958 0.297627 0.295207 0.294948 0.294734
  0.0565627   0.0596831 3.55788e-06 8.02267e-07 1.69094e-06 3.11305e-06 5.07296e-06 4.39991e-06
------result2--------
5	2	
------details2--------
       0 0.551193 0.551802 0.551775 0.551721 0.550987 0.551592        0 0.549298  0.54992 0.551775 0.549806 0.549063 0.549638 0.551193 0.549298  0.29256 0.292535 0.291932        0 0.291183 0.551802  0.54992  0.29256 0.293211 0.292611 0.291897 0.291864        0 0.551775 0.292535 0.293211 0.292586 0.291872 0.291838 0.551721 0.549806 0.291932 0.292611 0.292586 0.291265        0 0.550987 0.549063 0.292047 0.291897 0.291872 0.291265 0.290511 0.551592 0.549638 0.291183 0.291864 0.291838 0.292015 0.290511
0.551775 0.553029 0.551366        0  0.55189 0.552516 0.551917 0.549903 0.551208 0.549646   0.5102 0.550111 0.550695 0.550111 0.197222 0.191643 0.294983 0.296807 0.294386 0.292708 0.293912 0.197549 0.191968 0.295179 0.297483 0.295062 0.294802 0.294588 0.293359 0.191772 0.295155 0.295633 0.295038 0.294778 0.294564 0.197284 0.191676 0.294556 0.295041 0.296866 0.294179  0.29276 0.196931 0.191332        0  0.29433 0.296152 0.293728 0.293251 0.196963 0.191324  0.29381 0.294304 0.296128        0 0.293432
  0.5102 0.197222 0.197549 0.191772 0.197284 0.196931 0.196963        0 0.191643 0.191968 0.191772 0.191676 0.191332 0.191324 0.553029 0.551208 0.295179 0.295155 0.294556        0  0.29381 0.551366 0.549646 0.294983 0.295633 0.295041  0.29433 0.294304        0   0.5102 0.296807 0.297483 0.296866 0.296152 0.296128  0.55189 0.550111 0.294386 0.295062 0.295038 0.293728        0 0.552516 0.550695 0.294347 0.294802 0.294778 0.294179 0.293432 0.551917 0.550111 0.293912 0.294588 0.294564  0.29412 0.293251
0.192037 0.198455 0.198524 0.297627 0.198318 0.198259 0.198124 0.192037 0.192899 0.193104 0.198695 0.192826 0.192714 0.192607 0.198455 0.192899 0.297613 0.299459 0.297019 0.295325 0.296544 0.198524 0.193104 0.297613  0.29997 0.297497 0.297238 0.297024 0.297627 0.198695 0.299459  0.29997 0.299353 0.299083 0.298872 0.198318 0.192826 0.297019 0.297497 0.299353 0.296642 0.295207 0.198259 0.192714 0.295325 0.297238 0.299083 0.296642 0.296167 0.198124 0.192607 0.296544 0.297024 0.298872 0.295207 0.296167
  0.0597255   0.0565639   0.0565628   0.0577785   0.0565632    0.056564   0.0565635   0.0596831   0.0596844   0.0596833   0.0597296   0.0596838   0.0596846   0.0596841   0.0565639   0.0596844 4.36739e-06 5.25947e-06 6.69651e-06 3.55788e-06 7.99307e-06   0.0565628   0.0596833 4.36739e-06 2.49886e-06 3.92591e-06  5.8875e-06 5.21675e-06 1.69094e-06   0.0597296 5.25947e-06 2.49886e-06 4.82185e-06 6.78275e-06 6.11545e-06   0.0565632   0.0596838 6.69651e-06 3.92591e-06 4.82185e-06 8.22866e-06 3.11305e-06    0.056564   0.0596846 5.35141e-06  5.8875e-06 6.78275e-06 8.22866e-06 9.53151e-06   0.0565635   0.0596841 7.99307e-06 5.21675e-06 6.11545e-06 4.78902e-06 9.53151e-06
