8	12	8	1
11  0  0  0  1  0  3  0  0  0  0  0
 0 12  0  0  0  0  3  0  0  0  0  5
 0  0  7  0  1  2  3  0  0  0  6  0
 0  0  0  0  0  2  3  8  0  0  0  5
 0  0  0  0  1  0  0  0  4  0  0  0
 0  0  0  0  0  0  0  0  4  0  0  5
 0  0  0  9  1  2  0  0  4  0  6  0
 0  0  0  0  0  2  0  0  4 10  0  5
0.9	0.6	0.8	0.9	0.7	0.1	1	0.4	0.8	0.6	0.8	0.4	
0.411	0.328	0.575	0.238	0.439	0.211	0.633	0.159	
------target--------
6
------result--------
4	
------details--------
0.734773 0.781875 0.734662 0.784249 0.734325 0.800317 0.733788 0.797778
0.736398  0.56351 0.736303 0.443831 0.737147 0.622643 0.736312 0.646515
1.31049e-06     0.01918 1.52331e-06   0.0327177 4.37507e-06   0.0183925 4.03274e-06   0.0141044
------result2--------
6	5	
------details2--------
0.781595 0.734233 0.783978 0.733896 0.800147 0.733356 0.797595 0.781595 0.781543  0.77969 0.795311 0.795311 0.794252  0.79264 0.734233 0.781543 0.783928 0.733783 0.800132 0.733242 0.797577 0.783978  0.77969 0.783928 0.797968 0.797968 0.796877 0.795362 0.733896 0.795311 0.733783 0.797968        0        0        0 0.800147        0 0.800132        0 0.800317 0.799202        0 0.733356 0.794252 0.733242 0.796877 0.733788 0.799202 0.796664 0.797595  0.79264 0.797577 0.795362 0.797778 0.797778 0.796664
0.563277  0.73588 0.443797 0.736724  0.62222 0.735887  0.64612 0.782661 0.782555 0.805481 0.753654 0.753654 0.772437 0.763784 0.735864 0.563208 0.443804 0.736612 0.622089 0.735776 0.646003 0.785013 0.808327 0.784909 0.755437 0.755437 0.774613 0.765574  0.73553 0.528447 0.735435 0.400637 0.734325 0.734325 0.734325 0.800797 0.800317 0.800696 0.800317        0 0.802294 0.800317 0.734996 0.530019   0.7349 0.402945        0        0  0.37648 0.798292 0.824908 0.798189 0.823867        0        0 0.799756
0.782661 0.735864 0.785013  0.73553 0.800797 0.734996 0.798292 0.563277 0.563208 0.808327 0.528447 0.826756 0.530019 0.824908  0.73588 0.782555 0.784909 0.735435 0.800696   0.7349 0.798189 0.443797 0.805481 0.443804 0.400637 0.825709 0.402945 0.823867 0.736724 0.753654 0.736612 0.755437        0        0        0  0.62222 0.753654 0.622089 0.755437        0        0        0 0.735887 0.772437 0.735776 0.774613 0.735275 0.802294 0.799756  0.64612 0.763784 0.646003 0.765574 0.377094 0.831853  0.37648
0.564177 0.737508 0.443927 0.738352 0.623847 0.737518 0.647641 0.564177 0.564141 0.132969 0.662353 0.328361 0.593473 0.360811 0.737508 0.564141 0.443888 0.738257 0.623794 0.737423  0.64758 0.443927 0.132969 0.443888  0.58642  0.21724 0.483155 0.243795 0.738352 0.662353 0.738257  0.58642 0.737147 0.737147 0.737147 0.623847 0.328361 0.623794  0.21724 0.737147 0.690679 0.622643 0.737518 0.593473 0.737423 0.483155 0.737147 0.690679 0.697776 0.647641 0.360811  0.64758 0.243795 0.737147 0.622643 0.697776
  0.0191805 2.84262e-06   0.0327182 5.69842e-06   0.0183931 5.36001e-06    0.014105   0.0191805   0.0191806   0.0687758   0.0215724   0.0485148   0.0198863   0.0440289 2.84262e-06   0.0191806   0.0327182 5.91409e-06   0.0183932 5.57669e-06   0.0141051   0.0327182   0.0687758   0.0327182   0.0354923   0.0605116   0.0334965   0.0566419 5.69842e-06   0.0215724 5.91409e-06   0.0354923 4.37507e-06 4.37507e-06 4.37507e-06   0.0183931   0.0482448   0.0183932   0.0603897   0.0829749   0.0569278   0.0183925 5.36001e-06   0.0198863 5.57669e-06   0.0334965 5.27847e-06   0.0569278   0.0260773    0.014105   0.0440289   0.0141051   0.0566419   0.0355172   0.0185575   0.0260773
