8	12	8	1
 0  0  0  0  0  0  6 10  0  1  0  0
 0  5  0  0  0  0  0  0  0  1  0 12
 0  0  0  4  2 11  0  0  0  1  0  0
 0  0  0  4  2  0  0  0  7  1  0  0
 3  0  8  0  0  0  6  0  0  1  0  0
 3  5  0  0  0  0  0  0  0  1  9  0
 3  0  8  0  2  0  0  0  0  1  0  0
 3  0  0  0  2  0  0  0  7  1  9  0
0.8	0.6	0.4	0.2	1	0.8	0.3	0.7	0.5	0.7	0.3	1	
0.443	0.34	0.191	0.949	0.83	0.682	0.121	0.512	
------target--------
8
------result--------
6	
------details--------
 0.47662 0.476622 0.476921 0.476194 0.476471  0.51919 0.476471 0.535955
  0.4791 0.479152 0.479347 0.478839 0.478889 0.355499 0.478889 0.431011
2.23386e-06 2.28706e-06 1.23613e-06 3.31616e-06 2.48634e-06    0.010373 2.48634e-06  0.00544562
------result2--------
4	6	
------details2--------
 0.47603  0.47633 0.475598 0.475875 0.518695 0.475875 0.535571  0.47603 0.476332 0.475602 0.475879 0.518658 0.475879 0.535505  0.47633 0.476332 0.475903  0.47618 0.518938  0.47618 0.535752 0.475598 0.475602 0.475903 0.475444 0.535955 0.475444        0 0.475875 0.475879  0.47618 0.475444 0.518689        0 0.535678 0.518695 0.518658 0.518938 0.535955 0.518689 0.518689        0 0.475875 0.475879  0.47618 0.475444        0 0.518689 0.535678 0.535571 0.535505 0.535752 0.535955 0.535678        0 0.535678
0.478565 0.478762 0.478253 0.478304 0.355262 0.478304  0.43054 0.478515 0.478763 0.478254 0.478305 0.355239 0.478305 0.430539 0.478813 0.478865 0.478552 0.478602 0.355379 0.478602  0.43078 0.478091 0.478141 0.478339 0.477882 0.326749 0.477882 0.476194 0.478367 0.478418 0.478615 0.478106 0.355242 0.476471 0.430411 0.520769 0.520942 0.521044 0.494857  0.52032  0.52032  0.51919 0.478367 0.478418 0.478615 0.478106 0.476471 0.355242 0.430411  0.53717 0.537428 0.537446        0 0.536574 0.535955 0.536574
0.478515 0.478813 0.478091 0.478367 0.520769 0.478367  0.53717 0.478565 0.478865 0.478141 0.478418 0.520942 0.478418 0.537428 0.478762 0.478763 0.478339 0.478615 0.521044 0.478615 0.537446 0.478253 0.478254 0.478552 0.478106 0.494857 0.478106        0 0.478304 0.478305 0.478602 0.477882  0.52032        0 0.536574 0.355262 0.355239 0.355379 0.326749 0.355242 0.355242        0 0.478304 0.478305 0.478602 0.477882        0  0.52032 0.536574  0.43054 0.430539  0.43078 0.326749 0.430411 0.494857 0.430411
0.481057 0.481252 0.480744 0.480795 0.356271 0.480795 0.432539 0.481057 0.481303 0.480796 0.480846 0.356371 0.480846 0.432586 0.481252 0.481303 0.480991 0.481042 0.356404 0.481042 0.432736 0.480744 0.480796 0.480991 0.480535 0.418428 0.480535 0.478839 0.480795 0.480846 0.481042 0.480535 0.356096 0.478889 0.432396 0.356271 0.356371 0.356404 0.418428 0.356096 0.356096 0.355499 0.480795 0.480846 0.481042 0.480535 0.478889 0.356096 0.432396 0.432539 0.432586 0.432736 0.478839 0.432396 0.355499 0.432396
4.53278e-06 3.47709e-06 5.57206e-06 4.74037e-06   0.0103742 4.74037e-06  0.00544685 4.53278e-06 3.52937e-06 5.62168e-06 4.78995e-06   0.0103745 4.78995e-06  0.00544705 3.47709e-06 3.52937e-06  4.5635e-06 3.73263e-06   0.0103737 3.73263e-06  0.00544634 5.57206e-06 5.62168e-06  4.5635e-06 5.83626e-06   0.0119813 5.83626e-06 3.31616e-06 4.74037e-06 4.78995e-06 3.73263e-06 5.83626e-06   0.0103739 2.48634e-06  0.00544672   0.0103742   0.0103745   0.0103737   0.0119813   0.0103739   0.0103739    0.010373 4.74037e-06 4.78995e-06 3.73263e-06 5.83626e-06 2.48634e-06   0.0103739  0.00544672  0.00544685  0.00544705  0.00544634   0.0112339  0.00544672   0.0109805  0.00544672
