8	12	8	1
 0 11  0  4  3  0  0  0  0  0  9  0
 0  0  2  4  3  0  6  0  0  0  0  0
 1  0  0  0  3  0  0  0  7  0  0 10
 1  0  2  0  3  5  6  0  7  0  0  0
 0  0  0  0  0  0  0  0  0  0  9  0
 0  0  2  0  0  0  0 12  0  8  0  0
 1  0  0  0  0  0  0  0  0  0  0 10
 1  0  2  0  0  5  0  0  0  8  0  0
0.2	1	0.7	0.4	0.6	0.6	0.4	0.7	0.2	0.5	0.6	0.9	
0.592	0.122	0.592	0.416	0.931	0.472	0.625	0.84	
------target--------
3
------result--------
7	
------details--------
0.424973 0.426682 0.628192 0.426304 0.425655 0.425457 0.623465 0.425914
0.427918 0.429122 0.310641 0.430356 0.428284  0.42819 0.295852 0.428458
4.17789e-06 5.56831e-07   0.0480386 3.59598e-06 3.47237e-06 3.81667e-06   0.0530862 3.00033e-06
------result2--------
3	7	
------details2--------
0.424853 0.627576 0.424468 0.424973 0.423606 0.622696 0.424071 0.424853 0.628032        0 0.425536 0.425337 0.623199 0.425795 0.627576 0.628032 0.628032 0.627802 0.627932        0 0.628005 0.424468 0.426304        0 0.425154 0.424953 0.628032 0.425413        0 0.425536 0.627802 0.425154 0.424296 0.622979 0.424759 0.423606 0.425337 0.627932 0.424953 0.424296 0.623074 0.425457 0.622696 0.623199        0 0.628032 0.622979 0.623074 0.623193 0.424071 0.425795 0.628005 0.425413 0.424759        0 0.623193
0.427312 0.309835 0.428536        0 0.426367 0.294985 0.426638 0.427801 0.311144 0.426682 0.428167 0.428074 0.295872 0.428342 0.628564 0.631166 0.631166 0.628692 0.628457 0.628192 0.628537 0.427426        0 0.426304 0.427793 0.427699 0.294402 0.427968 0.425655 0.427989 0.310137 0.429217 0.427049 0.295311 0.427319 0.426577 0.427795 0.310079  0.42902 0.426946 0.295223        0  0.62393 0.628696 0.623465 0.593353 0.624087 0.623864 0.623967 0.427034 0.428247 0.310269 0.429476 0.427402 0.425914 0.295438
0.427801 0.628564 0.427426 0.427057 0.426577  0.62393 0.427034 0.427312 0.631166        0 0.427989 0.427795 0.628696 0.428247 0.309835 0.311144 0.294402 0.310137 0.310079 0.572462 0.310269 0.428536 0.431158 0.631166 0.429217  0.42902 0.593353 0.429476        0 0.428167 0.628692 0.427793 0.426946 0.624087 0.427402 0.426367 0.428074 0.628457 0.427699 0.427049 0.623864  0.42754 0.294985 0.295872        0 0.294402 0.295311 0.295223 0.295438 0.426638 0.428342 0.628537 0.427968 0.427319        0 0.623967
0.430256 0.311139 0.431501 0.428284 0.429322 0.296387  0.42959 0.430256 0.300274 0.429122 0.430622  0.43053  0.29544 0.430797 0.311139 0.300274 0.393982   0.3113 0.311228 0.295852 0.311344 0.431501 0.429122 0.393982 0.431869 0.431779  0.30692 0.432048 0.428284 0.430622   0.3113 0.431869 0.429689 0.296558 0.429957 0.429322  0.43053 0.311228 0.431779 0.429689 0.296508 0.428458 0.296387  0.29544 0.295852  0.30692 0.296558 0.296508 0.296633  0.42959 0.430797 0.311344 0.432048 0.429957 0.428458 0.296633
4.74242e-06   0.0480393 7.81088e-06  4.5768e-06 8.04472e-06   0.0530872  7.2172e-06 4.74242e-06   0.0480467 5.56831e-07 4.03556e-06 4.38142e-06   0.0530874 3.56329e-06   0.0480393   0.0480467   0.0499772   0.0480392   0.0480391   0.0532886    0.048039 7.81088e-06 3.84274e-06  0.00180956 7.09883e-06 7.45141e-06   0.0532253 6.62621e-06 3.47237e-06 4.03556e-06   0.0480392 7.09883e-06 7.33061e-06    0.053087 6.50499e-06 8.04472e-06 4.38142e-06   0.0480391 7.45141e-06 7.33061e-06   0.0530869 3.99138e-06   0.0530872   0.0530874   0.0530862   0.0532253    0.053087   0.0530869   0.0530868  7.2172e-06 3.56329e-06    0.048039 6.62621e-06 6.50499e-06 3.00033e-06   0.0530868
