8	12	8	1
 0 11  6  0  0  0  0  1  2  3  4  0
 0  0  6  0  7  0  0  1  2  3  0  0
 5  0  0  0  0  0  0  1  0  3  4  0
 0  0  0  0  0  0 10  1  0  3  0  0
 0  0  0  0  0  0  0  1  2  0  4 12
 0  0  0  0  7  8  0  1  2  0  0  0
 5  0  0  9  0  0  0  1  0  0  4  0
 0  0  0  0  0  8  0  1  0  0  0  0
0.1	0.4	0.5	0.7	0.1	0.8	1	0.5	0.4	1	0.3	0.9	
0.783	0.093	0.42	0.994	0.211	0.1	0.336	0.094	
------target--------
6
------result--------
8	
------details--------
 0.86423 0.864451 0.864419 0.863872  0.86433 0.922748 0.864266  0.92267
0.865088 0.864736 0.865263 0.864903 0.865202 0.471882 0.865138 0.442598
6.06739e-07 3.10699e-09 1.18642e-07 1.11545e-06  3.9574e-07   0.0705438 5.46666e-07   0.0743513
------result2--------
2	8	
------details2--------
0.864227 0.864195 0.863644 0.864105 0.922792 0.864041 0.922713 0.864227 0.864416 0.863869 0.864327        0 0.864264 0.922748 0.864195 0.864416 0.863837 0.864295 0.922771        0 0.922692 0.863644 0.863869 0.863837 0.863747 0.922615 0.863682 0.922535 0.864105 0.864327 0.864295 0.863747 0.922724 0.864142 0.922646 0.922792 0.922748 0.922771 0.922615 0.922724 0.922759        0 0.864041 0.864264 0.864266 0.863682 0.864142 0.922759 0.922679 0.922713 0.922748 0.922692 0.922535 0.922646        0 0.922679
0.864519 0.865048  0.86468 0.864981 0.472015 0.864918 0.442542 0.865086  0.86526 0.864901   0.8652 0.864451 0.865136  0.44237 0.865055 0.864705 0.864869 0.865168 0.471957 0.864419 0.442587 0.864512 0.864164 0.864693 0.864625 0.471893 0.864562 0.442437 0.864966 0.864614 0.865141  0.86478 0.471886 0.865016 0.442564 0.922624        0 0.922224 0.922851 0.922893 0.922711 0.922748 0.864904 0.864555        0 0.864717 0.865017 0.471986 0.442547  0.92255 0.914202 0.922157 0.922774 0.922818  0.92267 0.922637
0.865086 0.865055 0.864512 0.864966 0.922624 0.864904  0.92255 0.864519 0.864705 0.864164 0.864614        0 0.864555 0.914202 0.865048  0.86526 0.864693 0.865141 0.922224        0 0.922157  0.86468 0.864901 0.864869  0.86478 0.922851 0.864717 0.922774 0.864981   0.8652 0.865168 0.864625 0.922893 0.865017 0.922818 0.472015  0.44237 0.471957 0.471893 0.471886 0.471986 0.914202 0.864918 0.865136 0.865109 0.864562 0.865016 0.922711 0.922637 0.442542  0.44237 0.442587 0.442437 0.442564        0 0.442547
0.865379 0.865901 0.865541  0.86584 0.471499 0.865777 0.442758 0.865379 0.865555 0.865191  0.86549 0.864736 0.865428 0.469852 0.865901 0.865555 0.865715 0.866013 0.470075 0.865263 0.442849 0.865541 0.865191 0.865715 0.865655 0.471874 0.865591 0.442724  0.86584  0.86549 0.866013 0.865655  0.47186 0.865889 0.442801 0.471499 0.864736 0.470075 0.471874  0.47186 0.471498 0.442598 0.865777 0.865428 0.865263 0.865591 0.865889 0.471498 0.442784 0.442758 0.469852 0.442849 0.442724 0.442801 0.442598 0.442784
6.10012e-07 7.27505e-07 1.72955e-06  1.0052e-06   0.0705438 1.15884e-06   0.0743513 6.10012e-07 1.21822e-07  1.1187e-06 3.98901e-07 3.10699e-09 5.49914e-07   0.0743567 7.27505e-07 1.21822e-07 1.23602e-06 5.15079e-07   0.0705439 1.18642e-07   0.0743513 1.72955e-06  1.1187e-06 1.23602e-06 1.51462e-06   0.0705438 1.66807e-06   0.0743513  1.0052e-06 3.98901e-07 5.15079e-07 1.51462e-06   0.0705438 9.44591e-07   0.0743513   0.0705438    0.073822   0.0705439   0.0705438   0.0705438   0.0705438   0.0743552 1.15884e-06 5.49914e-07 5.50001e-07 1.66807e-06 9.44591e-07   0.0705438   0.0743513   0.0743513   0.0743567   0.0743513   0.0743513   0.0743513   0.0743513   0.0743513
