8	12	8	1
 0  0  0  8  0  0  0  2  1  0  0 10
 0  0  7  8  0  0  0  0  1  9  0  0
 0 12  0  0  4  0  0  2  1  0  0 10
 5  0  7  0  0  0  0  0  1  0  0  0
 0  0  0  0  0  3  6  2  1  0  0  0
 0  0  0  0  0  3  0  0  1  9 11  0
 0  0  0  0  4  3  6  2  1  0  0  0
 5  0  0  0  0  3  0  0  1  0  0  0
0.4	0.1	0.5	0.6	1	1	0.8	0.5	0.4	0.3	0.8	0.8	
0.661	0.404	0.903	0.217	0.053	0.11	0.47	0.498	
------target--------
4
------result--------
2	
------details--------
0.728734 0.796657 0.728613 0.806139  0.72901  0.72217  0.72901 0.729217
0.730532 0.437948  0.73049 0.508719 0.730667 0.767317 0.730667 0.730844
2.01045e-06   0.0449708 2.22696e-06   0.0401286 1.46492e-06 0.000721285 1.46492e-06 9.88624e-07
------result2--------
4	8	
------details2--------
0.796195        0 0.805786  0.72823 0.721314  0.72823 0.728438 0.796195 0.796237 0.803386  0.79641        0  0.79641 0.803386 0.728613 0.796237 0.805874 0.728107 0.721158 0.728107 0.728316 0.805786        0 0.805874 0.805977 0.803531 0.805977 0.806139  0.72823  0.79641 0.728107 0.805977 0.721608        0 0.728715 0.721314 0.796784 0.721158 0.803531 0.721608 0.721608 0.721457  0.72823  0.79641 0.728107 0.805977        0 0.721608 0.728715 0.728438 0.803386 0.728316        0 0.728715 0.721457 0.728715
0.438009 0.728734 0.508439 0.729896  0.76668 0.729896 0.730075 0.797267 0.797116 0.767412 0.797229 0.796657 0.797229 0.767412        0 0.438275 0.508491 0.729777 0.766608 0.729777 0.729957 0.806603 0.806139 0.806427 0.806512 0.818965 0.806512        0 0.730035 0.438079 0.729993 0.508579 0.766926  0.72901  0.73035 0.723297        0 0.723274 0.494576 0.723471 0.723471 0.725428 0.730035 0.438079 0.729993 0.508579  0.72901 0.766926  0.73035 0.730242 0.422676 0.730199 0.729217 0.730378 0.769135 0.730378
0.797267        0 0.806603 0.730035 0.723297 0.730035 0.730242 0.438009 0.438275 0.828439 0.438079        0 0.438079 0.422676 0.730095 0.797116 0.806427 0.729993 0.723274 0.729993 0.730199 0.508439 0.767412 0.508491 0.508579 0.494576 0.508579        0 0.729896 0.797229 0.729777 0.806512 0.723471        0 0.730378  0.76668 0.794869 0.766608 0.818965 0.766926 0.766926 0.769135 0.729896 0.797229 0.729777 0.806512        0 0.723471 0.730378 0.730075 0.767412 0.729957        0  0.73035 0.725428  0.73035
0.437865 0.730532 0.509094 0.731697  0.76817 0.731697 0.731875 0.437865 0.437582 0.136379 0.437638 0.753693 0.437638 0.527331 0.730532 0.437582 0.508973 0.731655 0.768107 0.731655 0.731835 0.509094 0.136379 0.508973 0.509048 0.592757 0.509048 0.730844 0.731697 0.437638 0.731655 0.509048 0.768237 0.730667  0.73201  0.76817 0.753693 0.768107 0.592757 0.768237 0.768237 0.758938 0.731697 0.437638 0.731655 0.509048 0.730667 0.768237  0.73201 0.731875 0.527331 0.731835 0.730844  0.73201 0.758938  0.73201
  0.0449715 2.01045e-06   0.0401291 3.48698e-06 0.000723545 3.48698e-06 3.00859e-06   0.0449715   0.0449713   0.0942982   0.0449712    0.112558   0.0449712    0.045967 2.24729e-06   0.0449713   0.0401289 3.70688e-06 0.000723873 3.70688e-06  3.2289e-06   0.0401291   0.0941485   0.0401289   0.0401288   0.0408254   0.0401288    0.114227 3.48698e-06   0.0449712 3.70688e-06   0.0401288 0.000722975 1.46492e-06 2.46193e-06 0.000723545    0.112558 0.000723873   0.0408254 0.000722975 0.000722975 0.000733032 3.48698e-06   0.0449712 3.70688e-06   0.0401288 1.46492e-06 0.000722975 2.46193e-06 3.00859e-06    0.045967  3.2289e-06 9.88624e-07 2.46193e-06 0.000733032 2.46193e-06
