8	12	8	1
 0  0  4  0  0  2  1  0  0  0  7  0
 0  0  4  0  0  2  1  0  0  0  0  0
 0 10  0  0  0  2  1  0  0  6  0  3
 0  0  0  0  0  2  1  0  0  0  0  3
 0  0  0  0  0  0  1  0  0  0  7  0
 0  0  0  0  0  0  1 12  5  0  0  0
 8  0  0 11  0  0  1  0  0  6  0  3
 8  0  0  0  9  0  1  0  5  0  0  3
0.7	0.6	0.8	0.7	1	1	0.4	0.7	0.5	0.4	0.4	0.1	
0.532	0.539	0.466	0.707	0.684	0.009	0.091	0.991	
------target--------
1
------result--------
5	
------details--------
0.546765 0.461922 0.462752 0.463248 0.525593 0.463401 0.463135 0.461785
0.402928 0.466414  0.46522 0.465625  0.34166 0.465785 0.465534  0.46463
  0.0101531 8.99815e-06 2.40068e-06 7.34243e-07   0.0154343  6.0795e-08  1.1885e-06 3.98405e-06
------result2--------
2	5	
------details2--------
0.546765 0.546624  0.54685        0 0.546758 0.546787 0.545869        0 0.461255 0.461754 0.546765 0.461909  0.46164 0.460283 0.546624 0.461255 0.462752 0.525228  0.46274 0.462639 0.461294  0.54685 0.461754        0 0.525578 0.463235        0        0        0 0.546765 0.525228 0.525578 0.525582 0.525491 0.524342 0.546758 0.461909  0.46274 0.463235 0.525582 0.463122 0.461772 0.546787  0.46164 0.462639 0.463135 0.525491 0.463122 0.461673 0.545869 0.460283 0.461294 0.461785 0.524342 0.461772 0.461673
       0 0.547144 0.545663 0.546765  0.54813 0.546599 0.547425 0.461922 0.463734 0.464142 0.317733 0.464302  0.46405  0.46314 0.402388  0.46575        0 0.341359 0.465132 0.464899 0.463993 0.402773 0.466248 0.463248 0.341581 0.465623 0.463248 0.463248 0.525593 0.488715 0.526581 0.525781  0.52745 0.526354  0.52652 0.402918 0.466401 0.465208 0.465612 0.341655 0.465522 0.464617 0.402685 0.466134 0.464964        0 0.341529 0.465511 0.464378 0.401643 0.464778 0.463597        0 0.340867 0.464167 0.463916
0.317733 0.402388 0.402773 0.488715 0.402918 0.402685 0.401643        0  0.46575 0.466248 0.488715 0.466401 0.466134 0.464778 0.547144 0.463734 0.465078 0.526581 0.465208 0.464964 0.463597 0.545663 0.464142        0 0.525781 0.465612        0        0        0 0.317733 0.341359 0.341581 0.341655 0.341529 0.340867  0.54813 0.464302 0.465132 0.465623  0.52745 0.465511 0.464167 0.546599  0.46405 0.464899   0.4654 0.526354 0.465522 0.463916 0.547425  0.46314 0.463993 0.464493  0.52652 0.464617 0.464378
0.466414 0.404423 0.405047  0.34166  0.40475 0.404802 0.403898 0.466414 0.468251 0.468677 0.406996 0.468811 0.468575  0.46765 0.404423 0.468251 0.465625   0.3425 0.467608 0.465828 0.466059 0.405047 0.468677 0.465625 0.342761 0.468011 0.465625 0.465625  0.34166 0.406996   0.3425 0.342761 0.342748 0.342685 0.342263  0.40475 0.468811 0.467608 0.468011 0.342748 0.467921 0.467016 0.404802 0.468575 0.465828 0.465625 0.342685 0.467921 0.465901 0.403898  0.46765 0.466059 0.465625 0.342263 0.467016 0.465901
  0.0167375   0.0101541   0.0101536   0.0164703   0.0101531   0.0101537   0.0101551 8.99815e-06 1.14352e-05 9.74775e-06   0.0176261 9.05968e-06 1.02073e-05 1.30285e-05   0.0101541 1.14352e-05 2.43153e-06    0.015435 2.46196e-06 2.84303e-06 5.79697e-06   0.0101536 9.74775e-06 7.34243e-07   0.0154344 7.95246e-07 7.34243e-07 7.34243e-07   0.0154343   0.0176261    0.015435   0.0154344   0.0154343   0.0154345   0.0154362   0.0101531 9.05968e-06 2.46196e-06 7.95246e-07   0.0154343 1.24957e-06 4.04545e-06   0.0101537 1.02073e-05 2.84303e-06 1.19133e-06   0.0154345 1.24957e-06 4.55867e-06   0.0101551 1.30285e-05 5.79697e-06 4.14129e-06   0.0154362 4.04545e-06 4.55867e-06
