8	12	8	1
 0  0  4  0  0  0  2  0  8  0  0  1
 0  0  4  0  0  0  2  7  8  0  0  1
 0  0  4  0  0  0  0  0  0  3  0  1
 9  0  4  0 12  0  0  7  0  3  0  1
 0  0  0 11  0  5  2  0  0  0  0  1
 0  0  0 11  0  0  2  0  0  0 10  1
 0  6  0  0  0  5  0  0  0  3  0  1
 9  6  0  0  0  0  0  0  0  3 10  1
0.7	0.4	0.6	0.9	0.3	0.7	0.6	0.6	0.6	0.8	0.1	0.2	
0.175	0.336	0.829	0.749	0.415	0.774	0.431	0.052	
------target--------
6
------result--------
5	
------details--------
0.323604 0.323604 0.324052 0.323677  0.56721   0.5674 0.324888 0.324867
0.326551 0.326551 0.326788 0.326607 0.166603  0.16773 0.327365 0.327412
4.86554e-06 4.86554e-06  4.2061e-06 4.85586e-06   0.0877872    0.087153 1.80513e-06 1.94889e-06
------result2--------
6	5	
------details2--------
       0 0.323604 0.323244 0.566776 0.566973 0.323219 0.323197        0 0.323604 0.323244 0.566776 0.566973 0.323219 0.323197        0        0        0 0.566717 0.566912  0.32367 0.323648 0.323244 0.323244 0.323677 0.566972  0.56717 0.323291 0.323269 0.566776 0.566776 0.566717 0.566972        0 0.567183 0.567397 0.566973 0.566973 0.566912  0.56717        0 0.567397 0.567397 0.323219 0.323219  0.32367 0.323291 0.567183 0.567397        0 0.323197 0.323197 0.323648 0.323269 0.567397        0 0.324867
0.323604        0 0.325295 0.166021 0.167155 0.325715 0.325763 0.323604        0 0.325295 0.166021 0.167155 0.325715 0.325763 0.324052 0.324052 0.324052 0.166174 0.167305 0.326159 0.326206 0.325261 0.325261        0 0.166044 0.167182 0.325789 0.325837 0.567541 0.567541  0.56782 0.567407  0.56721 0.567354 0.566218 0.567726 0.567726 0.568005 0.567592   0.5674 0.567419 0.567419 0.326174 0.326174 0.326411  0.32623 0.166485 0.167773 0.324888 0.326153 0.326153  0.32639  0.32621 0.166447 0.324867        0
       0 0.325678 0.325261 0.567541 0.567726 0.326174 0.326153        0 0.325678 0.325261 0.567541 0.567726 0.326174 0.326153        0        0        0  0.56782 0.568005 0.326411  0.32639 0.325295 0.325295 0.325795 0.567407 0.567592  0.32623  0.32621 0.166021 0.166021 0.166174 0.166044        0 0.166485 0.166447 0.167155 0.167155 0.167305 0.167182 0.527504 0.167773 0.166447 0.325715 0.325715 0.326159 0.325789 0.567354 0.567419        0 0.325763 0.325763 0.326206 0.325837 0.566218 0.567419 0.329133
0.326551 0.326788 0.326823 0.167057 0.168178 0.328669 0.328716 0.326551 0.326788 0.326823 0.167057 0.168178 0.328669 0.328716 0.326788 0.326788 0.326788 0.167144 0.168266 0.328904 0.328951 0.326823 0.326823 0.326788 0.167078 0.168196 0.328726 0.328774 0.167057 0.167057 0.167144 0.167078 0.166603 0.167262 0.167451 0.168178 0.168178 0.168266 0.168196 0.166603 0.167487 0.174566 0.328669 0.328669 0.328904 0.328726 0.167262 0.167487 0.327365 0.328716 0.328716 0.328951 0.328774 0.167451 0.174566 0.327365
4.86554e-06 5.13022e-06 5.92215e-06   0.0877879   0.0871537 6.69741e-06 6.84306e-06 4.86554e-06 5.13022e-06 5.92215e-06   0.0877879   0.0871537 6.69741e-06 6.84306e-06  4.2061e-06  4.2061e-06  4.2061e-06   0.0877879   0.0871538 6.03171e-06 6.17687e-06 5.92215e-06 5.92215e-06 5.03657e-06   0.0877878   0.0871536 6.69013e-06 6.83604e-06   0.0877879   0.0877879   0.0877879   0.0877878   0.0877872   0.0877873   0.0877876   0.0871537   0.0871537   0.0871538   0.0871536   0.0877932    0.087153   0.0871719 6.69741e-06 6.69741e-06 6.03171e-06 6.69013e-06   0.0877873    0.087153 1.80513e-06 6.84306e-06 6.84306e-06 6.17687e-06 6.83604e-06   0.0877876   0.0130583 1.97782e-06
