8	12	8	1
 0  9  0  0  0  1  0  0  0  0  0  0
 2  0  0 12  0  1  0  0  0  6  0  0
 0  0  0  0  0  1  4  0  5  0  0  0
 2  0  0  0  0  1  0  0  5  6  0  0
 0  0  0  0  0  1  0  8  0  0  0  7
 2  0  0  0  3  1  0  0  0  0 11  7
 0  0  0  0  0  1  4  0  0  0  0  0
 2  0 10  0  3  1  0  0  0  0  0  0
0.5	1	0.8	0.1	0.6	0.5	0.6	0.4	0.3	0.2	0.4	0.8	
0.048	0.981	0.902	0.511	0.896	0.32	0.312	0.484	
------target--------
4
------result--------
2	
------details--------
0.479126 0.520742 0.478438 0.529195 0.478511 0.478939  0.47876 0.478505
0.481505 0.266137 0.480498  0.35135 0.480923 0.481318 0.481224 0.481031
 3.8646e-07   0.0184138 1.99219e-06   0.0129725 2.39778e-06 1.14217e-06 1.81288e-06 2.57116e-06
------result2--------
4	3	
------details2--------
 0.520673  0.478353  0.529134  0.478427  0.478855  0.478676  0.478421  0.520673  0.526825  0.527727  0.520361  0.520586  0.519211    0.5202  0.478353  0.526825         0  0.477728  0.478163  0.478438  0.477726  0.529134         0  0.528287  0.528951  0.529089  0.528287  0.528733  0.478427  0.520361  0.477728  0.528951  0.478237  0.478058  0.477801  0.478855  0.520586  0.478163  0.529089  0.478237  0.478488  0.478232  0.478676  0.519211         0  0.528287  0.478058  0.478488  0.478053  0.478421    0.5202  0.477726  0.528733  0.477801  0.478232  0.478053
  0.26612  0.480414  0.351284   0.48084  0.481235   0.48114  0.480947  0.522619  0.510984  0.495581   0.52167  0.521948   0.52766  0.522136  0.480738  0.251055  0.478438  0.480159  0.480557         0  0.480263  0.530858  0.529195  0.532562  0.529789  0.530014  0.532562  0.530382  0.480812  0.266356  0.479806  0.350737   0.48063  0.480531  0.480337  0.481237  0.266204   0.48023  0.351117  0.480656  0.480956  0.480763  0.481058  0.269233   0.47876  0.367189  0.480477  0.480873  0.480584  0.480804  0.266055  0.479797  0.350789  0.480223   0.48062  0.480523
 0.522619  0.480738  0.530858  0.480812  0.481237  0.481058  0.480804   0.26612  0.251055  0.544236  0.266356  0.266204  0.269233  0.266055  0.480414  0.510984  0.532562  0.479806   0.48023  0.479809  0.479797  0.351284  0.495581         0  0.350737  0.351117  0.367189  0.350789   0.48084   0.52167  0.480159  0.529789  0.480656  0.480477  0.480223  0.481235  0.521948  0.480557  0.530014   0.48063  0.480873   0.48062   0.48114   0.52766         0  0.532562  0.480531  0.480956  0.480523  0.480947  0.522136  0.480263  0.530382  0.480337  0.480763  0.480584
 0.266617  0.482805  0.353162  0.483233  0.483626  0.483531  0.483339  0.266617  0.297105 0.0869394  0.265581  0.265601  0.252851  0.266352  0.482805  0.297105  0.444688  0.482227  0.482621  0.481224  0.482332  0.353162 0.0869394  0.444688   0.35289  0.353209  0.217411  0.352821  0.483233  0.265581  0.482227   0.35289  0.483048  0.482952  0.482759  0.483626  0.265601  0.482621  0.353209  0.483048  0.483346  0.483153  0.483531  0.252851  0.481224  0.217411  0.482952  0.483346  0.483058  0.483339  0.266352  0.482332  0.352821  0.482759  0.483153  0.483058
  0.0184141 2.38134e-06   0.0129727 2.78693e-06 1.52988e-06 2.20089e-06 2.95981e-06   0.0184141   0.0187062   0.0398577   0.0184145   0.0184142   0.0184489   0.0184151 2.38134e-06   0.0187062   0.0014025 4.41924e-06 3.14771e-06 2.36728e-06 4.58399e-06   0.0129727   0.0398258   0.0426188   0.0129733   0.0129729   0.0143789   0.0129738 2.78693e-06   0.0184145 4.41924e-06   0.0129733 3.55342e-06 4.22533e-06 4.98961e-06 1.52988e-06   0.0184142 3.14771e-06   0.0129729 3.55342e-06 2.96183e-06 3.72289e-06 2.20089e-06   0.0184489 1.81288e-06   0.0143789 4.22533e-06 2.96183e-06 4.39548e-06 2.95981e-06   0.0184151 4.58399e-06   0.0129738 4.98961e-06 3.72289e-06 4.39548e-06
