8	12	8	1
 0  0  5  0  0  0  0  2  0  0  0  3
 0  1  5  0  0  4  0  0  0  0  8  3
 0  0  0  0  9  0 10  2  0  7  0  3
 0  1  0  0  0  4  0  0  6  7  0  3
 0  0  0  0  0  0  0  2  0  0  0  0
 0  1  0 12  0  0  0  0  0  0  8  0
11  0  0  0  9  0  0  2  0  0  0  0
 0  1  0  0  0  0  0  0  6  0  0  0
0.7	1	0.3	0.6	0.6	0.1	0.2	0.2	0.9	0.8	0.8	0.7	
0.214	0.771	0.437	0.599	0.081	0.024	0.626	0.236	
------target--------
4
------result--------
3	
------details--------
0.416575 0.415663 0.615268  0.64706 0.416728 0.415849  0.41591 0.414691
0.420234 0.418372 0.104734 0.160264 0.425008 0.418366 0.418799 0.426973
2.04758e-06 3.72927e-06    0.141546    0.128909 2.39328e-06 3.14188e-06 3.81079e-06 4.52207e-05
------result2--------
4	8	
------details2--------
        0  0.615259   0.64711  0.416575  0.415488  0.415756  0.414386  0.415512  0.614747   0.64693  0.415512         0  0.414685  0.413478  0.615259  0.614747  0.643726  0.615268  0.614765  0.614922  0.643726   0.64711   0.64693         0   0.64705  0.646862  0.646965   0.64706         0  0.415512         0   0.64705  0.415706         0  0.414539  0.415488   0.41564  0.614765  0.646862  0.415706  0.414881  0.413664  0.415756  0.414685  0.614922  0.646965   0.41591  0.414881  0.413717  0.414386  0.413478  0.643726         0  0.414539  0.413664  0.413717
 0.416575 0.0898938  0.160143         0  0.418109  0.418305  0.426705  0.423936  0.105483  0.159957  0.423936  0.415663  0.417604  0.425724    0.6154   0.61591  0.513312         0     0.616  0.615995  0.513312  0.646501  0.647219   0.64706  0.647576  0.647347  0.647247         0  0.416728  0.418237  0.416728   0.16018  0.418223  0.416728  0.426866  0.419321   0.41834  0.104942  0.160001  0.423944  0.417778  0.425921  0.418118   0.41742 0.0899594  0.159975         0  0.417407  0.426022  0.418143  0.416195 0.0969462  0.414691   0.42328  0.416189  0.416638
 0.423936    0.6154  0.646501  0.418936  0.419321  0.418118  0.418143  0.418118   0.61591  0.647219  0.418237   0.41834   0.41742  0.416195 0.0898938  0.105483  0.679471 0.0898122  0.104942 0.0899594 0.0969462  0.160143  0.159957  0.513312   0.16018  0.160001  0.159975         0         0  0.423936         0  0.647576  0.423944         0   0.42328  0.418109  0.417735     0.616  0.647347  0.418223  0.417407  0.416189  0.418305  0.417604  0.615995  0.647247  0.418458  0.417778  0.416638  0.426705  0.425724  0.513312         0  0.426866  0.425921  0.426022
 0.419715  0.230404  0.161656  0.425008  0.422273  0.422687  0.430058  0.419715  0.103791  0.160648  0.426461  0.418376  0.420306  0.428545  0.230404  0.103791 0.0215032  0.425008  0.104428  0.132286  0.165615  0.161656  0.160648 0.0215032  0.165114  0.160652  0.160849  0.426973  0.425008  0.426461  0.425008  0.165114  0.426587  0.425008  0.433107  0.422273  0.418376  0.104428  0.160652  0.426587  0.420309   0.42853  0.422687  0.420306  0.132286  0.160849  0.425008  0.420309  0.428904  0.430058  0.428545  0.165615  0.426973  0.433107   0.42853  0.428904
2.36664e-06    0.144651     0.12891 3.07603e-06 5.50883e-06 5.58863e-06 4.73036e-05  5.4674e-06    0.141548     0.12891 6.15702e-06 3.72938e-06 7.58011e-06 4.90231e-05    0.144651    0.141548    0.209472    0.147901    0.141547    0.142366    0.146097     0.12891     0.12891    0.209345     0.12891     0.12891     0.12891    0.215894 2.39328e-06 6.15702e-06 2.39328e-06     0.12891 5.54045e-06 2.39328e-06 4.76589e-05 5.50883e-06 3.78501e-06    0.141547     0.12891 5.54045e-06 6.97974e-06 4.84207e-05 5.58863e-06 7.58011e-06    0.142366     0.12891 5.25426e-06 6.97974e-06  4.9098e-05 4.73036e-05 4.90231e-05    0.146097 4.52207e-05 4.76589e-05 4.84207e-05  4.9098e-05
