8	12	8	1
 1  0  0  0  0  0  3  0  0  0  9  0
 1  0  0  7  5  0  3  4  0  0  0  0
 1  0  0  0  0 10  0  0  0  0  0  0
 1  0  0  0  5  0  0  4  0  8  0 12
 1  2  6  0  0  0  3  0 11  0  9  0
 1  2  6  7  0  0  3  4  0  0  0  0
 1  2  0  0  0  0  0  0  0  0  0  0
 1  2  0  0  0  0  0  4  0  8  0  0
0.9	0.9	0.2	0.6	0.4	0.6	0.8	0.3	0.5	0.6	0.1	0.8	
0.363	0.844	0.486	0.711	0.629	0.429	0.952	0.676	
------target--------
6
------result--------
2	
------details--------
0.533518  0.58687 0.533286 0.533201 0.531064 0.637869 0.531318 0.531024
0.534643 0.470349 0.534448 0.533935 0.534504 0.510505 0.534878 0.534414
8.77619e-08  0.00678009 4.87086e-07  2.7044e-07 4.73656e-06  0.00489771 5.93971e-06 4.35556e-06
------result2--------
2	7	
------details2--------
 0.58685 0.533245  0.53316        0 0.637942 0.531277 0.530982  0.58685 0.586635 0.580052 0.636241        0 0.637869  0.63528 0.533245 0.586635 0.532927 0.530789 0.637752 0.531044 0.530749  0.53316 0.580052 0.532927 0.530387 0.635454 0.530626 0.530626 0.531064 0.636241 0.530789 0.530387 0.636241 0.531064 0.530792 0.637942        0 0.637752 0.635454 0.636241 0.637869  0.63528 0.531277 0.637869 0.531044 0.530626        0        0        0 0.530982  0.63528 0.530749        0 0.530792  0.63528 0.531024
0.470323 0.534408 0.533895 0.533518 0.510475 0.534837 0.534373 0.587403 0.587636 0.594193 0.570659  0.58687 0.561333 0.572637 0.534374 0.470176 0.533663  0.53423 0.510266 0.534605 0.534141 0.534289 0.476396 0.534091 0.534059 0.514707 0.534381 0.534381        0 0.430859 0.531956 0.531588 0.430859        0 0.531655  0.63597 0.637869 0.638249 0.639719 0.642523        0 0.643395 0.532415 0.429683 0.532209 0.531851 0.531318 0.531318 0.531318 0.532139 0.431557 0.531916 0.531024 0.531704 0.431557        0
0.587403 0.534374 0.534289        0  0.63597 0.532415 0.532139 0.470323 0.470176 0.476396 0.430859        0 0.429683 0.431557 0.534408 0.587636 0.534091 0.531956 0.638249 0.532209 0.531916 0.533895 0.594193 0.533663 0.531588 0.639719 0.531851 0.531728 0.534497 0.570659  0.53423 0.534059 0.642523 0.532047 0.531704 0.510475 0.561333 0.510266 0.514707 0.430859 0.429683 0.431557 0.534837 0.561333 0.534605 0.534381        0        0        0 0.534373 0.572637 0.534141 0.534381 0.531655 0.643395 0.531945
0.471048 0.535535  0.53502 0.534643 0.511308 0.536004 0.535525 0.471048 0.470917 0.464145 0.487895 0.470349 0.499167 0.485611 0.535535 0.470917 0.534826   0.5354 0.511288 0.535775  0.53531  0.53502 0.464145 0.534826  0.53503 0.505766 0.535507 0.534443 0.534643 0.487895   0.5354  0.53503 0.527033 0.534878 0.534777 0.511308 0.470349 0.511288 0.505766 0.527033 0.534878  0.52529 0.536004 0.499167 0.535775 0.535507 0.534878 0.534878 0.534878 0.535525 0.485611  0.53531 0.534443 0.534777  0.52529 0.534878
 0.00678012 5.75381e-07 3.58637e-07 8.77619e-08   0.0048978 6.03252e-06 4.44792e-06  0.00678012  0.00678039  0.00687041  0.00832183  0.00678009  0.00932637  0.00810346 5.75381e-07  0.00678039 7.58903e-07 5.22979e-06  0.00489803 6.43206e-06 4.84815e-06 3.58637e-07  0.00687041 7.58903e-07 5.27312e-06  0.00493209 6.60974e-06  4.4992e-06 4.73802e-06  0.00832183 5.22979e-06 5.27312e-06  0.00706171 6.07751e-06 5.93875e-06   0.0048978  0.00824824  0.00489803  0.00493209  0.00706171  0.00813185  0.00681945 6.03252e-06  0.00932637 6.43206e-06 6.60974e-06 5.93971e-06 5.93971e-06 5.93971e-06 4.44792e-06  0.00810346 4.84815e-06   4.357e-06 5.93875e-06  0.00681945  6.0769e-06
