8	12	8	1
 0  0  0  0  1  0  0  0  0  0  3  0
 0  0  2  0  1  5  0  0  0  0  0  0
12  4  0  0  1  0  0  0  0  0  3  0
 0  4  2  0  1  5  0  6  0  0  0  0
 0  0  0  0  1  0  0  0  0 10  3  8
 0  0  2  7  1  0  0  0  9  0  0  8
 0  0  0  0  1  0 11  0  0  0  3  0
 0  0  2  7  1  0  0  6  0  0  0  0
0.1	0.2	0.2	0.3	0.5	0.5	0.3	0.8	0.1	0.4	0.5	0.8	
0.987	0.371	0.794	0.098	0.725	0.562	0.209	0.196	
------target--------
4
------result--------
8	
------details--------
0.867629 0.867948 0.867576 0.924609 0.867487 0.865233 0.867594 0.919781
0.868547 0.868659 0.868532 0.658401 0.868472 0.892015 0.868532 0.459298
9.15959e-07 2.98989e-07 9.97122e-07   0.0430904 1.03031e-06 0.000310651 9.60711e-07   0.0646412
------result2--------
6	8	
------details2--------
0.867513        0 0.924565        0 0.864757        0 0.919663 0.867513 0.867459        0 0.867369 0.864978 0.867478 0.923876 0.867576 0.867459 0.924604 0.867434 0.864693 0.867541 0.919685 0.924565 0.924609 0.924604 0.924624 0.923918 0.924582        0 0.867487 0.867369 0.867434 0.924624 0.864592 0.867453 0.919684 0.864757 0.864978 0.864693 0.923918 0.864592 0.864717 0.919809 0.867594 0.867478 0.867541 0.924582 0.867453 0.864717  0.91967 0.919663 0.923876 0.919685 0.923876 0.919684        0  0.91967
 0.86823 0.867629 0.658505 0.867629 0.891619 0.867629 0.460168 0.868433 0.868418 0.867948 0.868358 0.893003 0.868418 0.444143        0 0.868178 0.658604 0.868103 0.891528 0.868227  0.46056 0.924658        0 0.924613 0.924598 0.930291 0.924636 0.924609        0 0.868089 0.868191 0.658662 0.891462 0.868119 0.460818 0.865764 0.866562 0.865753 0.650743 0.865688 0.865751        0        0 0.868196 0.868305 0.658548  0.86812 0.891579 0.460345 0.919912 0.899058 0.919872 0.899058 0.919849 0.919781 0.919891
0.868433        0 0.924658        0 0.865764        0 0.919912  0.86823 0.868178        0 0.868089 0.866562 0.868196 0.899058 0.868342 0.868418 0.924613 0.868191 0.865753 0.868305 0.919872 0.658505        0 0.658604 0.658662 0.650743 0.658548 0.899058 0.868159 0.868358 0.868103 0.924598 0.865688  0.86812 0.919849 0.891619 0.893003 0.891528 0.930291 0.891462 0.891579 0.919261 0.868282 0.868418 0.868227 0.924636 0.868119 0.865751 0.919891 0.460168 0.444143  0.46056 0.936306 0.460818        0 0.460345
0.869148 0.868547 0.658282 0.868547  0.89247 0.868547 0.458307 0.869148 0.869134 0.868659 0.869074 0.886763 0.869134 0.561531 0.868547 0.869134   0.6582 0.868552 0.892501 0.868549 0.458054 0.658282 0.868659   0.6582 0.658211 0.730941 0.658249 0.123526 0.868547 0.869074 0.868552 0.658211 0.892423 0.868551 0.458191  0.89247 0.886763 0.892501 0.730941 0.892423 0.892467 0.870684 0.868547 0.869134 0.868549 0.658249 0.868551 0.892467 0.458226 0.458307 0.561531 0.458054 0.123526 0.458191 0.870684 0.458226
1.21889e-06 9.15959e-07   0.0430904 9.15959e-07 0.000311718 9.15959e-07   0.0646415 1.21889e-06 1.30092e-06 2.98989e-07 1.33444e-06 0.000314768 1.26406e-06   0.0654725 1.00339e-06 1.30092e-06   0.0430904 1.17299e-06 0.000311857 1.05411e-06   0.0646416   0.0430904    0.116862   0.0430904   0.0430904   0.0433849   0.0430904    0.106908 1.08981e-06 1.33444e-06 1.17299e-06   0.0430904 0.000311893 1.13908e-06   0.0646416 0.000311718 0.000314768 0.000311857   0.0433849 0.000311893 0.000311784    0.119303 9.68489e-07 1.26406e-06 1.05411e-06   0.0430904 1.13908e-06 0.000311784   0.0646415   0.0646415   0.0654725   0.0646416    0.106958   0.0646416    0.119303   0.0646415
