8	12	8	1
 0  1  2  0  0  0  0  8  0 10  0 12
 0  0  2  4  5  0  0  8  0  0 11  0
 0  1  2  0  0  0  7  0  0  0  0  0
 0  0  2  0  5  0  7  0  0  0  0  0
 3  1  0  0  0  0  0  0  0 10  0  0
 0  0  0  4  0  0  0  0  9  0  0  0
 3  1  0  0  0  6  0  0  0  0  0  0
 0  0  0  0  0  6  0  0  9  0  0  0
0.2	0.7	0.3	0.7	0.2	0.4	0.6	0.8	1	0.3	0.8	0.5	
0.098	0.216	0.903	0.798	0.501	0.857	0.257	0.839	
------target--------
8
------result--------
6	
------details--------
0.297917 0.298006 0.296681 0.296681 0.298008  0.52654 0.297563 0.540131
0.300382 0.300499  0.29936  0.29936 0.300441 0.225732 0.305538 0.233944
2.05452e-06 1.71033e-06 4.04574e-06 4.04574e-06 1.65821e-06    0.037325 1.32878e-05   0.0347622
------result2--------
6	7	
------details2--------
0.297584 0.296249 0.296249 0.297917 0.526463 0.297139 0.540165 0.297584 0.296344 0.296344 0.297675 0.526267  0.29723 0.539906 0.296249 0.296344        0 0.296341 0.525741   0.2959 0.539679 0.296249 0.296344        0 0.296341 0.525741   0.2959 0.539679        0 0.297675 0.296341 0.296341 0.526501 0.297231 0.540184 0.526463 0.526267 0.525741 0.525741 0.526501 0.540131        0 0.297139  0.29723   0.2959   0.2959 0.297231 0.540131        0 0.540165 0.539906 0.539679 0.539679 0.540184        0 0.540131
 0.30008  0.29894  0.29894        0 0.225492 0.305099 0.233708 0.300053 0.299028 0.299028 0.300112 0.225542 0.305196 0.233749 0.298738 0.298843 0.296681   0.2988 0.224782 0.303813  0.23299 0.298738 0.298843 0.296681   0.2988 0.224782 0.303813  0.23299 0.298008 0.300171  0.29903  0.29903 0.225544 0.305193 0.233759 0.526905 0.528293 0.527024 0.527024  0.52678 0.434511  0.52654 0.299609 0.299724 0.298584 0.298584 0.299669 0.223886 0.297563 0.539969 0.541573 0.540404 0.540404 0.539805 0.540131        0
0.300053 0.298738 0.298738 0.300153 0.526905 0.299609 0.539969  0.30008 0.298843 0.298843 0.300171 0.528293 0.299724 0.541573  0.29894 0.299028        0  0.29903 0.527024 0.298584 0.540404  0.29894 0.299028        0  0.29903 0.527024 0.298584 0.540404        0 0.300112   0.2988   0.2988  0.52678 0.299669 0.539805 0.225492 0.225542 0.224782 0.224782 0.225544 0.223886        0 0.305099 0.305196 0.303813 0.303813 0.305193 0.434511        0 0.233708 0.233749  0.23299  0.23299 0.233759 0.434511 0.223886
0.302563  0.30142  0.30142 0.300441 0.226903 0.307726 0.235098 0.302563 0.301535 0.301535 0.302622 0.226979 0.307799  0.23522  0.30142 0.301535  0.29936  0.30148 0.226321 0.306626 0.234535  0.30142 0.301535  0.29936  0.30148 0.226321 0.306626 0.234535 0.300441 0.302622  0.30148  0.30148 0.226937 0.307793 0.235126 0.226903 0.226979 0.226321 0.226321 0.226937  0.24504 0.225732 0.307726 0.307799 0.306626 0.306626 0.307793  0.24504 0.305538 0.235098  0.23522 0.234535 0.234535 0.235126 0.225732 0.305538
3.77454e-06  6.1317e-06  6.1317e-06 2.06006e-06   0.0373256  1.5376e-05   0.0347628 3.77454e-06 5.77253e-06 5.77253e-06 3.37658e-06   0.0373257 1.50154e-05   0.0347629  6.1317e-06 5.77253e-06 4.04574e-06 5.73027e-06   0.0373264  1.7388e-05   0.0347635  6.1317e-06 5.77253e-06 4.04574e-06 5.73027e-06   0.0373264  1.7388e-05   0.0347635 1.65821e-06 3.37658e-06 5.73027e-06 5.73027e-06   0.0373255 1.49743e-05   0.0347627   0.0373256   0.0373257   0.0373264   0.0373264   0.0373255   0.0380062    0.037325  1.5376e-05 1.50154e-05  1.7388e-05  1.7388e-05 1.49743e-05   0.0380062 1.32878e-05   0.0347628   0.0347629   0.0347635   0.0347635   0.0347627   0.0379301   0.0362668
