8	12	8	1
 1  2  7  4 11  0  0  0  0  0  0  0
 0  2  0  4  0  0  0  3  0  0  0 12
 1  0  0  0  0  5  0  0  0  9  0  0
 0  0  0  0  0  0  0  3  0  9 10  0
 1  2  7  0  0  0  0  0  8  0  0  0
 0  2  0  0  0  0  6  3  0  0  0  0
 1  0  0  0  0  5  0  0  8  0  0  0
 0  0  0  0  0  0  6  3  0  0 10  0
0.6	0.6	0.8	0.5	0.1	0.2	0.1	0.3	0.3	0.9	0.4	0.3	
0.865	0.588	0.47	0.566	0.67	0.593	0.506	0.508	
------target--------
4
------result--------
8	
------details--------
0.443521 0.443337 0.442042 0.533621  0.44301 0.443497  0.44301 0.511305
 0.44595 0.445767 0.447288 0.367403 0.445456 0.447354 0.445456 0.307887
8.76416e-07 1.56796e-06 1.20998e-05   0.0139386 2.48551e-06 1.60113e-06 2.48551e-06   0.0189901
------result2--------
4	3	
------details2--------
0.443141 0.441847 0.533733  0.44281 0.443301  0.44281 0.511299 0.443141 0.441661 0.533608 0.442626 0.443117 0.442626 0.511144 0.441847 0.441661        0 0.441331 0.441804 0.441331 0.533622 0.533733 0.533608 0.533621 0.533629 0.533622 0.533629        0  0.44281 0.442626 0.441331 0.533629 0.442787        0 0.511025 0.443301 0.443117 0.441804 0.533622 0.442787 0.442787        0  0.44281 0.442626 0.441331 0.533629        0 0.442787 0.511025 0.511299 0.511144 0.533622        0 0.511025 0.511305 0.511025
0.445581 0.447091 0.367203 0.445269 0.447173 0.445269 0.307931 0.445588 0.446908 0.367078 0.445085 0.446992 0.445085 0.307832 0.444283 0.444102 0.442042 0.443789 0.446012 0.443789 0.283629 0.532355 0.533689        0 0.533602   0.5336 0.533602 0.533621 0.445274 0.445077 0.446577 0.366788 0.446678  0.44301 0.307797 0.445749 0.445558 0.447112 0.367513 0.445246 0.445246 0.443497 0.445274 0.445077 0.446577 0.366788  0.44301 0.446678 0.307797  0.51137 0.512169 0.470496 0.511305 0.511989        0 0.511989
0.445588 0.444283 0.532355 0.445274 0.445749 0.445274  0.51137 0.445581 0.444102 0.533689 0.445077 0.445558 0.445077 0.512169 0.447091 0.446908        0 0.446577 0.447112 0.446577 0.470496 0.367203 0.367078 0.252745 0.366788 0.367513 0.366788 0.470496 0.445269 0.445085 0.443789 0.533602 0.445246        0 0.511989 0.447173 0.446992 0.446012   0.5336 0.446678 0.446678        0 0.445269 0.445085 0.443789 0.533602        0 0.445246 0.511989 0.307931 0.307832 0.283629   0.5336 0.307797 0.279412 0.307797
0.448023 0.449587 0.369748 0.447713 0.449665 0.447713 0.307363 0.448023  0.44938 0.369195  0.44753 0.449428  0.44753 0.308198 0.449587  0.44938 0.447288 0.449066  0.45027 0.449066 0.381063 0.369748 0.369195 0.447288 0.368943 0.365454 0.368943 0.287568 0.447713  0.44753 0.449066 0.368943 0.449119 0.445456 0.308116 0.449665 0.449428  0.45027 0.365454 0.449119 0.449119 0.447354 0.447713  0.44753 0.449066 0.368943 0.445456 0.449119 0.308116 0.307363 0.308198 0.381063 0.287568 0.308116 0.447354 0.308116
2.45691e-06 1.29946e-05   0.0139393 3.38298e-06 2.49298e-06 3.38298e-06   0.0189901 2.45691e-06 1.36948e-05   0.0139393 4.07822e-06 3.18336e-06 4.07822e-06   0.0189903 1.29946e-05 1.36948e-05 1.20998e-05 1.46289e-05 1.37443e-05 1.46289e-05   0.0215575   0.0139393   0.0139393   0.0248529   0.0139397   0.0139389   0.0139397   0.0235069 3.38298e-06 4.07822e-06 1.46289e-05   0.0139397 4.11058e-06 2.48551e-06   0.0189904 2.49298e-06 3.18336e-06 1.37443e-05   0.0139389 4.11058e-06 4.11058e-06 1.60113e-06 3.38298e-06 4.07822e-06 1.46289e-05   0.0139397 2.48551e-06 4.11058e-06   0.0189904   0.0189901   0.0189903   0.0215575   0.0222897   0.0189904   0.0219347   0.0189904
