8	12	8	1
 0  3  0  4  0  0  1  0  0  0  0 10
 0  3  0  0  0  0  1  7  0  0  0  0
 0  3  0  0 12  2  1  0  8  9  0 10
 0  3  0  0  0  2  1  0  0  9  0  0
 0  0  6  4  0  0  1  0  0  0  0  0
 0  0  6  0  0  0  1  7  0  0  0  0
 5  0  0  0  0  2  1  0  8  0  0  0
 5  0  0  0  0  2  1  0  0  0 11  0
0.4	1	0.2	0.6	0.9	0.5	0.3	0.3	0.5	0.2	0.7	0.2	
0.743	0.847	0.538	0.231	0.423	0.506	0.643	0.422	
------target--------
6
------result--------
2	
------details--------
 0.48201  0.54361 0.480739 0.482234 0.482191 0.546206 0.481678 0.481779
0.484374 0.350739 0.483567 0.484574 0.484015 0.376763 0.484069 0.484244
1.34027e-06    0.016348 3.93453e-06 4.72032e-07 4.95227e-07   0.0136081 2.29161e-06 2.13512e-06
------result2--------
2	5	
------details2--------
0.543572        0 0.481903  0.48186   0.5462 0.481339 0.481447 0.543572 0.542916 0.543596 0.546206        0 0.543241 0.543236 0.480739 0.542916 0.480739 0.480584  0.54562 0.480739 0.480168 0.481903 0.543596        0 0.482085 0.546202 0.481569 0.481673  0.48186 0.546206 0.480584 0.482085        0 0.481528  0.48163   0.5462        0  0.54562 0.546202 0.546206 0.545873 0.545856 0.481339 0.543241        0 0.481569 0.481528 0.545873 0.481114 0.481447 0.543236 0.480168 0.481673  0.48163 0.545856 0.481114
0.350606  0.48201 0.484263 0.483698 0.376638 0.483749  0.48392 0.543848 0.544137 0.543913 0.516311  0.54361 0.544567 0.544875        0 0.350035        0 0.482451 0.376029        0 0.482655 0.484274 0.350696 0.482234 0.483913 0.376723 0.483967  0.48414 0.484231 0.347422  0.48342 0.484431 0.482191 0.483924 0.484099 0.546245 0.546206 0.546649 0.546295        0 0.547067 0.547386 0.483735 0.350446 0.481678 0.483938 0.483366 0.376446 0.483587 0.483823 0.350476 0.483009 0.484023 0.483464 0.376474 0.483513
0.543848        0 0.484274 0.484231 0.546245 0.483735 0.483823 0.350606 0.350035 0.350696 0.347422        0 0.350446 0.350476 0.483304 0.544137  0.48348  0.48342 0.546649 0.483086 0.483009 0.484263 0.543913        0 0.484431 0.546295 0.483938 0.484023 0.483698 0.516311 0.482451 0.483913        0 0.483366 0.483464 0.376638 0.516311 0.376029 0.376723 0.347422 0.376446 0.376474 0.483749 0.544567        0 0.483967 0.483924 0.547067 0.483513  0.48392 0.544875 0.482655  0.48414 0.484099 0.547386 0.483587
0.351587 0.484374 0.486639 0.486071 0.377566 0.486143 0.486295 0.351587 0.351293 0.351665 0.395927 0.350739 0.351519 0.351648 0.484374 0.351293 0.484574 0.485262 0.377341 0.484069 0.485487 0.486639 0.351665 0.484574 0.486267 0.377646 0.486338 0.486493 0.486071 0.395927 0.485262 0.486267 0.484015 0.485758 0.485933 0.377566 0.350739 0.377341 0.377646 0.484015 0.377609 0.377764 0.486143 0.351519 0.484069 0.486338 0.485758 0.377609 0.485988 0.486295 0.351648 0.485487 0.486493 0.485933 0.377764 0.485988
  0.0163481 1.34027e-06  1.8207e-06 1.84339e-06   0.0136082 3.66702e-06 3.48796e-06   0.0163481   0.0163487    0.016348    0.016548    0.016348   0.0163486   0.0163488 4.17538e-06   0.0163487 4.03394e-06 4.44608e-06   0.0136088 4.20792e-06 6.09893e-06  1.8207e-06    0.016348 4.72032e-07 9.69983e-07   0.0136082 2.77555e-06 2.61154e-06 1.84339e-06    0.016548 4.44608e-06 9.69983e-07 4.95227e-07 2.79469e-06 2.63629e-06   0.0136082   0.0164452   0.0136088   0.0136082   0.0160838   0.0136087   0.0136089 3.66702e-06   0.0163486 2.29161e-06 2.77555e-06 2.79469e-06   0.0136087 4.44228e-06 3.48796e-06   0.0163488 6.09893e-06 2.61154e-06 2.63629e-06   0.0136089 4.44228e-06
