8	12	8	1
 1  0  0  0  0  0  0  0  0  4  0  0
 0  0  0  0  0  3  0  0  0  4 10 11
 1  0  0  0  0  0  0  0  8  4  0  0
 0  0  0  0  0  3  0  7  8  4 10  0
 1  0  5  2  0  0  0  0  0  0  0  0
 0  0  5  2  0  3  6  0  0  0  0 11
 1 12  0  2  9  0  0  0  0  0  0  0
 0  0  0  2  9  3  6  7  0  0  0  0
0.6	1	0.4	0.2	1	1	1	0.2	0.4	0.9	0.9	0.7	
0.933	0.521	0.251	0.956	0.669	0.698	0.299	0.015	
------target--------
2
------result--------
6	
------details--------
0.468938 0.589289 0.468785  0.46528 0.469977 0.517467 0.471418 0.471934
0.473942 0.458174  0.47374 0.473411  0.47816 0.435448  0.47395 0.474299
1.20137e-05  0.00324741 1.13362e-05 1.94308e-05 2.46829e-05   0.0033353  2.1722e-06 1.33289e-07
------result2--------
2	4	
------details2--------
       0        0        0 0.466486 0.545567 0.468389 0.468909 0.589289   0.5872   0.5872 0.585547        0 0.588905 0.589267 0.468785   0.5872        0 0.466355 0.543834 0.468234 0.468756  0.46528        0  0.46528 0.462473 0.583491 0.464726 0.465251 0.466486 0.585547 0.466355 0.462473        0 0.469427 0.469948 0.545567        0 0.543834 0.583491 0.517467 0.516904 0.517437 0.468389 0.588905 0.468234 0.464726 0.469427 0.516904 0.471418 0.468909 0.589267 0.468756 0.465251 0.469948 0.517437        0
0.468938 0.468938 0.468938  0.47658 0.415119 0.470927 0.471278        0 0.604561 0.604561 0.598721 0.589289  0.59066 0.591019        0 0.427636 0.468785  0.47634 0.415946 0.470774 0.471125        0  0.46528        0 0.474041 0.395454 0.467272 0.467625  0.47226 0.457218    0.472 0.471604 0.469977 0.471974 0.472324 0.501203 0.517467 0.504307 0.505942        0 0.519503 0.519888 0.473395 0.457676 0.473193 0.472863 0.477608 0.435048        0 0.473914 0.458148 0.473712 0.473383 0.478131 0.435427 0.471934
       0        0        0  0.47226 0.501203 0.473395 0.473914 0.425359 0.427636 0.333594 0.457218 0.503609 0.457676 0.458148 0.470431 0.604561        0    0.472 0.504307 0.473193 0.473712 0.471935 0.604561 0.472243 0.471604 0.505942 0.472863 0.473383  0.47658 0.598721  0.47634 0.474041        0 0.477608 0.478131 0.415119 0.598721 0.415946 0.395454 0.402248 0.435048 0.435427 0.470927  0.59066 0.470774 0.467272 0.471974 0.519503  0.47393 0.471278 0.591019 0.471125 0.467625 0.472324 0.519888        0
0.473942 0.473942 0.473942 0.479196   0.4501  0.47595   0.4763 0.473942 0.471108 0.471361 0.461237 0.426158 0.459994 0.460314 0.473942 0.471108  0.47374 0.479183 0.447374 0.475748 0.476098 0.473942 0.471361  0.47374 0.479053 0.445565  0.47542 0.475771 0.479196 0.461237 0.479183 0.479053  0.47816 0.480201 0.480554   0.4501 0.426158 0.447374 0.445565  0.47816 0.436918  0.43719  0.47595 0.459994 0.475748  0.47542 0.480201 0.436918 0.474299   0.4763 0.460314 0.476098 0.475771 0.480554  0.43719 0.474299
1.20137e-05 1.20137e-05 1.20137e-05 3.75964e-05  0.00407964 1.42131e-05 1.21486e-05  0.00418229  0.00396798  0.00628327  0.00326036  0.00586803  0.00324916  0.00324752 1.21954e-05  0.00396798 1.13362e-05 3.67293e-05  0.00390776 1.35373e-05 1.14711e-05 2.07225e-05 0.000463649 2.00649e-05 4.50377e-05  0.00447646 2.16425e-05 1.95664e-05 3.75964e-05  0.00326036 3.67293e-05 4.50377e-05 2.46829e-05 2.68989e-05 2.48187e-05  0.00407964  0.00503025  0.00390776  0.00447646  0.00493452  0.00333698   0.0033354 1.42131e-05  0.00324916 1.35373e-05 2.16425e-05 2.68989e-05  0.00333698 2.17531e-06 1.21486e-05  0.00324752 1.14711e-05 1.95664e-05 2.48187e-05   0.0033354 1.33289e-07
