8	12	8	1
 0  0  0  6  0  1  0  0  0 10  4  0
 0  2  0  0  0  1  0  7  0  0  0  0
 0  0  0  6  9  1  0  0  8  0  4  0
 0  2  0  0  9  1  0  0  0  0  0 12
 5  0  0  0  0  1  3  0  0  0  4  0
 0  2 11  0  0  1  3  7  0  0  0  0
 5  0  0  0  0  1  3  0  8  0  4  0
 0  2  0  0  0  1  3  0  0  0  0  0
0.8	0.3	0.2	0.8	0.4	0.4	0.4	1	0.2	0.8	0.9	0.2	
0.723	0.75	0.083	0.437	0.027	0.985	0.476	0.079	
------target--------
7
------result--------
3	
------details--------
0.500042 0.499473 0.546085 0.499415 0.500957 0.499063 0.549192 0.501002
0.502606 0.502438  0.14846  0.51447 0.502725 0.502248 0.198327 0.502434
3.13874e-06 4.37815e-06   0.0347016 4.39337e-05  3.2007e-07 4.75733e-06   0.0309447 1.39765e-07
------result2--------
7	5	
------details2--------
 0.498454  0.545415  0.498386  0.499945  0.498037  0.548561  0.499991  0.498454  0.544693  0.497818  0.499369         0  0.547933  0.499414  0.545415  0.544693         0  0.548077  0.546044  0.548077  0.547321  0.498386  0.497818  0.546106  0.499285  0.497373  0.548111  0.499345  0.499945  0.499369  0.548077  0.499285  0.499017         0  0.500957  0.498037  0.499063  0.546044  0.497373  0.499017   0.54795  0.499063  0.548561  0.547933         0  0.548111  0.549192   0.54795  0.549192  0.499991  0.499414  0.547321  0.499345         0         0         0
 0.501428  0.148047  0.513489  0.501725  0.501238  0.197644  0.501437  0.501028  0.148144   0.51291  0.501209  0.499473  0.202522  0.500968  0.547112  0.547305  0.546085  0.513597   0.54611  0.513597  0.514453  0.500994  0.500814         0  0.501686  0.500639  0.196408  0.501347   0.50251  0.502343  0.144225  0.514646  0.502192  0.500957         0  0.500621         0  0.144977  0.512665  0.501339 0.0921144         0  0.550158  0.550289  0.549192  0.557935         0   0.54998         0  0.502555  0.502388  0.145833  0.514577  0.501002  0.501002  0.501002
 0.501028  0.547112  0.500994   0.50251  0.500621  0.550158  0.502555  0.501428  0.547305  0.500814  0.502343         0  0.550289  0.502388  0.148047  0.148144         0  0.144225  0.144977  0.583322  0.145833  0.513489   0.51291  0.545844  0.514646  0.512665  0.557935  0.514577  0.501725  0.501209  0.513597  0.501686  0.501339         0  0.503268  0.501238  0.501146   0.54611  0.500639  0.502192   0.54998  0.502237  0.197644  0.202522  0.513597  0.196408         0 0.0921144 0.0930201  0.501437  0.500968  0.514453  0.501347         0         0         0
 0.504002  0.149107  0.516011  0.504286  0.503813  0.199399  0.503994  0.504002   0.14874  0.515861  0.504178  0.502438  0.194487  0.503903  0.149107   0.14874  0.453778  0.310077   0.15067 0.0104299  0.297787  0.516011  0.515861  0.453778  0.511351  0.515583   0.21549  0.511509  0.504286  0.504178  0.310077  0.511351  0.502944  0.502725  0.502434  0.503813  0.502438   0.15067  0.515583  0.502944  0.242437  0.502434  0.199399  0.194487 0.0104299   0.21549  0.502725  0.242437  0.502434  0.503994  0.503903  0.297787  0.511509  0.502434  0.502434  0.502434
7.54308e-06    0.034703 4.71587e-05 3.46255e-06 7.93306e-06   0.0309461 3.28068e-06 7.54308e-06   0.0347047 4.83883e-05 4.72387e-06 4.37815e-06   0.0309541 4.53839e-06    0.034703   0.0347047   0.0567472   0.0350654   0.0347051   0.0588705   0.0349151 4.71587e-05 4.83883e-05   0.0567472 4.45801e-05 4.88256e-05   0.0309751 4.42461e-05 3.46255e-06 4.72387e-06   0.0350654 4.45801e-05 4.88445e-06  3.2007e-07 3.37147e-07 7.93306e-06 5.01952e-06   0.0347051 4.88256e-05 4.88445e-06   0.0332136 4.75993e-06   0.0309461   0.0309541   0.0588038   0.0309751   0.0617647   0.0332136   0.0432821 3.28068e-06 4.53839e-06   0.0349151 4.42461e-05 1.39765e-07 1.39765e-07 1.39765e-07
