8	12	8	1
 0  0  0  0  0  0  0  0  6  0  1  4
 0  0 10  0  8  0  0  0  0  0  1  4
 9  0  0  0  0  0  2  0  6  7  1  0
 9  0  0  0  0  0  2  0  0  0  1  0
 0  5  0  0  0  3  0  0  0  0  1  4
 0  0  0  0  8  3  0 11  0  0  1  4
 0  5  0 12  0  3  2  0  0  7  1  0
 0  0  0  0  0  3  2  0  0  0  1  0
0.4	0.7	0.8	0.4	0.3	0.5	0.4	0.6	0.3	0.1	0.7	0.5	
0.255	0.752	0.411	0.191	0.627	0.584	0.304	0.029	
------target--------
3
------result--------
4	
------details--------
0.549253 0.548446 0.636337 0.632987 0.548596 0.548779 0.548402 0.549406
0.551796 0.550892 0.304731 0.209923 0.550998 0.551099 0.550898 0.551546
9.05825e-07 2.91791e-06   0.0434121   0.0592388 2.66037e-06 2.21958e-06 3.05967e-06 1.57655e-07
------result2--------
1	4	
------details2--------
0.548253        0 0.636337 0.548403 0.548587 0.548208 0.549215 0.548253 0.635884  0.63248  0.54759 0.547775 0.547394 0.548408 0.636337 0.635884        0 0.635969 0.636122 0.635977 0.636321 0.636337  0.63248        0 0.632572 0.632729 0.632561 0.632969 0.548403  0.54759 0.635969 0.632572 0.547965        0 0.548596 0.548587 0.547775 0.636122 0.632729 0.547965  0.54777 0.548779 0.548208 0.547394 0.635977 0.632561 0.548402  0.54777 0.548402 0.549215 0.548408 0.636321 0.632969        0        0        0
0.550702 0.549253 0.205774 0.550809  0.55091 0.550709 0.551359  0.55081 0.304444 0.209728 0.550004 0.550107 0.549904 0.550557        0 0.636991 0.636337 0.637008 0.636869 0.636836 0.637209 0.594697  0.63372 0.632987 0.633745 0.633626 0.633578 0.633978 0.550959 0.550047 0.304493  0.20976 0.550261 0.548596        0 0.551142 0.550231 0.304567 0.209804 0.550344 0.550244        0 0.550769 0.549854 0.304465  0.20973        0 0.550068        0 0.551759 0.550855 0.304721 0.209916 0.549406 0.549406 0.549406
 0.55081        0 0.594697 0.550959 0.551142 0.550769 0.551759 0.550702 0.636991  0.63372 0.550047 0.550231 0.549854 0.550855 0.205774 0.304444 0.594697 0.304493 0.304567 0.304465 0.304721 0.205774 0.209728        0  0.20976 0.209804  0.20973 0.209916 0.550809 0.550004 0.637008 0.633745 0.550344        0 0.550969  0.55091 0.550107 0.636869 0.633626 0.550261 0.550068  0.55107 0.550709 0.549904 0.636836 0.633578 0.550352 0.550244  0.55087 0.551359 0.550557 0.637209 0.633978        0        0        0
0.553257 0.551796 0.284766 0.553363 0.553465 0.553266 0.553909 0.553257 0.305154 0.210211 0.552457 0.552558 0.552358 0.553005 0.551796 0.305154 0.209923 0.305175 0.305148 0.305111 0.305315 0.284766 0.210211 0.209923 0.210227 0.210225 0.210198 0.210324 0.553363 0.552457 0.305175 0.210227 0.552471 0.550998 0.551546 0.553465 0.552558 0.305148 0.210225 0.552471  0.55241 0.551546 0.553266 0.552358 0.305111 0.210198 0.550998  0.55241 0.551546 0.553909 0.553005 0.305315 0.210324 0.551546 0.551546 0.551546
3.83311e-06 9.05825e-07   0.0596298 3.57498e-06 3.13386e-06 3.97686e-06 1.06401e-06 3.83311e-06   0.0434127   0.0592395 5.60094e-06 5.15851e-06 6.00585e-06 3.07693e-06   0.0578744   0.0434127   0.0594577   0.0434126   0.0434123   0.0434125   0.0434121   0.0596298   0.0592395   0.0592388   0.0592394   0.0592391   0.0592393   0.0592388 3.57498e-06 5.60094e-06   0.0434126   0.0592394 4.71973e-06 2.66037e-06 2.67147e-06 3.13386e-06 5.15851e-06   0.0434123   0.0592391 4.71973e-06 5.13292e-06 2.22706e-06 3.97686e-06 6.00585e-06   0.0434125   0.0592393 3.10554e-06 5.13292e-06 3.07504e-06 1.06401e-06 3.07693e-06   0.0434121   0.0592388 1.57655e-07 1.57655e-07 1.57655e-07
