8	12	8	1
 0  1  0  0  4  5  0  7  0 10  0  0
 6  1  0  0  0  0  2  7  8  0  0  0
 0  1  0  0  4  0  0  0  0  0  0  0
 0  1  0  0  0  0  2  0  8  0  0 12
 0  0  3  0  0  5  0  0  0  0 11  0
 6  0  0  0  0  0  2  0  0  0  0  0
 0  0  3  0  0  0  0  0  0  0  0  0
 0  0  0  9  0  0  2  0  0  0  0  0
0.9	0.4	0.1	0.8	0.8	0.4	0.6	0.8	0.5	0.5	0.6	0.4	
0.341	0.374	0.872	0.055	0.788	0.865	0.242	0.992	
------target--------
2
------result--------
4	
------details--------
0.582724 0.678605  0.58295 0.643535 0.583311 0.581597 0.584067 0.582912
0.585268 0.515893 0.585377 0.107777 0.585538 0.586529 0.586162 0.585317
 3.2986e-06   0.0134252 3.02613e-06   0.0618988 2.35627e-06 1.25134e-05 2.08464e-07 2.97527e-06
------result2--------
4	2	
------details2--------
  0.67809  0.582724  0.642495  0.581905  0.580184  0.582673  0.581504   0.67809  0.678074         0  0.678454  0.678605  0.678637   0.67813         0  0.678074  0.642614  0.582134  0.580413  0.582899  0.581734  0.642495  0.677861  0.642614  0.643006  0.677861  0.643522  0.642621  0.581905  0.678454  0.582134  0.643006  0.580778  0.583311  0.582095  0.580184         0  0.580413  0.677861  0.580778  0.581546  0.580375  0.582673  0.678637  0.582899  0.643522         0  0.581546  0.582861  0.581504   0.67813  0.581734  0.642621  0.582095  0.580375  0.582861
 0.514665         0  0.107959  0.584153  0.585134  0.584801  0.583928  0.679025  0.679172  0.678605  0.678867         0  0.677286  0.679072   0.58295  0.514884  0.107904  0.584377   0.58536  0.585018  0.584153  0.644394  0.614016  0.644529  0.644467  0.614016  0.644055  0.644445  0.584465   0.51515  0.584574   0.10792  0.585721         0  0.584514  0.582755  0.581597  0.582865 0.0752057  0.583029  0.583655  0.582805  0.585219  0.515836  0.585328  0.107796  0.584067  0.586479  0.585268  0.584065  0.514837  0.584175  0.107927   0.58434  0.585322  0.584984
 0.679025  0.584482  0.644394  0.584465  0.582755  0.585219  0.584065  0.514665  0.514884  0.614016   0.51515         0  0.515836  0.514837         0  0.679172  0.644529  0.584574  0.582865  0.585328  0.584175  0.107959  0.715828  0.107904   0.10792 0.0752057  0.107796  0.107927  0.584153  0.678867  0.584377  0.644467  0.583029  0.585494   0.58434  0.585134         0   0.58536  0.614016  0.585721  0.586479  0.585322  0.584801  0.677286  0.585018  0.644055         0  0.583655  0.584984  0.583928  0.679072  0.584153  0.644445  0.584514  0.582805  0.585268
 0.516919  0.585377  0.107623    0.5867  0.587694  0.587325  0.586478  0.516919  0.516993 0.0591661  0.517217  0.586529  0.518281  0.516955  0.585377  0.516993  0.107637  0.586808  0.587803  0.587432  0.586586  0.107623 0.0591661  0.107637  0.107519   0.18547  0.106965  0.107624    0.5867  0.517217  0.586808  0.107519  0.587969  0.586162  0.586748  0.587694  0.586529  0.587803   0.18547  0.587969  0.588622  0.587743  0.587325  0.518281  0.587432  0.106965  0.586162  0.588622  0.587372  0.586478  0.516955  0.586586  0.107624  0.586748  0.587743  0.587372
  0.0134268  3.3952e-06   0.0619005 5.68465e-06 1.58706e-05 3.51131e-06 6.30526e-06   0.0134268   0.0134267    0.073781   0.0134263   0.0692946   0.0134254   0.0134267 3.02613e-06   0.0134267   0.0619006 5.40709e-06 1.55897e-05 3.23793e-06 6.02789e-06   0.0619005   0.0738082   0.0619006   0.0618998    0.065212   0.0618988   0.0619004 5.68465e-06   0.0134263 5.40709e-06   0.0618998 1.49174e-05 2.37654e-06 5.35765e-06 1.58706e-05 1.25134e-05 1.55897e-05    0.065212 1.49174e-05 1.27282e-05 1.55406e-05 3.51131e-06   0.0134254 3.23793e-06   0.0618988 2.08464e-07 1.27282e-05 3.18738e-06 6.30526e-06   0.0134267 6.02789e-06   0.0619004 5.35765e-06 1.55406e-05 3.18738e-06
