8	12	8	1
 0  0  8  4  0  0  0  0  2  0  3  0
 0  7  0  4  0  0  6  0  0  0  3  0
 0  0  0  0 12  0  0  0  2  0  3  0
 0  7  0  0  0  0  0  0  0 10  3  9
 1  0  8  0  0  5  0  0  2  0  0  0
 1  0  0  0  0  0  6  0  0  0  0  0
 1  0  0  0  0  5  0  0  2  0  0  0
 1  0  0  0  0  0  0 11  0  0  0  9
0.2	0.8	0.1	0.1	0.5	0.4	0.9	0.3	0.8	0.8	0.5	0.4	
0.904	0.558	0.343	0.173	0.176	0.953	0.067	0.015	
------target--------
2
------result--------
4	
------details--------
0.443136 0.618412 0.443014 0.546769 0.443071 0.436748 0.443315 0.443367
0.445561 0.365088  0.44547  0.17477 0.445553 0.448536 0.445728 0.445778
1.06784e-06   0.0277903 1.53944e-06   0.0606004  1.3484e-06 6.92991e-05 2.96907e-07 5.07086e-08
------result2--------
2	6	
------details2--------
0.618619  0.44277 0.546669        0 0.436505 0.443071 0.443125 0.618619 0.618373        0  0.61862 0.618412 0.618412 0.618414  0.44277 0.618373 0.546489 0.442706 0.436378 0.442951 0.443004 0.546669 0.612494 0.546489 0.546622 0.612494 0.546723 0.546762        0  0.61862 0.442706 0.546622  0.43644 0.443071 0.443061 0.436505        0 0.436378 0.612494  0.43644 0.436684 0.436737 0.443071 0.618412 0.442951 0.546723        0 0.436684 0.443305 0.443125 0.618414 0.443004 0.546762 0.443061 0.436737 0.443305
 0.36491 0.445234 0.174777 0.443136 0.448282 0.445523 0.445547 0.616581 0.618633 0.618412 0.616968        0 0.618424 0.617919 0.445206 0.364836 0.174757 0.445198 0.448164  0.44537 0.445422 0.547665 0.505721 0.548375 0.547805 0.505721 0.548479 0.548317 0.443071 0.364865  0.44517 0.174776 0.448216        0 0.445484 0.438909 0.436748 0.438857 0.131853 0.438909 0.439117 0.439161 0.445507 0.365045 0.445408 0.174769 0.443315 0.448472 0.445718 0.445551 0.365081  0.44546  0.17477 0.445543 0.448525 0.445718
0.616581 0.445206 0.547665        0 0.438909 0.445507 0.445551  0.36491 0.364836 0.505721 0.364865        0 0.365045 0.365081 0.445234 0.618633 0.548375  0.44517 0.438857 0.445408  0.44546 0.174777  0.67063 0.174757 0.174776 0.131853 0.174769  0.17477 0.445523 0.616968 0.445198 0.547805 0.438909 0.445507 0.445543 0.448282        0 0.448164 0.505721 0.448216 0.448472 0.448525 0.445523 0.618424  0.44537 0.548479        0 0.439117 0.445718 0.445547 0.617919 0.445422 0.548317 0.445484 0.439161 0.445718
0.366713 0.447671 0.174703 0.445561 0.450857 0.447963 0.447982 0.366713 0.366549 0.111481 0.366688 0.448536 0.366732 0.366782 0.447671 0.366549 0.174848 0.447664 0.450693 0.447834 0.447882 0.174703 0.111481 0.174848 0.174728 0.233001 0.174828 0.174781 0.445561 0.366688 0.447664 0.174728 0.450836 0.445728 0.447972 0.450857 0.448536 0.450693 0.233001 0.450836 0.450965 0.451032 0.447963 0.366732 0.447834 0.174828 0.445728 0.450965 0.448124 0.447982 0.366782 0.447882 0.174781 0.447972 0.451032 0.448124
   0.027791 2.61731e-06   0.0606005 1.06784e-06  7.0435e-05 1.37438e-06 1.11902e-06    0.027791   0.0277908   0.0870284    0.027791   0.0944105   0.0277904   0.0277903 2.61731e-06   0.0277908   0.0606011 2.89954e-06 7.09042e-05 1.83811e-06 1.59049e-06   0.0606005   0.0872344   0.0606011   0.0606006    0.066933   0.0606005   0.0606004 1.34845e-06    0.027791 2.89954e-06   0.0606006  7.0728e-05 1.35041e-06 1.39964e-06  7.0435e-05 6.92991e-05 7.09042e-05    0.066933  7.0728e-05 6.96094e-05 6.93523e-05 1.37438e-06   0.0277904 1.83811e-06   0.0606005 2.96907e-07 6.96094e-05 3.47688e-07 1.11902e-06   0.0277903 1.59049e-06   0.0606004 1.39964e-06 6.93523e-05 3.47688e-07
