8	12	8	1
 3  0  0  0  0  0  0  0  0  5  0  1
 0  0  0  0  0  0  4  0  0  5  0  1
 3  0  0 12  0  0  0  0  0  0  0  1
 0  0  0  0  0  0  4  0  0  0  0  1
 0  0  0  0  2  0  0  8  0  0  6  1
 0  7  0  0  2 11  0  0  0  0  6  1
 0  0  0  0  2  0  0  0  9  0  0  1
 0  7 10  0  2  0  0  0  0  0  0  1
0.2	0.9	0.6	0.8	1	0.1	0.1	0.5	1	0.6	0.5	0.5	
0.99	0.494	0.499	0.05	0.47	0.719	0.343	0.187	
------target--------
2
------result--------
1	
------details--------
0.612759 0.612892 0.488024 0.488737 0.488276 0.488589 0.488159 0.488521
 0.39437 0.395135 0.490537 0.490993 0.490673 0.490943 0.490669 0.490897
  0.0235988   0.0234317 2.59154e-06 4.93632e-08 1.81691e-06 6.95377e-07 2.26283e-06 9.75921e-07
------result2--------
1	4	
------details2--------
       0 0.612351 0.612892 0.612611  0.61286 0.612367  0.61266        0 0.612486 0.612892 0.612746 0.612995 0.612501 0.612793 0.612351 0.612486 0.488013 0.487548 0.487863 0.487432 0.487795 0.612892        0 0.488013 0.488265 0.488578 0.488148  0.48851 0.612611 0.612746 0.487548 0.488265 0.488116 0.487685 0.488048  0.61286 0.612995 0.487863 0.488578 0.488116 0.487999 0.488362 0.612367 0.612501 0.487432 0.488148 0.487685 0.487999 0.487931  0.61266 0.612793 0.487795  0.48851 0.488048 0.488362 0.487931
0.612759 0.613757 0.587391 0.613356 0.611386 0.614028  0.61369 0.612892 0.613886        0 0.613482   0.6115 0.614157 0.613816 0.393934   0.3947 0.490282 0.489954 0.490232 0.489948 0.490178 0.394309 0.488737 0.490526 0.490662 0.490933 0.490658 0.490886 0.394095 0.394862 0.490068 0.490534 0.490484   0.4902  0.49043 0.394271 0.395039 0.490381 0.490847 0.490518 0.490513 0.490742  0.39401 0.394775  0.48995 0.490413 0.490088 0.490363 0.490312 0.394236 0.395002 0.490311 0.490771 0.490448 0.490721 0.490443
       0 0.393934 0.394309 0.394095 0.394271  0.39401 0.394236 0.587391   0.3947 0.394309 0.394862 0.395039 0.394775 0.395002 0.613757 0.613886 0.490526 0.490068 0.490381  0.48995 0.490311 0.587391        0 0.490282 0.490534 0.490847 0.490413 0.490771 0.613356 0.613482 0.489954 0.490662 0.490518 0.490088 0.490448 0.611386   0.6115 0.490232 0.490933 0.490484 0.490363 0.490721 0.614028 0.614157 0.489948 0.490658   0.4902 0.490513 0.490443  0.61369 0.613816 0.490178 0.490886  0.49043 0.490742 0.490312
 0.39437 0.395457 0.407643 0.395505 0.395772 0.395555 0.395648  0.39437 0.396218 0.490993 0.396261 0.396485 0.396317 0.396406 0.395457 0.396218 0.492798 0.492476 0.492746 0.492471 0.492699 0.407643 0.490993 0.492798 0.492937 0.493245 0.492929 0.493159 0.395505 0.396261 0.492476 0.492937 0.492884 0.492607 0.492836 0.395772 0.396485 0.492746 0.493245 0.492884 0.492878 0.493106 0.395555 0.396317 0.492471 0.492929 0.492607 0.492878 0.492831 0.395648 0.396406 0.492699 0.493159 0.492836 0.493106 0.492831
  0.0235988   0.0235998   0.0236029   0.0235993   0.0235991   0.0235998   0.0235991   0.0236019   0.0234327   0.0235242   0.0234322    0.023432   0.0234327    0.023432   0.0235998   0.0234327 2.64151e-06 4.42289e-06 3.29523e-06 4.86755e-06 3.57454e-06   0.0236029 4.93632e-08 2.64151e-06 1.86688e-06   7.454e-07 2.31263e-06 1.02556e-06   0.0235993   0.0234322 4.42289e-06 1.86688e-06 2.52068e-06 4.09081e-06 2.79906e-06   0.0235991    0.023432 3.29523e-06   7.454e-07 2.52068e-06 2.96422e-06 1.67507e-06   0.0235998   0.0234327 4.86755e-06 2.31263e-06 4.09081e-06 2.96422e-06 3.24424e-06   0.0235991    0.023432 3.57454e-06 1.02556e-06 2.79906e-06 1.67507e-06 3.24424e-06
