8	12	8	1
 8  0  0  3  0  0  0  0  0  0  9  0
 8  0  0  0  0  0  0  0  7  0  0  0
 0  1  0  3  0  0  0  0  0  0  0  0
 0  1  0  0  0  5  0  0  7  0  0  0
 0  0  0  0  0  0  6  0  0  2  9  0
 0  0  0  0  4  0  0  0  0  2  0  0
 0  1 11  0  0  0  6  0  0  2  0 10
 0  1  0  0  4  5  0 12  0  2  0 10
0.8	0.4	0.8	0.3	0.6	0.5	1	0.6	0.5	1	1	0.2	
0.339	0.021	0.109	0.404	0.002	0.022	0.339	0.983	
------target--------
1
------result--------
5	
------details--------
  0.793657   0.612763   0.613408   0.612854   0.790221   0.613504   0.612701   0.611688
  0.108088   0.617114   0.618123   0.616965 0.00449407   0.617435   0.616922   0.616057
   0.201817 5.97026e-06   1.458e-06 5.06933e-06    0.262487 4.47498e-07 6.09218e-06 9.85735e-06
------result2--------
1	5	
------details2--------
  0.793717   0.793657   0.793717          0   0.793651   0.793545   0.793754          0   0.612609   0.612763   0.791583   0.612708   0.611896    0.61087          0   0.612609     0.6127   0.792289   0.613353   0.612547   0.611532   0.793717          0     0.6127   0.790181   0.612798   0.611987   0.610962          0   0.791583   0.792289   0.790181   0.790211   0.790064   0.790199   0.793651   0.612708   0.613353   0.612798   0.790211   0.612645          0   0.793545   0.611896   0.612547   0.611987   0.790064   0.612645    0.61081   0.793754    0.61087   0.611532   0.610962   0.790199   0.611688    0.61081
  0.793371          0   0.793371   0.793657   0.794103   0.794094   0.793529   0.612763   0.617362          0 0.00446747   0.616657    0.61614   0.615272   0.613408   0.616969   0.616817 0.00445822   0.617288   0.616774   0.615908   0.110188   0.612854   0.617436  0.0044931   0.616746   0.616229   0.615362   0.790221   0.784229   0.732919   0.790412   0.790868    0.79083   0.790249   0.108096   0.617061    0.61807   0.616911 0.00449388   0.616868   0.613504   0.108207    0.61627   0.617284   0.616122 0.00449112   0.616592   0.615207   0.108554   0.615277   0.616294   0.615132 0.00448778          0   0.615076
 0.0824605  0.0371415   0.110188   0.723293   0.108096   0.108207   0.108554   0.793371   0.616969   0.619379   0.784229   0.617061    0.61627   0.615277          0   0.617362   0.617436   0.732919    0.61807   0.617284   0.616294   0.793371          0   0.616817   0.790412   0.616911   0.616122   0.615132          0 0.00446747 0.00445822  0.0044931 0.00449388 0.00449112 0.00448778   0.794103   0.616657   0.617288   0.616746   0.790868   0.616592          0   0.794094    0.61614   0.616774   0.616229    0.79083   0.616868   0.615076   0.793529   0.615272   0.615908   0.615362   0.790249   0.616011   0.615207
  0.205301   0.618123  0.0974981 0.00449407   0.107502   0.107609   0.107447   0.205301   0.621713   0.616965 0.00462002   0.621027   0.620519   0.619659   0.618123   0.621713   0.621617 0.00604879   0.622055   0.621546   0.620695  0.0974981   0.616965   0.621617 0.00449884   0.620873   0.620366   0.619506 0.00449407 0.00462002 0.00604879 0.00449884 0.00450757 0.00450586 0.00450267   0.107502   0.621027   0.622055   0.620873 0.00450757   0.620829   0.617435   0.107609   0.620519   0.621546   0.620366 0.00450586   0.620829    0.61946   0.107447   0.619659   0.620695   0.619506 0.00450267   0.617435    0.61946
   0.204774    0.233848    0.201848    0.262991    0.201817    0.201818    0.201818   0.0286296 7.45023e-06 6.10132e-06    0.262506 6.42273e-06 1.21291e-05 1.59593e-05   1.458e-06 7.45023e-06 6.54648e-06     0.26275 1.90679e-06  7.5675e-06 1.13508e-05    0.201848 5.06933e-06 6.54648e-06    0.262487 5.52131e-06 1.12218e-05  1.5046e-05    0.262487    0.262506     0.26275    0.262487    0.262487    0.262487    0.262487    0.201817 6.42273e-06 1.90679e-06 5.52131e-06    0.262487 6.54408e-06 4.47498e-07    0.201818 1.21291e-05  7.5675e-06 1.12218e-05    0.262487 6.54408e-06  1.6062e-05    0.201818 1.59593e-05 1.13508e-05  1.5046e-05    0.262487 9.91504e-06  1.6062e-05
