8	12	8	1
 0  0  1  0  0  0  0  0  0  7  0  0
 0  0  1  0  0  0  0  0  3  7  8  0
 0  0  1  0  0  2  0  0  0  0  0  0
 0  0  1  6  0  2  0  0  3  0  0  0
 4  0  1  0  0  0  0  5  0  0  0 12
 4  0  1  0  0  0 10  0  3  0  8  0
 0  0  1  0 11  2  0  5  0  0  0  0
 0  9  1  6  0  2  0  0  3  0  0  0
0.7	1	0.9	1	0.6	0.7	0.4	1	0.7	0.8	0.8	0.9	
0.994	0.432	0.409	0.177	0.975	0.26	0.013	0.565	
------target--------
2
------result--------
6	
------details--------
 0.53042 0.690578  0.53444 0.534155 0.533639 0.634847 0.534427 0.533425
0.539027 0.448849 0.536785  0.53664 0.536281 0.212947 0.536779 0.536241
3.70345e-05   0.0274813 2.08475e-06 2.83466e-06 3.49678e-06   0.0671299  2.1249e-06 3.90481e-06
------result2--------
2	1	
------details2--------
       0 0.529817 0.529526 0.529002 0.687005 0.529803 0.528784 0.690578 0.690343 0.690204 0.690005        0 0.690341 0.689955 0.529817 0.690343        0 0.533041 0.634354        0        0 0.529526 0.690204 0.534155 0.532753 0.634105 0.534142        0 0.529002 0.690005 0.533041 0.532753 0.633676 0.533027 0.532015 0.687005 0.687005 0.634354 0.634105 0.633676 0.634344 0.633512 0.529803 0.690341 0.534427 0.534142 0.533027 0.634344 0.533412 0.528784 0.689955 0.533425 0.533425 0.532015 0.633512 0.533412
 0.53042 0.532191 0.532044 0.531679 0.167395 0.532185 0.531639        0 0.691268 0.691257 0.691086 0.690578 0.691255 0.691041 0.538429 0.448451  0.53444  0.53569 0.213082  0.53444  0.53444 0.538142 0.448257        0 0.535405 0.213128  0.53619 0.534155 0.537619 0.447908 0.535397  0.53525  0.21325 0.535391 0.534849 0.596328 0.596328 0.636304 0.636204 0.635894 0.636295 0.635848 0.538416 0.448442        0 0.536263 0.535677 0.213088 0.535796 0.537403 0.447766        0        0 0.534676 0.213323 0.535403
       0 0.538429 0.538142 0.537619 0.596328 0.538416 0.537403        0 0.448451 0.448257 0.447908 0.596328 0.448442 0.447766 0.532191 0.691268        0 0.535397 0.636304        0        0 0.532044 0.691257 0.536277  0.53525 0.636204 0.536263        0 0.531679 0.691086  0.53569 0.535405 0.635894 0.535677 0.534676 0.167395 0.726537 0.213082 0.213128  0.21325 0.213088 0.213323 0.532185 0.691255 0.536493  0.53619 0.535391 0.636295 0.535403 0.531639 0.691041  0.53581 0.535594 0.534849 0.635848 0.535796
0.539027 0.540811 0.540663   0.5403 0.278838 0.540805 0.540261 0.539027 0.450037 0.449942 0.449699 0.131951 0.450032  0.44967 0.540811 0.450037 0.536785 0.538044 0.212545 0.536785 0.536785 0.540663 0.449942 0.536785 0.537899 0.212613 0.536789  0.53664   0.5403 0.449699 0.538044 0.537899 0.212673 0.538039   0.5375 0.278838 0.131951 0.212545 0.212613 0.212673 0.212539 0.212662 0.540805 0.450032 0.536785 0.536789 0.538039 0.212539 0.536794 0.540261  0.44967 0.536785  0.53664   0.5375 0.212662 0.536794
3.70345e-05 3.91795e-05  3.9949e-05 4.06309e-05   0.0725517 3.92212e-05  4.1053e-05    0.100361   0.0274821   0.0274824   0.0274826   0.0942428   0.0274821   0.0274827 3.91795e-05   0.0274821 2.08475e-06 5.60002e-06   0.0671312 2.08475e-06 2.08475e-06  3.9949e-05   0.0274824 2.87196e-06 6.35593e-06   0.0671316 2.90928e-06 2.83466e-06 4.06309e-05   0.0274826 5.60002e-06 6.35593e-06    0.067132 5.64062e-06 7.43646e-06   0.0725517   0.0943523   0.0671312   0.0671316    0.067132   0.0671312   0.0671322 3.92212e-05   0.0274821 2.12571e-06 2.90928e-06 5.64062e-06   0.0671312 4.20865e-06  4.1053e-05   0.0274827 4.17367e-06 4.20071e-06 7.43646e-06   0.0671322 4.20865e-06
