8	12	8	1
 0  2  3  0  0  0  0  7  0  0  4  0
 0  2  0  0  0  0  0  0  8  0  4  0
 0  2  3  0  0  0  0  0  0  0  0  0
 0  2  0  0  0 11  6  0  0  0  0  0
 1  0  3  0  0  0  0  7  0  0  4 10
 1  0  0  9  0  0  0  0  8 12  4 10
 1  0  3  0  5  0  0  0  0  0  0  0
 1  0  0  9  5  0  6  0  0  0  0  0
0.7	1	0.9	0.5	0.9	0.4	0.8	0.4	0.3	0.3	0.8	0.7	
0.91	0.363	0.796	0.805	0.041	0.298	0.155	0.143	
------target--------
7
------result--------
8	
------details--------
0.797223 0.798578 0.797521 0.798364 0.797207 0.795032 0.884456 0.854254
0.799435 0.799661 0.799714  0.79959 0.799422 0.810612 0.736384 0.421944
 3.3977e-06 3.38636e-07 3.72188e-06 9.11783e-07 3.37143e-06 0.000137072   0.0174975   0.0528104
------result2--------
6	8	
------details2--------
 0.79711 0.797223 0.796888        0 0.792511 0.883043 0.881683  0.79711  0.79741 0.798251 0.797094        0 0.884496 0.854203        0  0.79741  0.79719        0 0.792781        0 0.883081 0.796888 0.798251  0.79719 0.796871 0.794677 0.884512 0.854099 0.797207 0.797094 0.797207 0.796871        0 0.882931 0.881572 0.792511 0.795032 0.792781 0.794677 0.792511 0.883109 0.853954 0.883043 0.884496 0.884456 0.884512 0.882931 0.883109        0 0.881683 0.854203 0.883081 0.854099 0.881572        0 0.883081
0.798184        0 0.798132 0.797223 0.811874        0 0.347182 0.799322 0.799599 0.799479 0.799308 0.798578 0.736286 0.422727 0.797521 0.798473 0.798425 0.797521 0.812528 0.797521 0.343817 0.799109 0.799342 0.799387 0.799095 0.810281 0.736097 0.422368        0 0.798167        0 0.798116 0.797207        0  0.34757  0.79629        0 0.796976 0.796004  0.79629 0.732271        0 0.888141 0.884115        0 0.884304 0.888164 0.888644 0.884456 0.841021 0.854694 0.830619 0.854681 0.841454 0.854254 0.830619
0.799322 0.798293 0.799109        0  0.79629 0.888141 0.841021 0.798184 0.798473 0.799342 0.798167        0 0.884115 0.854694        0 0.799599 0.799387        0 0.796976        0 0.830619 0.798132 0.799479 0.798425 0.798116 0.796004 0.884304 0.854681 0.798034 0.799308  0.79828 0.799095  0.79629 0.888164 0.841454 0.811874 0.819236 0.812528 0.810281 0.813089 0.888644 0.855596        0 0.736286        0 0.736097        0 0.732271 0.830619 0.347182 0.422727 0.343817 0.422368  0.34757        0 0.903629
 0.80043 0.799714 0.800345 0.799435 0.809935 0.780495 0.474786  0.80043 0.800717 0.800566 0.800417 0.799661 0.737241 0.414951 0.799714 0.800717 0.800621 0.799714 0.808865 0.799714 0.528103 0.800345 0.800566 0.800621 0.800331 0.811546 0.737185 0.420751 0.799435 0.800417 0.799714 0.800331 0.809441 0.779533 0.472758 0.809935 0.799661 0.808865 0.811546 0.809441 0.750263 0.716113 0.780495 0.737241 0.799714 0.737185 0.779533 0.750263 0.286732 0.474786 0.414951 0.528103 0.420751 0.472758 0.716113 0.286732
3.74507e-06 4.05423e-06 4.32908e-06  3.3977e-06 0.000145164   0.0640005   0.0551697 3.74507e-06 4.06684e-06 1.25514e-06  3.7191e-06 3.38636e-07   0.0174977    0.052812 3.72188e-06 4.06684e-06 4.64777e-06 3.72188e-06 0.000149901 3.72188e-06   0.0574172 4.32908e-06 1.25514e-06 4.64777e-06 4.30288e-06 0.000138119   0.0174979   0.0528108 3.41145e-06  3.7191e-06 4.06668e-06 4.30288e-06 6.94764e-05   0.0629807   0.0550771 0.000145164 0.000209096 0.000149901 0.000138119  0.00014673   0.0175951   0.0951481   0.0640005   0.0174977   0.0844924   0.0174979   0.0629807   0.0175951   0.0736245   0.0551697    0.052812   0.0574172   0.0528108   0.0550771   0.0951467   0.0736814
