8	12	8	1
 0  0  0  0  0  1  6  0  3 12  0 10
 0  5  8 11  0  1  0  0  3  0  0 10
 4  0  0  0  0  1  6  0  3  0  0  0
 0  5  0  0  0  1  0  7  3  0  0  0
 0  0  0  0  2  1  0  0  0  0  0  0
 0  0  8  0  2  1  0  0  0  0  0  0
 4  0  0  0  2  1  0  0  0  0  9  0
 0  0  0  0  2  1  0  7  0  0  9  0
0.4	0.2	1	0.4	0.4	0.5	0.5	0.6	0.8	0.3	0.3	0.1	
0.871	0.106	0.158	0.458	0.709	0.795	0.078	0.14	
------target--------
6
------result--------
2	
------details--------
 0.313162  0.519946  0.313691  0.313317  0.310321  0.557437  0.310239  0.309622
 0.315731 0.0296601  0.316143  0.315853  0.323651  0.146405  0.322299  0.318791
3.11875e-06    0.164673 1.05984e-06 2.62144e-06 8.06491e-05   0.0956922 7.11348e-05 4.85494e-05
------result2--------
2	6	
------details2--------
   0.5196  0.313162   0.31258  0.309578  0.557543  0.309494  0.308872    0.5196  0.519795  0.519424  0.555323  0.555323  0.554659  0.554457         0  0.519795  0.313113  0.310115  0.557372  0.310032  0.309415   0.31258  0.519424  0.313113  0.309728  0.557314  0.309622         0  0.309578  0.555323  0.310115  0.309728         0         0         0  0.557543         0  0.557372  0.557314  0.557437  0.556767  0.556574  0.309494  0.554659  0.310032  0.309622  0.310239  0.556767         0  0.308872  0.554457  0.309415  0.309622  0.309622  0.556574         0
0.0297512         0  0.315127  0.322868  0.146461  0.321522  0.318035  0.520808  0.521611  0.521711  0.445676  0.445676   0.45674  0.486282  0.313691 0.0296725  0.315651  0.323438  0.146389  0.322088  0.318583  0.315158 0.0297039   0.31557  0.323035  0.146644  0.321592  0.313317  0.312171 0.0267634  0.312588  0.312316  0.310321  0.310321  0.310321  0.557176  0.557437  0.558149  0.557848         0  0.571021  0.559759   0.31209 0.0268176  0.312507  0.312261         0         0  0.310239  0.311478  0.026842  0.311895         0         0         0  0.309622
 0.520808  0.315562  0.315158  0.312171  0.557176   0.31209  0.311478 0.0297512 0.0296725 0.0297039 0.0267634  0.613523 0.0268176  0.026842         0  0.521611   0.31557  0.312588  0.558149  0.312507  0.311895  0.315127  0.521711  0.315651  0.312316  0.557848  0.312261         0  0.322868  0.445676  0.323438  0.323035         0         0         0  0.146461  0.445676  0.146389  0.146644         0         0         0  0.321522   0.45674  0.322088  0.321592   0.31196  0.571021         0  0.318035  0.486282  0.318583  0.321592  0.312208  0.559759  0.312261
0.0294291  0.316143  0.317711   0.32566  0.146263  0.324294  0.320724 0.0294291 0.0295218 0.0295104 0.0417965 0.0083476 0.0390636 0.0337111  0.316143 0.0295218  0.318121  0.326035  0.146579  0.324671  0.321118  0.317711 0.0295104  0.318121    0.3258  0.145582  0.324907  0.315853   0.32566 0.0417965  0.326035    0.3258  0.323651  0.323651  0.323651  0.146263 0.0083476  0.146579  0.145582  0.323651  0.305528  0.243995  0.324294 0.0390636  0.324671  0.324907  0.323651  0.305528  0.322299  0.320724 0.0337111  0.321118  0.315853  0.323651  0.243995  0.322299
   0.164674 3.16464e-06 5.76697e-06   8.396e-05   0.0956923 7.44523e-05 5.18555e-05    0.164674    0.164673    0.164674    0.167962    0.194414    0.167406    0.166106 1.05984e-06    0.164673  3.6882e-06  8.1756e-05   0.0956923 7.22425e-05 4.96557e-05 5.76697e-06    0.164674  3.6882e-06  8.3481e-05   0.0956927   7.444e-05 2.62144e-06   8.396e-05    0.167962  8.1756e-05  8.3481e-05 8.06491e-05 8.06491e-05 8.06491e-05   0.0956923    0.194315   0.0956923   0.0956927    0.173681    0.167687    0.144884 7.44523e-05    0.167406 7.22425e-05   7.444e-05 8.08797e-05    0.167687 7.11348e-05 5.18555e-05    0.166106 4.96557e-05 5.73788e-05 8.29021e-05    0.144884 7.31632e-05
