8	12	8	1
 0  0  0  0  0  0  7  0  0  0  0  4
 0  0  0  2  0  6  0  0  0 12  0  4
 1  0  0  0  5  0  0  0  0  0  0  4
 1  0  0  2  0  0  0  0  0  0  0  4
 0  0  0  0  0  0  7  3  0  0  9  0
 0 10  0  2  0  6  0  3 11  0  9  0
 1  0  8  0  5  0  0  3  0  0  0  0
 1 10  8  2  0  0  0  3  0  0  0  0
0.9	0.7	0.1	0.9	0.6	0.1	0.3	0.7	0.6	0.1	0.4	0.5	
0.26	0.683	0.093	0.677	0.133	0.943	0.068	0.513	
------target--------
3
------result--------
7	
------details--------
0.873481 0.873482 0.913473 0.873528 0.873634 0.873181  0.90619 0.873275
0.874087 0.874092 0.800793 0.874074 0.874324 0.874056 0.138375 0.874618
3.87217e-07 3.91829e-07    0.012549  2.9619e-07 1.97538e-07 8.33477e-07   0.0641793 1.78057e-06
------result2--------
7	3	
------details2--------
 0.873435  0.913351  0.873481         0  0.872956  0.913314  0.873013  0.873435  0.913434  0.873482  0.873396  0.872958  0.913397  0.873012  0.913351  0.913434  0.913473  0.913355  0.913427         0  0.913381         0         0         0  0.873442  0.873006  0.913436   0.87306  0.873442  0.873396  0.913355  0.873442         0   0.90578  0.873203  0.872956  0.872958  0.913427  0.873006  0.873147  0.905981  0.872948  0.913314  0.913397  0.913436  0.913436   0.90578  0.905981         0  0.873013  0.873012  0.913381   0.87306  0.873203         0  0.906074
 0.874185         0         0  0.873481   0.87383  0.118454  0.874471   0.87413         0         0  0.874135   0.87383  0.118528  0.874474  0.915182  0.914068         0  0.914369  0.913504  0.913473  0.913669  0.873528  0.873528  0.873528  0.874181  0.873875  0.117911  0.874517  0.874018  0.874032  0.804048  0.874018  0.873634  0.140054  0.874545  0.873559  0.873563  0.800357  0.873542  0.873779  0.145751  0.906563  0.894261  0.893931  0.891405  0.891405  0.909823   0.90633   0.90619  0.873722   0.87373  0.800187  0.873722  0.873894  0.873275         0
  0.87413  0.915182  0.874177  0.874018  0.873559  0.894261  0.873722  0.874185  0.914068  0.874233  0.874032  0.873563  0.893931   0.87373         0         0         0  0.804048  0.800357  0.891405  0.800187         0         0         0  0.874018  0.873542  0.891405  0.873722  0.874185  0.874135  0.914369  0.874181  0.873779  0.909823  0.873894   0.87383   0.87383  0.913504  0.873875  0.873992   0.90633  0.873738  0.118454  0.118528  0.918922  0.117911  0.140054  0.145751         0  0.874471  0.874474  0.913669  0.874517  0.874545  0.906563  0.906443
 0.874081   0.86861  0.874074  0.874392  0.874448  0.197407  0.874873  0.874081  0.869196  0.874074  0.874829  0.874454   0.19911  0.874872   0.86861  0.869196  0.874074  0.760798  0.801089 0.0487971  0.802095  0.874074  0.874074  0.874074  0.874814  0.874437  0.221432  0.874832  0.874392  0.874829  0.760798  0.874814  0.874471  0.124628  0.875291  0.874448  0.874454  0.801089  0.874437  0.874471  0.133265  0.874338  0.197407   0.19911 0.0487971  0.221432  0.124628  0.133265  0.330959  0.874873  0.874872  0.802095  0.874832  0.875291  0.874338  0.330959
4.80676e-07   0.0621914 3.89123e-07 4.22754e-07 1.22911e-06   0.0648471 2.19545e-06 4.80676e-07   0.0626365 3.96018e-07 6.27977e-07  1.2324e-06   0.0648699 2.20218e-06   0.0621914   0.0626365   0.0663617   0.0126875   0.0125492   0.0731525     0.01255  2.9619e-07  2.9619e-07  2.9619e-07 5.30166e-07 1.13473e-06   0.0650429 2.10732e-06 5.01876e-07 6.27977e-07   0.0126875 5.30166e-07 2.34584e-07    0.064192 1.98878e-06 1.22911e-06  1.2324e-06   0.0125492 1.13473e-06 9.42999e-07   0.0641862 1.64012e-05   0.0648471   0.0648699   0.0731533   0.0650429    0.064192   0.0641862   0.0699574 2.19545e-06 2.20218e-06     0.01255 2.10732e-06 1.98878e-06 1.59347e-05   0.0699575
