8	12	8	1
 0  7  0  0 11  0  0  0  6  2  1  0
 0  0  3  0  0  0  9  0  0  2  1  0
 0  0  0  0  0  0  0  5  6  2  1  4
10  0  3  0  0  0  0  5  0  2  1  4
 0  7  0  8  0 12  0  0  0  0  1  0
 0  0  3  0  0  0  9  0  0  0  1  0
 0  0  0  8  0  0  0  0  0  0  1  4
 0  0  3  0  0  0  0  0  0  0  1  4
0.7	1	0.9	1	0.8	0.3	0.4	0.5	1	0.1	0.2	0.2	
0.127	0.836	0.614	0.899	0.397	0.144	0.349	0.727	
------target--------
3
------result--------
1	
------details--------
0.632262 0.410938 0.648066 0.409731 0.411058 0.410938 0.410097 0.410615
0.0828211 0.413443  0.13539 0.413787  0.41321 0.413443 0.414736 0.418034
    0.16911 2.78495e-06    0.145075 8.48501e-06 2.04133e-06 2.78495e-06 1.01081e-05 1.44167e-05
------result2--------
1	3	
------details2--------
 0.632119  0.643363  0.638864  0.628711  0.632119  0.640821  0.643363  0.632119  0.648137  0.408927  0.410267         0  0.409299   0.40982         0  0.648137  0.643492  0.645583  0.648137  0.645481  0.648066  0.638864  0.408927  0.643492  0.408987  0.408927  0.409244  0.409731  0.628711  0.410267  0.645583  0.408987  0.410267  0.409844  0.409844  0.632119         0  0.648137  0.408927  0.410267  0.409299   0.40982  0.640821  0.409299  0.645481  0.409244         0  0.409299  0.410097  0.643363   0.40982         0         0  0.409844   0.40982         0
 0.632574  0.576673  0.625638    0.6403  0.632574  0.617172  0.576673 0.0828538   0.13586  0.413003   0.41243  0.410938  0.413953  0.417236  0.648066  0.647913  0.654963  0.653454  0.647913  0.656517         0 0.0812086  0.411469         0  0.411345  0.411469  0.411324         0 0.0834847  0.412781  0.142398  0.413162  0.412781  0.417476  0.417476 0.0828538  0.410938   0.13586  0.413003   0.41243  0.413953  0.417236  0.080814  0.411832         0  0.411377  0.410097  0.411832         0 0.0804284  0.412348  0.410615  0.410615  0.412276  0.412348  0.410615
0.0828538  0.706692 0.0812086 0.0834847 0.0828538  0.080814 0.0804284  0.632574  0.647913  0.411469  0.412781         0  0.411832  0.412348  0.576673   0.13586         0  0.142398   0.13586         0         0  0.625638  0.413003  0.654963  0.413162  0.413003  0.411377  0.411931    0.6403   0.41243  0.653454  0.411345   0.41243  0.412244  0.412276  0.632574         0  0.647913  0.411469  0.412781  0.411832  0.412348  0.617172  0.413953  0.656517  0.411324  0.417476  0.413953  0.412287  0.576673  0.417236         0         0  0.417476  0.417236         0
0.0827488 0.0137119  0.084575 0.0813629 0.0827488 0.0868376 0.0997665 0.0827488  0.134345  0.415531  0.414947  0.413443  0.416484  0.419842 0.0137119  0.134345  0.226047  0.119143  0.134345  0.278502  0.418034  0.084575  0.415531  0.226047   0.41523  0.415531  0.416495  0.418034 0.0813629  0.414947  0.119143   0.41523  0.414947  0.413485   0.41959 0.0827488  0.413443  0.134345  0.415531  0.414947  0.416484  0.419842 0.0868376  0.416484  0.278502  0.416495  0.413485  0.416484  0.418034 0.0997665  0.419842  0.418034  0.418034   0.41959  0.419842  0.418034
    0.16911    0.234135    0.169173    0.169149     0.16911    0.169297    0.169994     0.16911    0.145076 1.13377e-05 4.84831e-06 2.78495e-06 1.29556e-05 1.72798e-05    0.233801    0.145076    0.180331     0.14532    0.145076    0.195323    0.226389    0.169173 1.13377e-05    0.180331 1.06605e-05 1.13377e-05 1.59077e-05 1.64602e-05    0.169149 4.84831e-06     0.14532 1.06605e-05 4.84831e-06   1.331e-05 1.69323e-05     0.16911 2.78495e-06    0.145076 1.13377e-05 4.84831e-06 1.29556e-05 1.72798e-05    0.169297 1.29556e-05    0.195323 1.59077e-05 1.25817e-05 1.29556e-05 1.59375e-05    0.169994 1.72798e-05 1.44167e-05 1.44167e-05 1.69323e-05 1.72798e-05 1.44167e-05
