8	12	8	1
 0  0  0  3  0  0  0  0  0  1  0  0
 8  0  0  0  0  0  0  0  0  1  0  0
 0  0  0  3  0  4  0  0  7  0  0  0
 0  0 12  0  0  4  0  0  0  0  0  0
 0  9  0  0  0  0  0  6  0  1  2  0
 8  9  0  0  0  0  5  0  0  1  2  0
 0  0  0  0 11  0  0  6  7  0  2 10
 0  0  0  0  0  0  5  0  0  0  2 10
0.8	0.8	0.1	0.6	0.6	0.8	0.2	0.2	1	0.1	0.7	0.8	
0.419	0.908	0.156	0.164	0.69	0.414	0.926	0.867	
------target--------
6
------result--------
5	
------details--------
0.550985 0.548758 0.550765 0.551425 0.640395  0.68206 0.549256 0.550123
 0.55326 0.554291 0.553083 0.553621 0.458949 0.510432 0.552295 0.552721
1.72635e-06 1.54635e-05 2.27741e-06 1.49545e-07   0.0167204   0.0110772 3.72322e-06 3.40802e-06
------result2--------
2	5	
------details2--------
0.548278        0  0.55095 0.640016 0.681874 0.548727 0.549643 0.548278 0.548056 0.548723  0.68206        0 0.546533 0.547409 0.550765 0.548056 0.550731  0.63982 0.681745        0 0.549405  0.55095 0.548723 0.550731 0.640386 0.682084  0.54922 0.550088 0.640016  0.68206  0.63982 0.640386        0 0.638566 0.639169 0.681874  0.68206 0.681745 0.682084        0 0.681064 0.681213 0.548727 0.546533 0.548727  0.54922 0.638566 0.681064 0.549256 0.549643 0.547409 0.549405 0.550088 0.639169 0.681213        0
0.553813 0.550985 0.553159 0.458694 0.510075 0.551824 0.552248 0.550566 0.550387 0.550932 0.431925 0.548758 0.549594 0.550021        0 0.553591 0.552943 0.458571 0.509906 0.550765 0.552027 0.553227 0.554256 0.553049 0.458929 0.510405 0.552261 0.552687 0.641824 0.603617 0.641732 0.640981 0.640395 0.641083 0.641546 0.682755        0 0.682783 0.680597  0.68206 0.682429 0.682846 0.551129 0.552067 0.551129 0.551467 0.457737 0.508753        0 0.551931 0.552945 0.551753 0.552307 0.458201 0.509403 0.550123
0.550566        0 0.553227 0.641824 0.682755 0.551129 0.551931 0.553813 0.553591 0.554256 0.603617        0 0.552067 0.552945 0.552676 0.550387 0.553049 0.641732 0.682783 0.551129 0.551753 0.553159 0.550932 0.552943 0.640981 0.680597 0.551467 0.552307 0.458694 0.431925 0.458571 0.458929        0 0.457737 0.458201 0.510075 0.431925 0.509906 0.510405 0.603617 0.508753 0.509403 0.551824 0.549594 0.551665 0.552261 0.641083 0.682429 0.551256 0.552248 0.550021 0.552027 0.552687 0.641546 0.682846        0
0.556123  0.55326 0.555432 0.459925 0.511796 0.554135 0.554532 0.556123 0.555942 0.556519 0.492851 0.554291 0.555145 0.555573  0.55326 0.555942 0.555254 0.459839 0.511669 0.553579 0.554392 0.555432 0.556519 0.555254 0.460223 0.512113 0.554471 0.554892 0.459925 0.492851 0.459839 0.460223 0.458949 0.459414  0.45966 0.511796 0.554291 0.511669 0.512113 0.458949 0.511074 0.511408 0.554135 0.555145 0.553579 0.554471 0.459414 0.511074 0.552721 0.554532 0.555573 0.554392 0.554892  0.45966 0.511408 0.552721
1.72267e-05 1.72635e-06 1.87751e-06   0.0167212    0.011078 5.54472e-06 5.15055e-06 1.72267e-05 1.77869e-05 1.56185e-05   0.0193268 1.54635e-05 1.92613e-05 1.89293e-05 2.32112e-06 1.77869e-05 2.42893e-06   0.0167216   0.0110783 2.86457e-06 5.76185e-06 1.87751e-06 1.56185e-05 2.42893e-06   0.0167204   0.0110773  3.8761e-06 3.55979e-06   0.0167212   0.0193268   0.0167216   0.0167204   0.0167204   0.0167223   0.0167225    0.011078    0.016331   0.0110783   0.0110773   0.0184226    0.011079   0.0110791 5.54472e-06 1.92613e-05 5.46068e-06  3.8761e-06   0.0167223    0.011079 4.37149e-06 5.15055e-06 1.89293e-05 5.76185e-06 3.55979e-06   0.0167225   0.0110791 3.40802e-06
