8	12	8	1
 0  1  0  4  0  0 11  0  0  0  9  0
 0  1  2  0  0  0  0  7  8 10  9  0
 3  1  0  0  5  0  0  0  0  0  0  0
 0  1  2  0  5  0  0  0  8  0  0  0
 0  0  0  4  0  0  0  0  0  0  0  0
 0  0  2  0  0  6  0  7  0  0  0  0
 3  0  0  0  0  0  0  0  0  0  0  0
 0  0  2  0  0  6  0  0  0  0  0 12
0.8	0.3	0.3	0.1	0.9	0.4	0.1	0.5	0.1	0.9	0.4	0.8	
0.209	0.789	0.179	0.68	0.084	0.336	0.731	0.774	
------target--------
3
------result--------
4	
------details--------
0.771833  0.76748  0.88075 0.856132 0.771859 0.771751  0.77068 0.771251
0.773174 0.775625 0.655654 0.321204 0.773197  0.77249 0.773583  0.77274
1.38562e-07 4.67741e-05   0.0368921   0.0910823 4.11336e-08 2.09179e-07 5.79195e-06  1.5296e-06
------result2--------
3	7	
------details2--------
0.767426 0.880774 0.856127 0.771833 0.771714 0.770642 0.771213 0.767426 0.880865 0.856366 0.767464  0.76748 0.765252 0.766797 0.880774 0.880865        0 0.880757 0.880771  0.88075 0.880634 0.856127        0 0.880233  0.85613 0.856049 0.880233 0.855777        0 0.767464 0.880757  0.85613  0.77174 0.770669  0.77124 0.771714        0 0.880771 0.856049  0.77174 0.770574 0.771131 0.770642 0.765252        0 0.880233 0.770669 0.770574 0.770053 0.771213 0.766797 0.880634 0.855777  0.77124 0.771131 0.770053
0.775597 0.655646 0.321648        0 0.772453 0.773545 0.772704 0.769311 0.648992        0 0.769338        0 0.770663  0.76843 0.879907 0.880653  0.88075 0.879899 0.880641        0 0.880911 0.856299 0.856132 0.823847 0.856306 0.856562 0.823847  0.85663 0.771859 0.775617 0.655652 0.321332 0.772479 0.773572  0.77273 0.773059 0.771751 0.655704 0.322754 0.773082 0.773441 0.772621 0.771989 0.775296  0.77068 0.279809 0.772013 0.771229 0.771555 0.772569 0.775029 0.655351 0.322533 0.772592 0.771875 0.772964
0.769311 0.879907 0.856299 0.773164 0.773059 0.771989 0.772569 0.775597 0.880653 0.855907 0.775617 0.776961 0.775296 0.775029 0.655646 0.648992 0.823847 0.655652 0.655704        0 0.655351 0.321648        0 0.888101 0.321332 0.322754 0.279809 0.322533        0 0.769338 0.879899 0.856306 0.773082 0.772013 0.772592 0.772453        0 0.880641 0.856562 0.772479 0.771229 0.771875 0.773545 0.770663        0 0.823847 0.773572 0.773441 0.772964 0.772704  0.76843 0.880911  0.85663  0.77273 0.772621 0.771555
0.776618 0.655965 0.305002 0.773197  0.77379 0.774925 0.774048 0.776618 0.661469 0.461333 0.776638  0.77249 0.776101  0.77647 0.655965 0.661469 0.165633 0.655971 0.655395 0.773583 0.656084 0.305002 0.461333 0.165633 0.304893 0.312952 0.410578 0.319307 0.773197 0.776638 0.655971 0.304893 0.773812 0.774948 0.774071  0.77379  0.77249 0.655395 0.312952 0.773812  0.77433 0.773367 0.774925 0.776101 0.773583 0.410578 0.774948  0.77433 0.774463 0.774048  0.77647 0.656084 0.319307 0.774071 0.773367 0.774463
4.69443e-05   0.0368921   0.0910849  1.3858e-07 3.48416e-07  5.9346e-06 1.67034e-06 4.69443e-05   0.0369336    0.114278 4.68245e-05 5.32499e-05 5.61872e-05 4.83938e-05   0.0368921   0.0369336    0.125222   0.0368921   0.0368921    0.129042   0.0368922   0.0910849    0.114277    0.125232   0.0910831   0.0910871   0.0950263   0.0910838 4.11336e-08 4.68245e-05   0.0368921   0.0910831 2.50512e-07  5.8343e-06 1.57138e-06 3.48416e-07 2.09179e-07   0.0368921   0.0910871 2.50512e-07 6.01356e-06 1.74244e-06  5.9346e-06 5.61872e-05 5.79195e-06   0.0950263  5.8343e-06 6.01356e-06 7.34599e-06 1.67034e-06 4.83938e-05   0.0368922   0.0910838 1.57138e-06 1.74244e-06 7.34599e-06
