8	12	8	1
 5  0  3 10  0  0  0  0  0  1  0  0
 5  0  0  0  0  0  0  6  4  1  0 12
 5  0  3  0  7  0  0  0  0  1  0  0
 5  0  0  0  7  8  0  6  4  1  0  0
 0  2  3  0  0  0  0  0  0  1  9  0
 0  2  0  0  0  0  0  0  4  1  9  0
 0  2  3  0  0  0 11  0  0  1  0  0
 0  2  0  0  0  8  0  0  4  1  0  0
0.7	0.9	0.2	0.8	0.7	0.6	0.5	0.2	0.3	0.4	0.1	0.4	
0.545	0.862	0.813	0.223	0.071	0.785	0.392	0.182	
------target--------
4
------result--------
8	
------details--------
0.723903 0.723978 0.723455 0.800492 0.724302 0.724302 0.724162 0.780869
 0.72559 0.725574 0.725807 0.654992 0.725874 0.725874 0.725754  0.43447
1.52688e-06 1.29033e-06 3.36088e-06   0.0134187 4.53048e-07 4.53048e-07 8.81839e-07   0.0370542
------result2--------
3	8	
------details2--------
 0.72345 0.722925 0.800289 0.723776 0.723776 0.723636 0.780514  0.72345 0.722999 0.800488  0.72385  0.72385  0.72371 0.780665 0.722925 0.722999        0 0.723327 0.723327 0.723186 0.800492 0.800289 0.800488 0.800492 0.800571 0.800571 0.800448        0 0.723776  0.72385 0.723327 0.800571        0 0.724036 0.780858 0.723776  0.72385 0.723327 0.800571        0 0.724036 0.780858 0.723636  0.72371 0.723186 0.800448 0.724036 0.724036 0.780724 0.780514 0.780665 0.800492        0 0.780858 0.780858 0.780724
0.725055 0.725284 0.654597  0.72536  0.72536 0.725236 0.434439 0.725145 0.725359 0.654647  0.72544  0.72544 0.725312 0.434459 0.724623 0.724609 0.723455 0.724911 0.724911  0.72479 0.387147 0.800938 0.800501        0 0.799591 0.799591 0.800708 0.800492 0.725467 0.725453 0.725682 0.654883 0.724302 0.725633 0.434451 0.725467 0.725453 0.725682 0.654883 0.724302 0.725633 0.434451 0.725327 0.725312 0.725543 0.654791 0.725616 0.725616 0.434463 0.781653 0.781387 0.754845 0.780869  0.78099  0.78099  0.78159
0.725145 0.724623 0.800938 0.725467 0.725467 0.725327 0.781653 0.725055 0.724609 0.800501 0.725453 0.725453 0.725312 0.781387 0.725284 0.725359        0 0.725682 0.725682 0.725543 0.754845 0.654597 0.654647 0.387147 0.654883 0.654883 0.654791 0.754845  0.72536  0.72544 0.724911 0.799591        0 0.725616  0.78099  0.72536  0.72544 0.724911 0.799591        0 0.725616  0.78099 0.725236 0.725312  0.72479 0.800708 0.725633 0.725633  0.78159 0.434439 0.434459 0.387147        0 0.434451 0.434451 0.434463
0.726744 0.726978 0.655877 0.727043 0.727043 0.726924  0.43454 0.726744 0.726966 0.655883 0.727029 0.727029 0.726909 0.434498 0.726978 0.726966 0.725807 0.727278 0.727278 0.727145 0.530941 0.655877 0.655883 0.725807  0.65627  0.65627 0.656007  0.43447 0.727043 0.727029 0.727278  0.65627 0.725874 0.727208 0.434699 0.727043 0.727029 0.727278  0.65627 0.725874 0.727208 0.434699 0.726924 0.726909 0.727145 0.656007 0.727208 0.727208 0.434505  0.43454 0.434498 0.530941  0.43447 0.434699 0.434699 0.434505
2.82928e-06  4.9054e-06   0.0134193 1.98568e-06 1.98568e-06 2.41611e-06   0.0370549 2.82928e-06 4.67197e-06   0.0134191 1.75205e-06 1.75205e-06 2.18126e-06   0.0370545  4.9054e-06 4.67197e-06 3.36088e-06 3.82416e-06 3.82416e-06 4.25532e-06   0.0398042   0.0134193   0.0134191   0.0344207    0.013419    0.013419    0.013419   0.0382964 1.98568e-06 1.75205e-06 3.82416e-06    0.013419 4.53048e-07  1.3396e-06   0.0370542 1.98568e-06 1.75205e-06 3.82416e-06    0.013419 4.53048e-07  1.3396e-06   0.0370542 2.41611e-06 2.18126e-06 4.25532e-06    0.013419  1.3396e-06  1.3396e-06   0.0370545   0.0370549   0.0370545   0.0398042   0.0370542   0.0370542   0.0370542   0.0370545
