8	12	8	1
 0  2  0  1  0  5  0  6  0  0  0  4
 0  0  0  1  8  0  0  0  0  0  0  4
 3  2  0  1  0  5  0  0  0  0  0  4
 3  0  0  1  0  0  0  0  0 10  0  4
 0  2  0  1  0  0  0  6  0  0  7  0
 0  0  0  1  8  0  0  0  9  0  0  0
 3  2  0  1  0  0 11  0  0  0  7  0
 3  0 12  1  0  0  0  0  0  0  0  0
0.4	0.3	0.8	0.1	0.8	1	0.8	0.6	0.5	0.4	0.9	0.3	
0.451	0.624	0.706	0.289	0.223	0.098	0.085	0.962	
------target--------
1
------result--------
5	
------details--------
0.652183  0.51832 0.515615 0.518972  0.60166  0.51824 0.507273 0.517932
0.423378 0.520821 0.523263 0.521266 0.294802 0.520783 0.574162 0.520529
  0.0258243 2.87332e-06 2.91884e-05 9.83297e-07   0.0377925 3.05768e-06  0.00131909 3.37729e-06
------result2--------
7	5	
------details2--------
0.651859 0.652183 0.652193        0 0.651865 0.644077 0.651766 0.651859 0.514711 0.518078 0.600972        0 0.506318 0.517032        0 0.514711 0.515372 0.643993 0.514629 0.501022 0.514318 0.652193 0.518078 0.515372 0.601526 0.517998 0.507011 0.517689 0.643993 0.600972 0.643993 0.601526 0.600928        0 0.600696 0.651865  0.51824 0.514629 0.517998 0.600928 0.506229  0.51695 0.644077 0.506318 0.501022 0.507011 0.601676 0.506229 0.505899 0.651766 0.517032 0.514318 0.517689 0.600696  0.51695 0.505899
0.652762        0 0.652101 0.652183 0.652691 0.687121 0.652608 0.422692 0.522365 0.520384 0.294489  0.51832 0.573292  0.51964 0.515615 0.517237 0.517686 0.245485 0.517198 0.584376 0.516942 0.423178 0.520584 0.523021 0.294706 0.520545  0.57393 0.520292 0.560816 0.602899 0.560816 0.602809  0.60284  0.60166  0.60265 0.422625        0 0.522284 0.520305 0.294457 0.573214  0.51956 0.410694 0.508995 0.514378 0.509519        0 0.508957 0.508685 0.422385 0.519546 0.521973     0.52 0.294345 0.519507 0.572911
0.422692        0 0.423178 0.560816 0.422625 0.410694 0.422385 0.652762 0.517237 0.520584 0.602899        0 0.508995 0.519546        0 0.522365 0.523021 0.560816 0.522284 0.514378 0.521973 0.652101 0.520384 0.517686 0.602809 0.520305 0.509519     0.52 0.701422 0.294489 0.245485 0.294706 0.294457        0 0.294345 0.652691  0.52025 0.517198 0.520545  0.60284 0.508957 0.519507 0.687121 0.573292 0.584376  0.57393 0.601374 0.573214 0.572911 0.652608  0.51964 0.516942 0.520292  0.60265  0.51956 0.508685
0.424626 0.523263 0.425109  0.17857 0.424606 0.484704 0.424409 0.424626 0.524897 0.522889 0.295374 0.520821 0.575752  0.52215 0.523263 0.524897 0.525363  0.38067  0.52486 0.563112 0.524604 0.425109 0.522889 0.525363 0.295646 0.522851 0.576181 0.522597  0.17857 0.295374  0.38067 0.295646 0.295368 0.566631 0.295279 0.424606 0.520821  0.52486 0.522851 0.295368 0.575714 0.522112 0.484704 0.575752 0.563112 0.576181 0.566631 0.575714 0.575467 0.424409  0.52215 0.524604 0.522597 0.295279 0.522112 0.575467
  0.0258255    0.096378   0.0258247    0.068525   0.0258255   0.0270077   0.0258257   0.0258255 3.21267e-05 3.86637e-06   0.0377939 2.87332e-06   0.0013223 6.27639e-06 2.91884e-05 3.21267e-05    3.02e-05   0.0431262 3.23169e-05  0.00143327 3.26439e-05   0.0258247 3.86637e-06    3.02e-05   0.0377928  4.0518e-06  0.00132023 4.37257e-06    0.068905   0.0377939   0.0431262   0.0377928    0.037794    0.105073   0.0377941   0.0258255 3.07333e-06 3.23169e-05  4.0518e-06    0.037794  0.00132252  6.4633e-06   0.0270077   0.0013223  0.00143327  0.00132023    0.105073  0.00132252  0.00132288   0.0258257 6.27639e-06 3.26439e-05 4.37257e-06   0.0377941  6.4633e-06  0.00132288
