8	12	8	1
 0  5  0  0  0  0  0  8  0  1  4  0
 0  0  0  0  0  0  0  8  0  1  4  0
 0  5  0  0  2  0  0  0  9  1  4 12
 0  0  0  0  2  0  7  0  0  1  4  0
 3  0  0 11  0  6  0  0  0  1  0  0
 3  0 10 11  0  0  0  0  0  1  0  0
 3  0  0  0  2  6  0  0  9  1  0  0
 3  0 10  0  2  0  7  0  0  1  0  0
0.1	0.7	0.6	0.8	0.2	0.4	0.7	0.2	0.8	0.1	0.7	0.7	
0.694	0.067	0.502	0.931	0.304	0.589	0.756	0.373	
------target--------
6
------result--------
5	
------details--------
0.427011 0.427011 0.425611 0.426079 0.600321 0.617058 0.426123 0.424765
0.429457 0.429457 0.428625 0.428775 0.205062 0.254484 0.428891 0.429368
1.44115e-06 1.44115e-06 4.53408e-06 3.69952e-06   0.0821161   0.0684892 3.86008e-06 1.06653e-05
------result2--------
6	5	
------details2--------
       0 0.425268 0.425738 0.600393 0.617238 0.425783 0.424421        0 0.425268 0.425738 0.600393 0.617238 0.425783 0.424421 0.425268 0.425268 0.424328 0.599486 0.616508 0.425611 0.423006 0.425738 0.425738 0.424328 0.594513 0.614669 0.424846        0 0.600393 0.600393 0.599486 0.594513        0 0.599617 0.614669 0.617238 0.617238 0.616508 0.614669        0 0.616527 0.614669 0.425783 0.425783        0 0.424846 0.599617 0.616527 0.423527 0.424421 0.424421 0.423006 0.424765 0.614669        0 0.423527
0.427011 0.428292 0.428443 0.204961 0.254346 0.428559 0.429032 0.427011 0.428292 0.428443 0.204961 0.254346 0.428559 0.429032 0.427744 0.427744 0.427043 0.204547 0.253701        0 0.427627 0.428207 0.428207 0.427359 0.206983 0.271743 0.427626 0.426079  0.59987  0.59987 0.600932 0.606955 0.600321 0.601205 0.589739 0.615939 0.615939  0.61746 0.619454 0.617058 0.617724 0.619454 0.428248 0.428248 0.426123 0.427554 0.204694 0.253923 0.428141 0.426898 0.426898 0.426046        0 0.198951 0.424765 0.426314
       0 0.427744 0.428207  0.59987 0.615939 0.428248 0.426898        0 0.427744 0.428207  0.59987 0.615939 0.428248 0.426898 0.428292 0.428292 0.427359 0.600932  0.61746 0.427746 0.426046 0.428443 0.428443 0.427043 0.606955 0.619454 0.427554        0 0.204961 0.204961 0.204547 0.206983        0 0.204694 0.198951 0.254346 0.254346 0.253701 0.271743 0.507114 0.253923 0.198951 0.428559 0.428559        0 0.427626 0.601205 0.617724 0.426314 0.429032 0.429032 0.427627 0.432429 0.589739 0.619454 0.428141
0.429457 0.430753 0.430902 0.205705 0.255369 0.431018 0.431517 0.429457 0.430753 0.430902 0.205705 0.255369 0.431018 0.431517 0.430753 0.430753 0.430067 0.205445 0.255067 0.428891 0.430666 0.430902 0.430902 0.430067 0.202923 0.232744 0.430334 0.428775 0.205705 0.205705 0.205445 0.202923 0.205062 0.205531  0.21024 0.255369 0.255369 0.255067 0.232744 0.205062   0.2552 0.289051 0.431018 0.431018 0.428891 0.430334 0.205531   0.2552 0.430933 0.431517 0.431517 0.430666 0.428775  0.21024 0.289051 0.430933
1.44115e-06 6.00125e-06 5.16227e-06   0.0821162   0.0684896 5.32025e-06 1.21488e-05 1.44115e-06 6.00125e-06 5.16227e-06   0.0821162   0.0684896 5.32025e-06 1.21488e-05 6.00125e-06 6.00125e-06 8.27471e-06    0.082117   0.0684901 4.80908e-06 1.52772e-05 5.16227e-06 5.16227e-06 8.27471e-06   0.0821668   0.0690148 7.59132e-06 3.69952e-06   0.0821162   0.0821162    0.082117   0.0821668   0.0821161   0.0821171   0.0823368   0.0684896   0.0684896   0.0684901   0.0690148   0.0839156   0.0684901   0.0712037 5.32025e-06 5.32025e-06 3.86008e-06 7.59132e-06   0.0821171   0.0684901 1.45851e-05 1.21488e-05 1.21488e-05 1.52772e-05   1.274e-05   0.0823368   0.0308797 1.45851e-05
