8	12	8	1
 0  0  0  0  0  4  3  0  6  0  0  0
 0 10  0  0  0  0  0  0  6  0  0  0
 0  0  0  0  2  4  3  0  0  7  0  0
 0  0  0  0  2  0  0  0  0  7  8  0
 0  0  1  0  0  0  3 11  0  0  0  0
 0  0  1  9  0  0  0  0  0  0  0  0
 5  0  1  0  2  0  3  0  0  0  0 12
 5  0  1  0  2  0  0  0  0  0  8  0
0.8	0.5	0.9	0.4	0.4	0.6	0.8	0.8	0.6	0.1	0.8	0.8	
0.533	0.852	0.784	0.225	0.923	0.156	0.323	0.289	
------target--------
4
------result--------
8	
------details--------
0.722336 0.721886 0.722734 0.828044 0.721965 0.722723 0.722493 0.826802
0.723985 0.723706 0.723802 0.519733 0.723747 0.724297 0.724135  0.46519
1.39638e-06  2.0672e-06 1.94073e-07   0.0516422 1.97552e-06 3.33262e-07  1.0552e-06   0.0632724
------result2--------
3	8	
------details2--------
       0 0.722256 0.827919 0.721482 0.722245 0.722014 0.826659 0.721886 0.721804 0.827948 0.721025 0.721794 0.721561 0.826662 0.722256 0.721804        0 0.721884 0.722644 0.722414 0.828044 0.827919 0.827948 0.828044 0.827801 0.828045 0.827945        0 0.721482 0.721025 0.721884 0.827801 0.721874 0.721642 0.826529 0.722245 0.721794 0.722644 0.828045 0.721874 0.722403 0.826798 0.722014 0.721561 0.722414 0.827945 0.721642 0.722403 0.826693 0.826659 0.826662 0.828044        0 0.826529 0.826798 0.826693
0.722336 0.723334 0.519726 0.723272 0.723826 0.723662  0.46504        0 0.722897 0.519902 0.722824 0.723384 0.723216 0.464913 0.723907 0.723628 0.722734 0.723669  0.72422 0.724058 0.463701 0.828351 0.828137        0 0.828311 0.828037 0.828452 0.828044 0.723142 0.722862  0.72297 0.519702  0.72346 0.723294 0.464919 0.723896 0.723617 0.723715 0.519761 0.723658 0.724047 0.465164 0.723668 0.723388 0.723488  0.51971 0.723429 0.723981 0.465088 0.827152 0.826937 0.811582 0.826802 0.827102 0.826875 0.827254
       0 0.723907 0.828351 0.723142 0.723896 0.723668 0.827152  0.72334 0.723628 0.828137 0.722862 0.723617 0.723388 0.826937 0.723334 0.722897        0  0.72297 0.723715 0.723488 0.811582 0.519726 0.519902 0.463701 0.519702 0.519761  0.51971 0.811582 0.723272 0.722824 0.723669 0.828311 0.723658 0.723429 0.827102 0.723826 0.723384  0.72422 0.828037  0.72346 0.723981 0.826875 0.723662 0.723216 0.724058 0.828452 0.723294 0.724047 0.827254  0.46504 0.464913 0.463701        0 0.464919 0.465164 0.465088
0.723985 0.724984  0.51975 0.724925 0.725475 0.725314 0.465562 0.723985  0.72471 0.519567 0.724647 0.725199 0.725036  0.46546 0.724984  0.72471 0.723802 0.724746 0.725301 0.725135 0.485336  0.51975 0.519567 0.723802 0.519768 0.519264  0.51983  0.46519 0.724925 0.724647 0.724746 0.519768 0.725237 0.725076 0.465492 0.725475 0.725199 0.725301 0.519264 0.725237 0.725625 0.465618 0.725314 0.725036 0.725135  0.51983 0.725076 0.725625 0.465614 0.465562  0.46546 0.485336  0.46519 0.465492 0.465618 0.465614
1.39638e-06 1.59403e-06   0.0516422 3.38492e-06 1.73253e-06 2.45837e-06   0.0632726 2.19719e-06 2.26829e-06   0.0516422 4.06515e-06 2.40564e-06 3.13402e-06   0.0632725 1.59403e-06 2.26829e-06 1.94073e-07 2.17449e-06 5.28624e-07 1.25171e-06   0.0633358   0.0516422   0.0516422   0.0597163   0.0516423   0.0516422   0.0516422   0.0633185 3.38492e-06 4.06515e-06 2.17449e-06   0.0516423 2.31275e-06 3.04009e-06   0.0632727 1.73253e-06 2.40564e-06 5.28624e-07   0.0516422 2.31275e-06  1.3905e-06   0.0632724 2.45837e-06 3.13402e-06 1.25171e-06   0.0516422 3.04009e-06  1.3905e-06   0.0632726   0.0632726   0.0632725   0.0633358   0.0632724   0.0632727   0.0632724   0.0632726
