8	12	8	1
 2  1  0  7  3  0  0  0  6  0  0 11
 2  1  0  0  0  0  0  5  6 10  0 11
 0  1  8  0  3  0  0  0  6  0  0  0
 0  1  8  0  0  0  0  5  6 10  0  0
 2  1  0  7  3  9  4  0  0  0  0  0
 2  1  0  0  0  9  4  5  0  0 12  0
 0  1  0  0  3  0  4  0  0  0  0  0
 0  1  0  0  0  0  4  5  0  0  0  0
0.8	0.7	1	0.9	0.1	0.4	0.3	0.5	1	0.1	0.4	0.9	
0.202	0.883	0.499	0.184	0.511	0.257	0.709	0.227	
------target--------
2
------result--------
1	
------details--------
 0.50017  0.51774  0.27559 0.274377 0.275645 0.274291 0.276005 0.274779
0.0855045 0.119591  0.27826 0.279479 0.278142 0.279128 0.278369 0.280641
   0.112842   0.0948717 3.99729e-06 1.57979e-05 3.50348e-06 1.45045e-05 2.30355e-06 1.77765e-05
------result2--------
2	1	
------details2--------
        0   0.49858  0.516545   0.49923  0.516933  0.499124  0.516995         0  0.516545  0.516545  0.517763  0.517488  0.517542  0.517542   0.49858  0.516545         0   0.27473  0.273369  0.275093  0.273861  0.516545         0  0.274377   0.27342  0.273281  0.273774  0.273774   0.49923  0.517763   0.27473   0.27342         0  0.275645  0.274428  0.516933  0.517488  0.273369  0.273281  0.274291  0.274291  0.274291  0.499124  0.517542  0.275093  0.273774         0         0         0  0.516995         0  0.273861         0  0.274428         0  0.274779
  0.50017  0.503243  0.479364  0.501969  0.482014  0.504131  0.464835   0.51774  0.519999  0.519999  0.517698  0.518116  0.518447  0.518447 0.0854522  0.121084   0.27559  0.277236  0.278212  0.277464  0.279717  0.083151  0.274377         0  0.276151  0.276024  0.276538  0.276538 0.0854708  0.122034  0.277408  0.278675  0.275645         0  0.285794 0.0831902 0.0873296  0.276056  0.276128         0         0         0 0.0855579  0.122218  0.277768  0.279052  0.276005  0.276005  0.276005 0.0832559  0.274779  0.276544  0.274779  0.276511  0.274779         0
        0 0.0854522  0.083151 0.0854708 0.0831902 0.0855579 0.0832559  0.396051  0.121084  0.083151  0.122034 0.0873296  0.122218  0.087373  0.503243  0.519999         0  0.277408  0.276056  0.277768  0.276544  0.479364  0.519999  0.284972  0.278675  0.276128  0.279052  0.276616  0.501969  0.517698  0.277236  0.276151         0  0.277787  0.276511  0.482014  0.518116  0.278212  0.276024  0.282063  0.279766  0.276405  0.504131  0.518447  0.277464  0.276538         0         0         0  0.464835  0.518447  0.279717  0.276538  0.285794         0  0.286237
0.0855045 0.0856062 0.0891111 0.0855699 0.0884948 0.0853021 0.0916327 0.0855045  0.116647  0.162144  0.114747  0.152791  0.109213  0.181619 0.0856062  0.116647   0.27826  0.279922  0.280929  0.280149  0.282466 0.0891111  0.162144   0.27826  0.281114  0.282374  0.281239   0.28379 0.0855699  0.114747  0.279922  0.281114  0.278142  0.278369  0.279012 0.0884948  0.152791  0.280929  0.282374  0.278142  0.278369  0.280641 0.0853021  0.109213  0.280149  0.281239  0.278369  0.278369  0.278369 0.0916327  0.181619  0.282466   0.28379  0.279012  0.280641  0.278369
   0.112842    0.112846    0.113185    0.112843    0.113146    0.112846    0.113437    0.114538   0.0948865   0.0993414   0.0949059   0.0979814   0.0949518    0.100349    0.112846   0.0948865 3.99729e-06 7.53284e-06 1.85948e-05 6.32202e-06 2.18721e-05    0.113185    0.028113 2.26915e-05  1.9642e-05 2.84638e-05 1.84838e-05 3.04417e-05    0.112843   0.0949059 7.53284e-06  1.9642e-05 3.50348e-06 3.57216e-06 2.49351e-05    0.113146   0.0979814 1.85948e-05 2.84638e-05 1.77807e-05 1.50542e-05 1.91826e-05    0.112846   0.0949518 6.32202e-06 1.84838e-05 2.30355e-06 2.30355e-06 2.30355e-06    0.113437   0.0162839 2.18721e-05 2.71707e-05 2.49351e-05 1.77765e-05 2.69929e-05
