8	12	8	1
 0  1  0  2  3  0  0  0  0  0  4  0
 8  1  0  2  0  0  0  0  0  0  4  0
 0  1  0  2  3  0  0  0  0  0  0  0
 0  1  0  2  0  0  0  0  0  7  0  0
 0  1  0  0  3  0  0  6  0  0  4 12
 8  1  0  0  0  0 10  0  0  0  4  0
 0  1  5  0  3  0  0  6  9  0  0  0
 0  1  5  0  0 11  0  0  0  7  0  0
0.1	1	0.7	0.9	0.4	0.3	1	0.2	0.4	0.9	1	0.2	
0.865	0.805	0.853	0.793	0.888	0.932	0.63	0.501	
------target--------
1
------result--------
2	
------details--------
 0.682566  0.591089  0.271125  0.282748  0.675326  0.579354  0.270912  0.282618
 0.145978 0.0393997  0.305838  0.284172  0.172123  0.200998  0.297167  0.284114
   0.126904    0.204353 0.000674794 1.24742e-06   0.0990901   0.0554525 0.000423123 1.36048e-06
------result2--------
2	1	
------details2--------
        0  0.682566  0.681976         0         0   0.67376  0.682014  0.681771  0.681771  0.590128  0.674448         0  0.672985  0.589986         0  0.681771  0.270419         0  0.666677         0   0.27029  0.681976  0.590128  0.270419  0.674685  0.578375  0.270205         0  0.675326  0.674448  0.675326  0.674685  0.658582  0.666236  0.674705  0.666677  0.579354  0.666677  0.578375  0.658582  0.658268  0.578233   0.67376  0.672985  0.270912  0.270205  0.666236  0.658268  0.270075  0.682014  0.589986   0.27029  0.282618  0.674705  0.578233  0.270075
 0.682566         0  0.683171  0.682566  0.682566  0.722697  0.683005  0.486924  0.486924  0.592077  0.519645  0.591089  0.527201   0.59197  0.271125 0.0333858   0.27185  0.271125  0.183856  0.271125  0.271791  0.145831 0.0394775  0.305052  0.171959  0.200701  0.296407  0.282748         0   0.68583         0  0.675982  0.689316  0.717171  0.675819  0.478901         0  0.478901  0.580357  0.511292  0.517846  0.580245         0 0.0337323         0  0.271638 0.0600539   0.18433  0.271579  0.145854 0.0395717  0.304883         0  0.172005  0.200693  0.296249
 0.486924         0  0.145831         0  0.478901         0  0.145854  0.692113 0.0333858 0.0394775   0.68583         0 0.0337323 0.0395717         0  0.486924  0.305052         0  0.478901         0  0.304883  0.683171  0.592077   0.27185  0.675982  0.580357  0.271638         0  0.728382  0.519645 0.0600935  0.171959  0.511292 0.0600539  0.172005  0.695834  0.602483  0.183856  0.200701  0.689316   0.18433  0.200693  0.722697  0.527201  0.272032  0.296407  0.717171  0.517846  0.296249  0.683005   0.59197  0.271791  0.283664  0.675819  0.580245  0.271579
0.0154907  0.305838   0.14613  0.145978 0.0934641  0.251692  0.146078 0.0154907  0.055871 0.0393193 0.0189815 0.0393997 0.0475332 0.0392617  0.305838  0.055871  0.306653  0.305838  0.236704  0.305838  0.306608   0.14613 0.0393193  0.306653  0.172292  0.201305  0.297954  0.284172  0.145978 0.0189815  0.305838  0.172292  0.112026  0.259306  0.172218 0.0934641 0.0393997  0.236704  0.201305  0.112026  0.221046  0.201243  0.251692 0.0475332  0.305838  0.297954  0.259306  0.221046  0.297906  0.146078 0.0392617  0.306608  0.284172  0.172218  0.201243  0.297906
   0.250452    0.217482    0.126904    0.126904    0.166454    0.192904    0.126904    0.250457    0.213714    0.204354    0.240965    0.204353    0.209519    0.204354 0.000674794    0.213714 0.000676164 0.000674794     0.06085 0.000674794 0.000676315    0.126904    0.204354 0.000676164   0.0990904   0.0554532 0.000424486 1.24742e-06    0.127104    0.240965    0.141845   0.0990904    0.143601    0.128844   0.0990903    0.166579    0.204475     0.06085   0.0554532    0.143601   0.0584508   0.0554532    0.192904    0.209519 0.000675109 0.000424486    0.128844   0.0584508 0.000424637    0.126904    0.204354 0.000676315 1.39591e-06   0.0990903   0.0554532 0.000424637
