8	12	8	1
 6  2  0  0  0  0  1  0  0  0  0  0
 0  0  0  0  4  5  1 10  0  0  0  0
 0  2  0  0  0  0  1  0  7  0 11  3
 0  0  0 12  4  0  1  0  0  8  0  3
 6  2  9  0  0  0  1  0  0  0  0  0
 0  0  0  0  0  5  1  0  0  0  0  0
 0  2  9  0  0  0  1  0  7  0  0  3
 0  0  0  0  0  0  1  0  0  8  0  3
0.4	0.5	0.9	0.1	0.4	0.4	0.5	0.3	0.4	0.6	0.2	0.7	
0.697	0.031	0.868	0.202	0.491	0.901	0.382	0.613	
------target--------
5
------result--------
7	
------details--------
0.490811 0.491624 0.491977  0.49157 0.666165  0.49164 0.645576 0.491611
0.497054 0.494022 0.494327 0.494066 0.374878 0.494029 0.300572 0.494078
1.44203e-05 2.40681e-06 1.44258e-06  2.6583e-06   0.0414649 2.36367e-06   0.0601183 2.53268e-06
------result2--------
1	7	
------details2--------
0.490086 0.490442 0.490032        0 0.490102 0.666165 0.490074 0.490086 0.491254 0.490846  0.66617 0.491624 0.645317 0.490888 0.490442 0.491254 0.491201 0.666314  0.49127 0.645546 0.491243 0.490032 0.490846 0.491201 0.665975 0.490862 0.645163  0.49157 0.666165  0.66617 0.666314 0.665975 0.666165        0 0.665941 0.490102        0  0.49127 0.490862 0.666165 0.645319 0.490904 0.666165 0.645317 0.645546 0.645163        0 0.645319 0.645154 0.490074 0.490888 0.491243        0 0.665941 0.490904 0.645154
0.492503 0.492811 0.492546 0.490811  0.49251 0.289845 0.492557 0.496328 0.493627 0.493357 0.374659        0 0.300342 0.493368 0.496683 0.493666 0.493708 0.374798 0.493673 0.300447 0.493719 0.496276 0.493259  0.49357 0.374592 0.493266 0.300317        0        0 0.666153 0.665366 0.666586 0.666165 0.666165 0.666693 0.496344  0.49164 0.493642 0.493373 0.374663 0.300347 0.493384 0.591166  0.64618 0.645739 0.646496 0.645576 0.646191 0.646575 0.496318 0.493299 0.493609 0.491611 0.374598 0.493306 0.300333
0.496328 0.496683 0.496276        0 0.496344 0.591166 0.496318 0.492503 0.493666 0.493259 0.666153  0.49365  0.64618 0.493299 0.492811 0.493627  0.49357 0.665366 0.493642 0.645739 0.493609 0.492546 0.493357 0.493708 0.666586 0.493373 0.646496 0.493803 0.289845 0.374659 0.374798 0.374592 0.374663 0.591166 0.374598  0.49251        0 0.493673 0.493266 0.666165 0.646191 0.493306 0.289845 0.300342 0.300447 0.300317        0 0.300347 0.300333 0.492557 0.493368 0.493719        0 0.666693 0.493384 0.646575
0.498801 0.499147 0.498833 0.497054 0.498807 0.341464  0.49884 0.498801 0.496027 0.495764 0.375398 0.494029 0.301119 0.495775 0.499147 0.496027  0.49607 0.375321 0.496034 0.301266  0.49608 0.498833 0.495764  0.49607 0.375525  0.49577 0.301148 0.494078 0.497054 0.375398 0.375321 0.375525 0.375403 0.300572 0.375551 0.498807 0.494029 0.496034  0.49577 0.375403 0.301121 0.495782 0.341464 0.301119 0.301266 0.301148 0.300572 0.301121 0.301146  0.49884 0.495775  0.49608 0.494078 0.375551 0.495782 0.301146
 1.6894e-05 1.59154e-05 1.71382e-05 1.44203e-05 1.68493e-05   0.0619177 1.70065e-05  1.6894e-05 3.87356e-06 5.09233e-06   0.0414651 2.40835e-06   0.0601187 4.96387e-06 1.59154e-05 3.87356e-06 4.12169e-06   0.0414651 3.82981e-06   0.0601184 3.99335e-06 1.71382e-05 5.09233e-06 4.12169e-06   0.0414652 5.04857e-06    0.060119 2.66018e-06   0.0546507   0.0414651   0.0414651   0.0414652   0.0414651   0.0614624   0.0414653 1.68493e-05 2.36367e-06 3.82981e-06 5.04857e-06   0.0414651   0.0601187 4.92019e-06   0.0619177   0.0601187   0.0601184    0.060119   0.0601183   0.0601187    0.060119 1.70065e-05 4.96387e-06 3.99335e-06 2.53268e-06   0.0414653 4.92019e-06    0.060119
