8	12	8	1
 2 10  1  0  0  0  0  4  5  0  0  0
 2  0  1  0 11  0  0  4  0  0  0  6
 2  0  1  0  0  0  0  0  5  0  9  0
 2  0  1  0  0  0  0  0  0  0  0  6
 0 10  1  0  0  3  7  4  5  0  0  0
 0  0  1 12  0  3  7  4  0  0  0  6
 0  0  1  0  0  3  0  0  5  8  9  0
 0  0  1  0  0  3  0  0  0  8  0  6
0.8	0.8	0.8	0.2	0.2	0.1	0.3	1	0.2	1	0.3	0.7	
0.188	0.311	0.587	0.255	0.833	0.163	0.372	0.377	
------target--------
7
------result--------
3	
------details--------
0.580175  0.58093 0.628065 0.581048 0.580175 0.580986 0.639622 0.580338
0.582599 0.583184 0.422605  0.58324 0.582599 0.583214 0.503463 0.583115
3.01455e-06 1.78625e-06   0.0150514 1.40521e-06 3.01455e-06 1.61349e-06  0.00931456 3.77421e-06
------result2--------
3	8	
------details2--------
0.579674 0.627182 0.579794        0 0.579731  0.63891 0.579078 0.579674 0.626804  0.58093 0.579674 0.580868 0.639116 0.580221 0.627182 0.626804  0.62682 0.627182 0.626811        0   0.6391 0.579794        0  0.62682 0.579794        0   0.6391        0        0 0.579674 0.627182 0.579794 0.579731  0.63891 0.579078 0.579731 0.580868 0.626811 0.580986 0.579731 0.639108 0.580276  0.63891 0.639116        0   0.6391  0.63891 0.639108   0.6391 0.579078 0.580221   0.6391 0.580338 0.579078 0.580276        0
0.581943 0.422057 0.581997 0.580175 0.581972 0.502353 0.581868 0.582107 0.424566        0 0.582107 0.582918 0.508331 0.582897 0.628891 0.632564 0.634096 0.628891 0.633192 0.628065  0.61184 0.582223 0.581048 0.424632 0.582223 0.581048 0.508507 0.581048 0.580175 0.581943 0.422057 0.581997 0.581972 0.502353 0.581868 0.582162  0.58292 0.424597        0 0.582162 0.508414 0.582953 0.640284 0.641198 0.639622 0.641756 0.640284 0.641432 0.641756 0.581515 0.582258 0.398413        0 0.581515 0.582311 0.580338
0.582107 0.628891 0.582223        0 0.582162 0.640284 0.581515 0.581943 0.632564 0.582981 0.581943  0.58292 0.641198 0.582258 0.422057 0.424566 0.424632 0.422057 0.424597        0 0.398413 0.581997        0 0.634096 0.581997        0 0.641756        0        0 0.582107 0.628891 0.582223 0.582162 0.640284 0.581515 0.581972 0.582918 0.633192 0.583034 0.581972 0.641432 0.582311 0.502353 0.508331 0.595049 0.508507 0.502353 0.508414 0.398413 0.581868 0.582897  0.61184 0.583016 0.581868 0.582953 0.641756
0.584369  0.42313 0.584425 0.582599 0.584399  0.50452 0.584299 0.584369 0.415642  0.58324 0.584369 0.583254 0.482326 0.583359  0.42313 0.415642 0.412982  0.42313 0.414548 0.422605 0.468465 0.584425  0.58324 0.412982 0.584425  0.58324 0.472111  0.58324 0.582599 0.584369  0.42313 0.584425 0.584399  0.50452 0.584299 0.584399 0.583254 0.414548  0.58324 0.584399 0.478292 0.583308  0.50452 0.482326 0.422605 0.472111  0.50452 0.478292 0.559456 0.584299 0.583359 0.468465  0.58324 0.584299 0.583308 0.559456
4.81932e-06   0.0150527 4.43188e-06 3.01455e-06 4.64363e-06  0.00931615 6.81634e-06 4.81932e-06   0.0150671 1.79138e-06 4.81932e-06 1.99361e-06  0.00940353 4.09724e-06   0.0150527   0.0150671   0.0150729   0.0150527   0.0150695   0.0150514   0.0158614 4.43188e-06 1.40521e-06   0.0150729 4.43188e-06 1.40521e-06  0.00945117 1.40521e-06 3.01455e-06 4.81932e-06   0.0150527 4.43188e-06 4.64363e-06  0.00931615 6.81634e-06 4.64363e-06 1.99361e-06   0.0150695 1.61542e-06 4.64363e-06  0.00942227 3.95185e-06  0.00931615  0.00940353   0.0156782  0.00945117  0.00931615  0.00942227   0.0143704 6.81634e-06 4.09724e-06   0.0158614 3.78416e-06 6.81634e-06 3.95185e-06  0.00113162
