8	12	8	1
 0  1 10  0  0  0  0  0  0  3  0  0
 0  1  0  6  0  0  0  0  0  3  4  8
 0  1  0  0  0  0  0  0  9  0  0  0
 0  1  0  6  0  0  0  5  0  0  4  0
 0  0  0  0  0  2  0  0  0  3  0  0
 0  0  0  0  0  2  0  0  0  3  4  8
 7  0  0  0 12  2  0  0  0  0  0  0
 7  0  0  0  0  2 11  5  0  0  4  0
0.9	0.5	0.1	0.7	0.9	0.1	0.8	0.5	0.4	0.4	0.5	0.5	
0.15	0.506	0.086	0.545	0.898	0.81	0.992	0.344	
------target--------
2
------result--------
6	
------details--------
0.479673 0.565056  0.48219 0.481005 0.479701 0.546435 0.480783 0.481757
0.487135 0.452282 0.484547 0.485123 0.487275 0.438831 0.483566 0.484227
2.52756e-05  0.00497603 3.42249e-07 7.21296e-06 2.57161e-05  0.00558785 3.86235e-06 1.99724e-06
------result2--------
6	5	
------details2--------
0.565025 0.479596 0.478117 0.479673 0.546401 0.478172 0.479157 0.565025 0.565025 0.565056 0.565056        0 0.563986 0.564699 0.479596 0.565025 0.480929 0.479625 0.546385 0.480707 0.481681 0.478117        0 0.480929 0.478146 0.565056 0.479514 0.480493        0        0 0.479625 0.478146        0 0.478202 0.479186 0.546401        0 0.546385 0.565056 0.546435 0.545133 0.545995 0.478172 0.563986 0.480707 0.479514 0.478202 0.545133 0.480269 0.479157 0.564699 0.481681 0.480493 0.479186 0.545995 0.480269
0.422335 0.481982 0.483135        0 0.375237 0.480982  0.48165 0.567275 0.565959        0        0 0.565056 0.565977 0.566411 0.487059 0.452223 0.485048 0.487199 0.438781 0.483492 0.484153 0.486338 0.481005 0.483296 0.486496 0.428818 0.482307 0.482972 0.479701 0.479701  0.48201 0.483164 0.479701  0.48101 0.481679 0.548932 0.546435  0.54794 0.510502        0 0.547564 0.548115 0.485636 0.451084 0.483079 0.483637 0.485776 0.437754 0.482751 0.486621 0.451874 0.484044 0.484614 0.486762 0.438466 0.483059
0.567275 0.487059 0.486338 0.481801 0.548932 0.485636 0.486621 0.422335 0.452223 0.428818  0.42235 0.510502 0.451084 0.451874 0.481982 0.565959 0.483296  0.48201  0.54794 0.483079 0.484044 0.483135        0 0.485048 0.483164 0.510502 0.483637 0.484614        0        0 0.487199 0.486496        0 0.485776 0.486762 0.375237        0 0.438781 0.428818 0.375261 0.437754 0.438466 0.480982 0.565977 0.483492 0.482307  0.48101 0.547564 0.483059  0.48165 0.566411 0.484153 0.482972 0.481679 0.548115 0.482751
0.486293 0.489488 0.489011 0.487275 0.486154 0.488469 0.489143 0.486293  0.45407 0.485123 0.487275 0.438831 0.453341 0.453866 0.489488  0.45407 0.487439 0.489627 0.440389 0.485861 0.486522 0.489011 0.485123 0.487439  0.48911  0.46433 0.486445 0.487111 0.487275 0.487275 0.489627  0.48911 0.487275 0.488609 0.489283 0.486154 0.438831 0.440389  0.46433 0.487275 0.439786 0.440253 0.488469 0.453341 0.485861 0.486445 0.488609 0.439786 0.485541 0.489143 0.453866 0.486522 0.487111 0.489283 0.440253 0.485541
  0.0064856 2.56307e-05 3.33583e-05 2.57958e-05  0.00925046 2.92342e-05 2.73247e-05   0.0064856   0.0049762  0.00611715  0.00652818  0.00613189  0.00497844  0.00497725 2.56307e-05   0.0049762 7.56016e-06 2.60707e-05    0.005588 4.20868e-06 2.34168e-06 3.33583e-05 7.21296e-06 7.56016e-06 3.38213e-05  0.00644036 1.11158e-05 9.23193e-06 2.57161e-05 2.57161e-05 2.60707e-05 3.38213e-05 2.57161e-05 2.96722e-05 2.77639e-05  0.00925046  0.00558785    0.005588  0.00644036  0.00933515  0.00559029  0.00558908 2.92342e-05  0.00497844 4.20868e-06 1.11158e-05 2.96722e-05  0.00559029 5.87774e-06 2.73247e-05  0.00497725 2.34168e-06 9.23193e-06 2.77639e-05  0.00558908 5.87774e-06
