8	12	8	1
 0  0 10  7  1  5  0  0  0  6  4  0
 3  0  0  0  1  5  0 12  0  0  0  0
 0  2  0  7  1  0  0  0  9  0  4  0
 3  2  0  0  1  0 11  0  0  0  0  0
 0  0  0  0  1  0  0  0  0  6  4  0
 3  0  0  0  1  0  0  0  0  0  0  0
 0  2  0  0  1  0  0  0  0  0  4  8
 3  2  0  0  1  0  0  0  0  0  0  8
0.2	0.7	0.3	0.8	0.2	0.4	0.9	0.8	0.8	0.8	0.9	0.4	
0.232	0.016	0.959	0.116	0.268	0.091	0.647	0.307	
------target--------
8
------result--------
7	
------details--------
0.637579    0.638 0.636966 0.637867 0.637695  0.63802 0.708273 0.708806
0.639637 0.639601 0.639154 0.639731   0.6397 0.639433 0.480192 0.488514
1.60881e-06 1.53373e-07 2.59071e-06  6.5369e-07 1.25527e-06 7.74299e-08    0.023541   0.0225153
------result2--------
6	7	
------details2--------
0.637533 0.636493 0.637399 0.637579 0.637553 0.708074 0.708613 0.637533  0.63692 0.637847  0.63765    0.638 0.708793 0.708793 0.636493  0.63692 0.636785 0.636612  0.63694 0.707732 0.708277 0.637399 0.637847 0.636785 0.637516 0.637867 0.708702 0.708702        0  0.63765 0.636612 0.637516  0.63767 0.708075 0.708612 0.637553        0  0.63694        0  0.63767 0.708806        0 0.708074 0.708793 0.707732 0.708702 0.708075 0.708806        0 0.708613 0.708793 0.708277 0.708702 0.708612 0.708806        0
0.639142 0.638689 0.639269        0 0.638976 0.479962 0.488289 0.639592 0.639109 0.639781 0.639655        0 0.479429 0.479429 0.638564 0.638535 0.638659 0.638626 0.638372  0.47965 0.487978 0.639459 0.639747 0.638976 0.639523        0 0.479383 0.479383 0.637695 0.639255 0.638805 0.639384 0.639089 0.480014 0.488336 0.639611  0.63802 0.639128  0.63802 0.639675 0.479435  0.63802 0.708946 0.691132 0.708824 0.704289 0.709199 0.681062 0.708273 0.709458 0.709999 0.709344 0.710007 0.709716        0 0.708806
0.639592 0.638564 0.639459 0.639424 0.639611 0.708946 0.709458 0.639142 0.638535 0.639747 0.639255 0.639899 0.691132 0.709999 0.638689 0.639109 0.638976 0.638805 0.639128 0.708824 0.709344 0.639269 0.639781 0.638659 0.639384 0.639801 0.704289 0.710007        0 0.639655 0.638626 0.639523 0.639675 0.709199 0.709716 0.638976        0 0.638372        0 0.639089 0.681062        0 0.479962 0.479429  0.47965 0.479383 0.480014 0.479435        0 0.488289 0.479429 0.487978 0.479383 0.488336 0.479435 0.681062
0.641203 0.640754 0.641332   0.6397 0.641035 0.480988 0.489293 0.641203 0.640719 0.639528 0.641264 0.639433 0.508677 0.616171 0.640754 0.640719 0.640848 0.640817 0.640551 0.480756 0.489072 0.641332 0.639528 0.640848 0.641394 0.639433 0.488069 0.549246   0.6397 0.641264 0.640817 0.641394 0.641096 0.481044 0.489364 0.641035 0.639433 0.640551 0.639433 0.641096 0.526797 0.639433 0.480988 0.508677 0.480756 0.488069 0.481044 0.526797 0.480192 0.489293 0.616171 0.489072 0.549246 0.489364 0.639433 0.480192
1.76382e-06 4.21563e-06 2.26702e-06 1.61543e-06 1.68734e-06   0.0235414   0.0225156 1.76382e-06 2.74645e-06 7.28667e-07 1.40967e-06  1.5646e-07   0.0235692   0.0232658 4.21563e-06 2.74645e-06 3.25111e-06 3.85686e-06 2.66972e-06   0.0235417    0.022516 2.26702e-06 7.28667e-07 3.25111e-06 1.91196e-06 6.58015e-07   0.0235478   0.0228722 1.25527e-06 1.40967e-06 3.85686e-06 1.91196e-06 1.33337e-06   0.0235414   0.0225157 1.68734e-06 7.74299e-08 2.66972e-06 7.74299e-08 1.33337e-06   0.0235867 7.74299e-08   0.0235414   0.0235692   0.0235417   0.0235478   0.0235414   0.0235867    0.023541   0.0225156   0.0232658    0.022516   0.0228722   0.0225157   0.0234051   0.0235649
