8	12	8	1
 0  2  0  1 10  0  0  0  0  0  0  0
 0  2  0  1  0  0  5  0  0  0  8  0
 0  0  3  0  0  0  0  0  0  0  0  0
 0  0  0  0  0  0  0  0  9  0  8  0
 4  0  0  1  0  0  0  6  0  0  0 12
 4  0  0  1  0 11  5  0  0  0  0  0
 0  0  3  0  0  0  0  6  0  7  0  0
 0  0  0  0  0  0  0  0  0  7  0  0
0.9	0.7	0.5	0.9	0.6	0.7	0.3	0.3	0.8	0.8	0.5	0.6	
0.313	0.197	0.493	0.29	0.339	0.709	0.582	0.471	
------target--------
7
------result--------
8	
------details--------
0.428427  0.42859 0.427202 0.428174 0.428396 0.427876 0.602088 0.579963
0.430918 0.431042 0.434535 0.430765 0.430893 0.430499 0.322985 0.271433
1.66873e-06 1.02571e-06 1.88226e-05 2.55232e-06 1.77881e-06 3.22854e-06   0.0375529   0.0495204
------result2--------
3	8	
------details2--------
  0.4282  0.42681 0.427782 0.428005 0.427483 0.601963 0.579734   0.4282 0.426975        0 0.428169 0.427648  0.60203 0.579841  0.42681 0.426975 0.426556 0.426779 0.426256        0 0.602088 0.427782 0.428174 0.426556 0.427751 0.427228 0.601847  0.57956 0.428005 0.428169 0.426779 0.427751 0.427452 0.601954 0.579717 0.427483 0.427648 0.426256 0.427228 0.427452 0.601726 0.579367 0.601963  0.60203 0.602088 0.601847 0.601954 0.601726        0 0.579734 0.579841 0.602088  0.57956 0.579717 0.579367        0
0.430657  0.43414 0.430378 0.430507 0.430112 0.322802 0.271285 0.430695 0.434306  0.42859 0.430669 0.430274  0.32288 0.271347 0.429313 0.429438 0.429158 0.429287  0.42889 0.427202 0.261756 0.430282        0 0.433884 0.430256  0.42986 0.322677 0.271186 0.430502 0.430627 0.434109 0.430348 0.430081 0.322787 0.271273 0.429985  0.43011  0.43358 0.429829 0.429959 0.322532 0.271069 0.602752 0.602646        0  0.60281 0.602739 0.602726 0.602088 0.581187 0.581154 0.515884 0.581175 0.581169  0.58102 0.579963
0.430695 0.429313 0.430282 0.430502 0.429985 0.602752 0.581187 0.430657 0.429438        0 0.430627  0.43011 0.602646 0.581154  0.43414 0.434306 0.433884 0.434109  0.43358        0 0.515884 0.430378   0.4306 0.429158 0.430348 0.429829  0.60281 0.581175 0.430507 0.430669 0.429287 0.430256 0.429959 0.602739 0.581169 0.430112 0.430274  0.42889  0.42986 0.430081 0.602726  0.58102 0.322802  0.32288 0.261756 0.322677 0.322787 0.322532 0.515884 0.271285 0.271347 0.261756 0.271186 0.271273 0.271069        0
0.433161 0.436705 0.432883 0.433011 0.432617 0.323982 0.272241 0.433161 0.436835 0.431042 0.433135 0.432741 0.324021 0.272282 0.436705 0.436835 0.436544 0.436678 0.436271 0.434535 0.314973 0.432883 0.431042 0.436544 0.432858 0.432463 0.323926  0.27219 0.433011 0.433135 0.436678 0.432858 0.432591  0.32397 0.272231 0.432617 0.432741 0.436271 0.432463 0.432591 0.323802 0.272089 0.323982 0.324021 0.434535 0.323926  0.32397 0.323802 0.271433 0.272241 0.272282 0.314973  0.27219 0.272231 0.272089 0.271433
2.69971e-06 2.05245e-05 4.23298e-06 3.45626e-06 4.91225e-06   0.0375532   0.0495209 2.69971e-06 1.98698e-05 1.02571e-06 2.81015e-06 4.26391e-06    0.037553   0.0495207 2.05245e-05 1.98698e-05 2.14232e-05 2.06368e-05 2.21117e-05 1.88226e-05   0.0515042 4.23298e-06 2.57535e-06 2.14232e-05 4.34387e-06 5.80278e-06   0.0375534   0.0495212 3.45626e-06 2.81015e-06 2.06368e-05 4.34387e-06 5.02334e-06   0.0375532   0.0495209 4.91225e-06 4.26391e-06 2.21117e-05 5.80278e-06 5.02334e-06   0.0375536   0.0495214   0.0375532    0.037553   0.0470826   0.0375534   0.0375532   0.0375536   0.0509946   0.0495209   0.0495207   0.0515042   0.0495212   0.0495209   0.0495214   0.0495204
