8	12	8	1
 0  1  0  0  8  2  0  6  0  0  0  0
 0  1  0  0  0  2  0  6  0  0  4  0
 0  1  0  0  0  2  0  0  7  0  0 12
 0  1  0 10  0  2  0  0  7  0  4  0
 0  1  9  0  8  0  0  0  0  3  0  0
 0  1  9  0  0  0  0  0  0  3  4  0
 0  1  0  0  0  0  5  0  0  3  0  0
11  1  0  0  0  0  5  0  0  3  4  0
0.4	0.4	1	0.7	0.6	0.2	0.5	0.7	0.4	0.2	0.8	0.8	
0.243	0.78	0.508	0.906	0.768	0.778	0.108	0.885	
------target--------
5
------result--------
6	
------details--------
0.330375 0.331327 0.331633 0.331233 0.577066  0.56051 0.332259 0.331566
0.334688 0.334001 0.334266 0.333926 0.253192  0.24431 0.334701 0.334142
1.04378e-05 3.86463e-06  3.2142e-06 4.01007e-06   0.0418251   0.0437036 7.12567e-07  3.2626e-06
------result2--------
5	6	
------details2--------
0.330375 0.329604 0.329199        0 0.575128 0.330236 0.329533        0 0.330558 0.330154 0.575128 0.556028 0.331188 0.330487 0.329604 0.330558 0.330462 0.576649 0.559984 0.331495 0.330796 0.329199 0.330154 0.330462 0.576585 0.559839 0.331094 0.330392 0.575128 0.575128 0.576649 0.576585        0 0.577014 0.577072 0.575128 0.556028 0.559984 0.559839        0 0.560435 0.560326 0.330236 0.331188 0.331495 0.331094 0.577014 0.560435        0 0.329533 0.330487 0.330796 0.330392 0.577072 0.560326 0.331566
       0 0.332245 0.331905 0.330375 0.241302 0.332686 0.332125 0.331327 0.333199 0.332858 0.255918  0.24436 0.333638 0.333077 0.333921 0.333239 0.333163 0.252747 0.243891 0.333942 0.333382 0.333517 0.332839 0.333104 0.252518 0.243673 0.333544 0.332983 0.579739 0.579739 0.578072 0.577688 0.577066 0.577919 0.577053 0.545361 0.567263  0.56178 0.561379  0.56051 0.561749  0.56089  0.33455 0.333864 0.334129 0.333789 0.253113 0.244235 0.332259 0.333853 0.333174 0.333439 0.333099  0.25272  0.24386        0
0.338682 0.333921 0.333517 0.579739 0.545361  0.33455 0.333853        0 0.333239 0.332839 0.579739 0.567263 0.333864 0.333174 0.332245 0.333199 0.333104 0.578072  0.56178 0.334129 0.333439 0.331905 0.332858 0.333163 0.577688 0.561379 0.333789 0.333099 0.241302 0.255918 0.252747 0.252518 0.441512 0.253113  0.25272 0.241302  0.24436 0.243891 0.243673        0 0.244235  0.24386 0.332686 0.333638 0.333942 0.333544 0.577919 0.561749        0 0.332125 0.333077 0.333382 0.332983 0.577053  0.56089 0.334023
0.334001 0.336586 0.336244  0.26585  0.24784 0.337027 0.336467 0.334001 0.335887 0.335546 0.248985 0.244234 0.336323 0.335764 0.336586 0.335887 0.335812 0.254284 0.245339 0.336589  0.33603 0.336244 0.335546 0.335812 0.254081  0.24515 0.336249 0.335689  0.26585 0.248985 0.254284 0.254081  0.24431 0.254523 0.254189  0.24784 0.244234 0.245339  0.24515  0.24431 0.245568 0.245262 0.337027 0.336323 0.336589 0.336249 0.254523 0.245568 0.334701 0.336467 0.335764  0.33603 0.335689 0.254189 0.245262 0.334701
 1.3322e-05 1.36997e-05 1.45129e-05   0.0169519   0.0438496 1.11623e-05 1.37675e-05 3.86463e-06 7.10519e-06 7.91052e-06   0.0418506   0.0437207 4.58372e-06 7.16377e-06 1.36997e-05 7.10519e-06 7.25251e-06   0.0418263   0.0437048 3.93191e-06 6.50527e-06 1.45129e-05 7.91052e-06 7.25251e-06   0.0418264    0.043705 4.72966e-06 7.31235e-06   0.0421282   0.0418506   0.0418263   0.0418264   0.0448085   0.0418253    0.041826   0.0438496   0.0437207   0.0437048    0.043705   0.0437036   0.0437039   0.0437045 1.11623e-05 4.58372e-06 3.93191e-06 4.72966e-06   0.0418253   0.0437039 7.12567e-07 1.37675e-05 7.16377e-06 6.50527e-06 7.31235e-06    0.041826   0.0437045 3.31053e-06
