8	12	8	1
 0  2  0  1  0  4 11  0  0  0  0  8
 0  2 12  1  0  0  0  5  0  0  0  8
 0  2  0  1  3  4  0  0  0  0  0  0
 0  2  0  1  0  0  0  5  0  6  0  0
 0  0  0  1  0  0  0  0  9  0  0  0
 0  0  0  1  0  0  0  0  0  0  7  0
 0  0  0  1  3  0  0  0  0  0  0  0
10  0  0  1  0  0  0  0  0  6  7  0
0.6	0.4	0.6	0.8	1	0.8	0.1	0.4	0.5	1	1	0.3	
0.993	0.941	0.21	0.848	0.008	0.318	0.871	0.338	
------target--------
3
------result--------
1	
------details--------
  0.8212 0.738941 0.859579 0.738657 0.739584 0.739211 0.737459  0.73808
0.371936  0.74054 0.657404 0.740446 0.741073 0.740821 0.741507 0.740269
  0.0693288 1.59946e-06   0.0270916 2.07301e-06  2.0896e-08 1.21057e-06 1.06004e-05 2.66265e-06
------result2--------
3	7	
------details2--------
0.820801 0.858782 0.820499 0.821197 0.820913 0.858782 0.820101 0.820801 0.859548 0.738001 0.738936  0.73856 0.736801 0.737418        0 0.859548 0.859252 0.859579 0.859439 0.859579 0.859129 0.820499 0.738001 0.859252 0.738652 0.738252 0.736513        0 0.821197 0.738936 0.859579 0.738652 0.739205 0.737454 0.738075 0.820913  0.73856 0.859439 0.738252 0.739205 0.737075        0 0.858782 0.736801        0 0.736513 0.737454 0.737075 0.735927 0.820101 0.737418 0.859129  0.73808 0.738075  0.73808 0.735927
0.821783 0.790297 0.821843 0.822085 0.822134 0.790297 0.821694  0.37366 0.656972   0.7398 0.740435 0.740177 0.740855 0.739622 0.859579 0.859623 0.859877   0.8596 0.860032        0 0.859779  0.37312 0.739612 0.656761 0.740151 0.739922 0.740572 0.738657 0.371951 0.740535 0.657401  0.74044 0.740816 0.741501 0.740264 0.372359 0.740164 0.657143 0.740076 0.740699 0.741128 0.739211 0.308949 0.738417 0.737459 0.738322 0.738958 0.738703 0.738143 0.374196 0.739038  0.65637        0 0.739581        0 0.739993
 0.37366 0.867485  0.37312 0.371951 0.372359 0.308949 0.374196 0.821783 0.859623 0.739612 0.740535 0.740164 0.738417 0.739038 0.790297 0.656972 0.656761 0.657401 0.657143        0  0.65637 0.821843   0.7398 0.859877  0.74044 0.740076 0.738322        0 0.822085 0.740435   0.8596 0.740151 0.740699 0.738958 0.739581 0.822134 0.740177 0.860032 0.739922 0.740816 0.738703        0 0.790297 0.740855        0 0.740572 0.741501 0.741128 0.739993 0.821694 0.739622 0.859779 0.739722 0.740264 0.739984 0.738143
0.369355 0.244173 0.370833 0.367785 0.370542 0.457342 0.370898 0.369355 0.658043 0.741402  0.74203 0.741778 0.742472 0.741227 0.244173 0.658043 0.657999 0.658394 0.658259 0.741507 0.657875 0.370833 0.741402 0.657999 0.741935 0.741703 0.742372 0.740446 0.367785  0.74203 0.658394 0.741935  0.74231  0.74301 0.741761 0.370542 0.741778 0.658259 0.741703  0.74231 0.742749 0.740821 0.457342 0.742472 0.741507 0.742372  0.74301 0.742749 0.742195 0.370898 0.741227 0.657875 0.740446 0.741761 0.740821 0.742195
  0.0693311   0.0976639   0.0693305   0.0693288   0.0693297   0.0746999   0.0693312   0.0693311    0.027092 3.68789e-06 1.62058e-06 2.81877e-06 1.22356e-05 4.28341e-06   0.0976532    0.027092   0.0270923   0.0270916    0.027092    0.107857   0.0270924   0.0693305 3.68789e-06   0.0270923 2.09411e-06 3.34113e-06 1.27092e-05 2.07301e-06   0.0693288 1.62058e-06   0.0270916 2.09411e-06 1.23158e-06 1.06218e-05 2.68383e-06   0.0693297 2.81877e-06    0.027092 3.34113e-06 1.23158e-06 1.18315e-05 1.21057e-06   0.0746999 1.22356e-05 1.06004e-05 1.27092e-05 1.06218e-05 1.18315e-05 1.33114e-05   0.0693312 4.28341e-06   0.0270924 2.83562e-06 2.68383e-06   2.945e-06 1.33114e-05
