8	12	8	1
 0  1  0  2  0  0  0  7  0  9  0  4
 0  1  6  0  0  0  0  7  0  0  0  4
 0  1  0  2 11  0  3  0  0  0 10  0
 0  1  0  0  0  0  3  0  0  0 10  0
 0  1  0  2  0  5  0  0  8  9  0  4
 0  1  6  0  0  5  0  0  0  0  0  4
 0  1  0  2 11  0  3  0  8  0  0  0
12  1  0  0  0  0  3  0  0  0  0  0
0.7	0.7	0.1	0.2	0.6	0.3	0.3	0.8	0.3	0.7	0.1	0.1	
0.564	0.178	0.782	0.09	0.133	0.745	0.978	0.693	
------target--------
1
------result--------
5	
------details--------
0.616586 0.441738 0.441194 0.442886 0.602643 0.442738 0.441219 0.441997
0.205608 0.448273 0.443891  0.44528 0.117817 0.445161 0.443891 0.444598
  0.0875179  1.2706e-05 3.41541e-06 1.00762e-07    0.116618 7.73965e-07 3.36721e-06 3.11692e-06
------result2--------
1	5	
------details2--------
0.616729 0.616583 0.616604        0 0.616729 0.616562 0.616387        0 0.440012 0.441717 0.616729 0.441738 0.440038 0.440822 0.616583 0.440012 0.441194 0.602321 0.441016        0 0.440269 0.616604 0.441717        0 0.602654 0.442716 0.441194 0.441976        0 0.616729 0.602321 0.602654 0.602703 0.602309 0.602305 0.616729        0 0.441016 0.442716 0.602703 0.441042 0.441825 0.616562 0.440038        0 0.441194 0.602309 0.441042 0.440295 0.616387 0.440822 0.440269 0.441976 0.602305 0.441825 0.440295
0.614735 0.616588 0.614599 0.616586 0.614735   0.6166 0.616955 0.441738 0.442724 0.444124 0.112812        0 0.442724 0.443433 0.204983 0.446523        0 0.117571 0.443494 0.441194 0.442889   0.2056 0.448251 0.442886 0.117813 0.445142 0.443871 0.444577 0.602643 0.546542 0.602827 0.601385 0.601852 0.602837 0.603268 0.206131 0.442738 0.443723 0.445126 0.117801 0.443724 0.444431 0.204994 0.446549 0.441219 0.443786 0.117575 0.443517 0.442914 0.205285 0.447351 0.442982  0.44439 0.117686  0.44427 0.442983
0.112812 0.204983   0.2056 0.516196 0.206131 0.204994 0.205285 0.614735 0.446523 0.448251 0.546542 0.450269 0.446549 0.447351 0.616588 0.442724 0.443871 0.602827 0.443723 0.443786 0.442982 0.614599 0.444124        0 0.601385 0.445126 0.443786  0.44439        0 0.112812 0.117571 0.117813 0.117801 0.117575 0.117686 0.614735        0 0.443494 0.445142 0.601852 0.443517  0.44427   0.6166 0.442724        0 0.443871 0.602837 0.443724 0.442983 0.616955 0.443433 0.442889 0.444577 0.603268 0.444431 0.442914
0.398089 0.205972 0.206627 0.117817 0.198374 0.205971 0.206216 0.398089 0.449302 0.450881 0.150003 0.445161 0.449301 0.450017 0.205972 0.449302  0.44528  0.11796 0.446159 0.443891 0.445593 0.206627 0.450881  0.44528 0.118216 0.447554 0.446312 0.446984 0.117817 0.150003  0.11796 0.118216 0.118035  0.11796 0.118063 0.198374 0.445161 0.446159 0.447554 0.118035 0.446159 0.446868 0.205971 0.449301 0.443891 0.446312  0.11796 0.446159 0.445594 0.206216 0.450017 0.445593 0.446984 0.118063 0.446868 0.445594
   0.109356   0.0875182    0.087518    0.118279   0.0875232   0.0875182   0.0875183     0.00303 1.61903e-05 1.28113e-05    0.117953 1.49531e-05   1.614e-05 1.58724e-05   0.0875182 1.61903e-05 3.45011e-06    0.116618 4.20705e-06 3.41549e-06 6.56579e-06    0.087518 1.28113e-05 1.00762e-07    0.116618 8.76076e-07 3.47746e-06 3.21922e-06    0.116618    0.117953    0.116618    0.116618    0.116618    0.116618    0.116618   0.0875232 7.73965e-07 4.20705e-06 8.76076e-07    0.116618 4.15819e-06 3.90269e-06   0.0875182   1.614e-05 3.36721e-06 3.47746e-06    0.116618 4.15819e-06 6.51685e-06   0.0875183 1.58724e-05 6.56579e-06 3.21922e-06    0.116618 3.90269e-06 6.51685e-06
