8	12	8	1
 0  6  0 11  0  8  0  0  0  0  0  1
 0  0  0  0 12  0  0  0  0  2  0  1
 0  0  0  0  0  8  0  5  0  0  0  1
 0  0  0  0  0  0  0  5  0  2  0  1
 0  6  0  0  0  0  3  0  0  0  7  1
 0  0  0  0  0  0  3  0  9  2  0  1
 4  0  0  0  0  0  3  0  0  0  7  1
 4  0 10  0  0  0  3  0  0  2  0  1
0.5	1	0.7	0.4	0.3	0.1	0.1	0.8	0.1	0.7	1	0.7	
0.009	0.872	0.317	0.45	0.714	0.991	0.148	0.481	
------target--------
3
------result--------
1	
------details--------
0.646649 0.632117 0.651372 0.632259 0.631385 0.632376 0.631385 0.632032
0.0853874 0.634075 0.589066 0.633311 0.633695 0.634328 0.633695 0.634074
  0.0170697 1.43084e-06  0.00174619 4.81204e-07 2.86839e-06 6.81726e-07 2.86839e-06 1.70974e-06
------result2--------
3	4	
------details2--------
 0.646362  0.651319  0.651319   0.64561  0.646595   0.64561  0.646207  0.646362  0.651156  0.631818  0.630941  0.631934  0.630941   0.63159         0  0.651156  0.651372  0.650411  0.651371  0.650411  0.650975  0.651319  0.631818         0  0.631085  0.632078  0.631085  0.631733   0.64561  0.630941  0.650411  0.631085  0.631203         0  0.630856  0.646595  0.631934  0.651371  0.632078  0.631203  0.631203  0.631851   0.64561  0.630941  0.650411  0.631085         0  0.631203  0.630856  0.646207   0.63159  0.650975  0.631733  0.630856  0.631851  0.630856
 0.647644  0.635014  0.635014  0.647662  0.647178  0.647662  0.647933 0.0850111  0.588359  0.632879   0.63326  0.633909   0.63326  0.633642  0.651372  0.652119         0  0.652306  0.651382  0.652306  0.652523 0.0661338  0.633783  0.632259  0.633399   0.63404  0.633399   0.63378 0.0851322  0.632916  0.587783  0.632148  0.633178  0.631385  0.632911 0.0849822  0.633903  0.588611  0.633136  0.633518  0.633518  0.633899 0.0851322  0.632916  0.587783  0.632148  0.631385  0.633178  0.632911 0.0852289  0.633558  0.588448  0.632792  0.633174  0.633816  0.633174
0.0850111  0.667384 0.0661338 0.0851322 0.0849822 0.0851322 0.0852289  0.647644  0.652119  0.633783  0.632916  0.633903  0.632916  0.633558  0.635014  0.588359         0  0.587783  0.588611  0.587783  0.588448  0.635014  0.632879         0  0.632148  0.633136  0.632148  0.632792  0.647662   0.63326  0.652306  0.633399  0.633518         0  0.633174  0.647178  0.633909  0.651382   0.63404  0.633178  0.633178  0.633816  0.647662   0.63326  0.652306  0.633399         0  0.633518  0.633174  0.647933  0.633642  0.652523   0.63378  0.632911  0.633899  0.632911
0.0867603 0.0261205  0.352099 0.0856418 0.0898089 0.0856418 0.0858598 0.0867603  0.591569  0.634835  0.635225  0.635863  0.635225  0.635606 0.0261205  0.591569  0.633311  0.590332  0.593692  0.590332  0.590884  0.352099  0.634835  0.633311  0.634458  0.635084  0.634458  0.634836 0.0856418  0.635225  0.590332  0.634458  0.635478  0.633695  0.635224 0.0898089  0.635863  0.593692  0.635084  0.635478  0.635478  0.635858 0.0856418  0.635225  0.590332  0.634458  0.633695  0.635478  0.635224 0.0858598  0.635606  0.590884  0.634836  0.635224  0.635858  0.635224
  0.0170704   0.0202778   0.0177109    0.017072   0.0170701    0.017072   0.0170709   0.0170704  0.00174754 1.91847e-06 4.31736e-06 2.12595e-06 4.31736e-06 3.15409e-06   0.0202764  0.00174754   0.0216612  0.00174858   0.0017475  0.00174858  0.00174759   0.0177109 1.91847e-06 4.81204e-07 3.35762e-06 1.16665e-06 3.35762e-06 2.19651e-06    0.017072 4.31736e-06  0.00174858 3.35762e-06 3.56065e-06 2.86839e-06 4.59398e-06   0.0170701 2.12595e-06   0.0017475 1.16665e-06 3.56065e-06 3.56065e-06 2.39957e-06    0.017072 4.31736e-06  0.00174858 3.35762e-06 2.86839e-06 3.56065e-06 4.59398e-06   0.0170709 3.15409e-06  0.00174759 2.19651e-06 4.59398e-06 2.39957e-06 4.59398e-06
