8	12	8	1
 0  0  0  0  0  0  0  0 12  7  8  9
 0  0  0  0  0  0  0  0  0  0  8  0
 1 11  0  0  0  0  0  6  0  0  0  9
 1  0  0  2  0  0  0  0  0  0  0  0
 0  0 10  0  3  0  5  0  0  7  0  0
 0  0  0  0  0  4  5  0  0  0  0  0
 1  0  0  0  3  0  0  6  0  0  0  0
 1  0  0  2  0  4  0  0  0  0  0  0
0.5	1	0.1	0.8	0.8	0.2	0.1	0.3	0.2	0.9	0.3	0.5	
0.331	0.728	0.736	0.902	0.589	0.913	0.684	0.352	
------target--------
8
------result--------
6	
------details--------
0.597255 0.597309 0.596899 0.596759 0.595227 0.620661 0.597319 0.638578
0.598318 0.598345 0.598068 0.598276 0.612354 0.430894 0.598336  0.56135
4.35752e-07 3.56419e-07 7.08559e-07 1.19599e-06 7.08689e-05  0.00784842 3.35827e-07  0.00309537
------result2--------
5	6	
------details2--------
0.597255 0.596634 0.596495 0.594943 0.620493 0.597056 0.638532        0  0.59669 0.596551 0.595004 0.620522 0.597111 0.638528 0.596634  0.59669 0.596137 0.594577 0.620167 0.596899 0.638266 0.596495 0.596551 0.596137 0.593194 0.637426  0.59656        0 0.594943 0.595004 0.594577 0.593194 0.620684 0.595014 0.637505 0.620493 0.620522 0.620167 0.637426        0 0.620528 0.637426 0.597056 0.597111        0  0.59656 0.595014 0.620528 0.638529 0.638532 0.638528 0.638266 0.638578 0.637505        0 0.638529
       0 0.597808 0.598016 0.612131  0.43107 0.598077 0.561024 0.597309 0.597862  0.59807 0.612176 0.431004 0.598131   0.5611 0.597704 0.597732  0.59766 0.611792 0.430972        0 0.560679 0.597565 0.597593 0.597313 0.620073 0.360155 0.597583 0.596759 0.596096  0.59612 0.595807 0.597274        0 0.596109 0.558209 0.621175 0.621219 0.621102 0.604745 0.620661 0.621215 0.604745 0.598123  0.59815 0.597319  0.59808 0.612184 0.430996 0.561112 0.638719 0.638778 0.638856        0  0.64537 0.638578 0.638779
  0.5982 0.597704 0.597565 0.596096 0.621175 0.598123 0.638719        0 0.597732 0.597593  0.59612 0.621219  0.59815 0.638778 0.597808 0.597862 0.597313 0.595807 0.621102 0.597913 0.638856 0.598016  0.59807  0.59766 0.597274 0.604745  0.59808        0 0.612131 0.612176 0.611792 0.620073 0.620269 0.612184  0.64537  0.43107 0.431004 0.430972 0.360155        0 0.430996 0.650689 0.598077 0.598131        0 0.597583 0.596109 0.621215 0.638779 0.561024   0.5611 0.560679        0 0.558209 0.604745 0.561112
0.598345 0.598873 0.599081 0.613057 0.430338 0.599141 0.562357 0.598345   0.5989 0.599108 0.613085 0.430442 0.599168  0.56236 0.598873   0.5989  0.59883 0.612866 0.430822 0.598336 0.561954 0.599081 0.599108  0.59883 0.604718 0.538161 0.599098 0.598276 0.613057 0.613085 0.612866 0.604718  0.60803 0.613076 0.582144 0.430338 0.430442 0.430822 0.538161  0.60803 0.430458 0.320893 0.599141 0.599168 0.598336 0.599098 0.613076 0.430458 0.562346 0.562357  0.56236 0.561954 0.598276 0.582144 0.320893 0.562346
4.37412e-07 1.14801e-06 1.63544e-06 7.13573e-05  0.00784861  7.7406e-07  0.00309573 3.56419e-07 1.06785e-06 1.55533e-06 7.12643e-05  0.00784858 6.94159e-07  0.00309565 1.14801e-06 1.06785e-06 1.90907e-06 7.16278e-05  0.00784883 7.54111e-07  0.00309589 1.63544e-06 1.55533e-06 1.90907e-06 9.49425e-05   0.0102323 1.53457e-06 1.19599e-06 7.13573e-05 7.12643e-05 7.16278e-05 9.49425e-05   0.0333421 7.12412e-05  0.00317353  0.00784861  0.00784858  0.00784883   0.0102323   0.0333421  0.00784857   0.0143869  7.7406e-07 6.94159e-07 3.35827e-07 1.53457e-06 7.12412e-05  0.00784857  0.00309563  0.00309573  0.00309565  0.00309589   0.0315292  0.00317353   0.0143727  0.00309563
