8	12	8	1
 0  0  0  0  0  0  5  0  0  0  0  0
 0  0  7  0  0  0  5  0  0  2  0  0
 0  3  0  1  4  0  0  0  0  0  0 12
10  0  7  1  4  0  0  0  0  2  8  0
 0  0  0  0  0  0  0  6  9  0  0  0
 0  0  0  0  0  0  0  6  0  2  0  0
 0  3  0  1  0  0  0  0  0  0  0  0
 0  0  0  1  0 11  0  0  0  2  8  0
0.3	0.3	0.5	0.6	0.5	0.7	0.3	0.2	0.6	1	1	0.2	
0.898	0.371	0.074	0.561	0.436	0.905	0.768	0.641	
------target--------
2
------result--------
4	
------details--------
0.586286 0.692114 0.586572 0.676286 0.586312 0.586671 0.586597 0.586288
0.589374 0.395432 0.588699 0.334921 0.588499 0.588776 0.588709 0.588529
3.56537e-06   0.0414978 1.55095e-06    0.046203 2.15964e-06 1.26164e-06  1.4742e-06 2.27972e-06
------result2--------
2	1	
------details2--------
       0 0.585831 0.687236 0.585568 0.585931 0.585856 0.585546 0.692114 0.692168        0 0.692151 0.692221 0.692158 0.691856 0.585831 0.692168 0.676177 0.585855 0.586218 0.586572 0.585834 0.687236 0.687236 0.676177  0.67608 0.676249 0.676178 0.675863 0.585568 0.692151 0.585855  0.67608 0.586312 0.585881 0.585572 0.585931 0.692221 0.586218 0.676249        0 0.586243 0.585934 0.585856 0.692158        0 0.676178 0.585881 0.586243 0.585859 0.585546 0.691856 0.585834 0.675863 0.585572 0.585934 0.585859
0.586286 0.587976 0.320297 0.587774 0.588054 0.587987 0.587802        0 0.691916 0.692114 0.692038 0.691582 0.691943 0.692642  0.58893 0.395548 0.335232 0.588059  0.58834        0 0.588086 0.643737 0.643737 0.676692 0.676713 0.676472 0.676715 0.677154 0.588671  0.39558 0.588005 0.335364        0 0.588016 0.587828 0.589028 0.395585  0.58836 0.335242 0.586671  0.58837 0.588185 0.588954 0.395535 0.586597 0.335206 0.588083 0.588364  0.58811 0.588647 0.395324 0.587975 0.335042 0.587774 0.588054 0.587986
       0  0.58893 0.643737 0.588671 0.589028 0.588954 0.588647        0 0.395548 0.643737  0.39558 0.395585 0.395535 0.395324 0.587976 0.691916 0.676692 0.588005  0.58836 0.588492 0.587975 0.320297 0.721051 0.335232 0.335364 0.335242 0.335206 0.335042 0.587774 0.692038 0.588059 0.676713  0.58821 0.588083 0.587774 0.588054 0.691582  0.58834 0.676472        0 0.588364 0.588054 0.587987 0.691943        0 0.676715 0.588016  0.58837 0.587986 0.587802 0.692642 0.588086 0.677154 0.587828 0.588185  0.58811
0.589374 0.591088 0.394167 0.590887 0.591176 0.591098 0.590901 0.589374 0.394989 0.121223 0.395117  0.39464 0.395014  0.39566 0.591088 0.394989 0.333728 0.590194 0.590471 0.588709  0.59022 0.394167 0.121223 0.333728 0.333974 0.333259 0.333755 0.334668 0.590887 0.395117 0.590194 0.333974 0.588776 0.590205 0.590021 0.591176  0.39464 0.590471 0.333259 0.588776 0.590482 0.590297 0.591098 0.395014 0.588709 0.333755 0.590205 0.590482 0.590231 0.590901  0.39566  0.59022 0.334668 0.590021 0.590297 0.590231
3.56537e-06 5.14723e-06   0.0472965 5.76583e-06 4.85634e-06 5.06851e-06 5.87257e-06    0.118308   0.0414978   0.0959903   0.0414978   0.0414979   0.0414978    0.041498 5.14723e-06   0.0414978   0.0462033 3.73714e-06 2.83169e-06 1.55191e-06  3.8484e-06   0.0472965   0.0962075   0.0462033   0.0462034   0.0462033   0.0462032   0.0462036 5.76583e-06   0.0414978 3.73714e-06   0.0462034 2.21302e-06 3.65868e-06 4.46276e-06 4.85634e-06   0.0414979 2.83169e-06   0.0462033 1.26164e-06 2.75366e-06 3.55729e-06 5.06851e-06   0.0414978  1.4742e-06   0.0462032 3.65868e-06 2.75366e-06 3.77061e-06 5.87257e-06    0.041498  3.8484e-06   0.0462036 4.46276e-06 3.55729e-06 3.77061e-06
