8	12	8	1
 0  0  0 11  0  0  0  3  0  0  0  0
 1  0  6  0  0  0  0  3  0 10  8  0
 0  0  0  0  0  0  2  3  0  0  0  0
 1  0  0  0  0  0  2  3  0  0  8  9
 0  0  0  0 12  4  0  0  7  0  0  0
 1  5  6  0  0  4  0  0  0  0  0  0
 0  0  0  0  0  0  2  0  7  0  0  0
 1  5  0  0  0  0  2  0  0  0  0  9
0.9	0.3	0.2	0.1	0.6	0.6	0.5	0.5	0.1	0.6	0.7	0.4	
0.723	0.65	0.082	0.405	0.307	0.391	0.009	0.364	
------target--------
4
------result--------
8	
------details--------
0.553275 0.552645 0.553423 0.639655 0.553224 0.553402 0.553569 0.636575
0.555841 0.555111 0.556317 0.346549 0.555468 0.555587 0.555757 0.306569
1.36169e-06 2.88687e-06 8.22669e-07    0.036227  1.3316e-06 6.88615e-07 8.58549e-09   0.0418513
------result2--------
3	8	
------details2--------
0.552493 0.553275 0.639722 0.552926 0.553103 0.553273 0.639722 0.552493 0.552645 0.639352 0.552293 0.552645 0.552643 0.639352        0        0        0 0.553076 0.553253 0.553421 0.639655 0.639722 0.639352 0.639655 0.639533 0.639698 0.639656        0 0.552926 0.552293 0.553076 0.639533 0.553054 0.553224 0.636438 0.553103        0 0.553253 0.639698 0.553054   0.5534 0.636597 0.553273 0.552643 0.553421 0.639656        0   0.5534 0.636576 0.639722 0.639352 0.639655        0 0.636438 0.636597 0.636576
0.554776        0 0.302278 0.555176 0.555304 0.555477 0.302278 0.554705        0 0.302306 0.554552        0 0.554862 0.302306 0.553423 0.553423 0.553423 0.555322 0.555444 0.555611 0.302304 0.638741 0.640233        0 0.640313 0.639137  0.63841 0.639655 0.555499 0.554767 0.555973 0.346384 0.555247        0 0.306457 0.555679 0.553402 0.556152 0.346536 0.555303 0.555599  0.30652 0.555839 0.555109 0.556315 0.346547 0.553569 0.555586 0.306568 0.613712  0.63205 0.584996 0.636575 0.637322 0.636309 0.635541
0.554705 0.555463 0.638741 0.555499 0.555679 0.555839 0.613712 0.554776 0.554921 0.640233 0.554767 0.554988 0.555109  0.63205        0        0        0 0.555973 0.556152 0.556315 0.584996 0.302278 0.302306 0.302304 0.346384 0.346536 0.346547 0.584996 0.555176 0.554552 0.555322 0.640313 0.555303 0.555467 0.637322 0.555304        0 0.555444 0.639137 0.555247 0.555586 0.636309 0.555477 0.554862 0.555611  0.63841        0 0.555599 0.635541 0.302278 0.302306 0.302304        0 0.306457  0.30652 0.306568
0.556512 0.556317 0.496062 0.557754 0.557893 0.558063  0.34558 0.556512 0.556317 0.399971 0.557022 0.555587 0.557312 0.314106 0.556317 0.556317 0.556317 0.558227 0.558383 0.558523 0.421701 0.496062 0.399971 0.556317 0.347464 0.346703 0.348003 0.306569 0.557754 0.557022 0.558227 0.347464 0.557497 0.555757 0.307192 0.557893 0.555587 0.558383 0.346703 0.557497 0.557774 0.307175 0.558063 0.557312 0.558523 0.348003 0.555757 0.557774 0.307383  0.34558 0.314106 0.421701 0.306569 0.307192 0.307175 0.307383
3.64018e-06 1.40376e-06   0.0403827 2.70139e-06 2.06087e-06 1.37043e-06    0.042064 3.64018e-06 3.06112e-06   0.0377575 4.23382e-06 2.93149e-06 2.89566e-06   0.0418906 8.22669e-07 8.22669e-07 8.22669e-07 2.15691e-06 1.51602e-06 8.31282e-07   0.0423791   0.0403827   0.0377575   0.0419814   0.0362273   0.0362271   0.0362271    0.042104 2.70139e-06 4.23382e-06 2.15691e-06   0.0362273 2.02528e-06 1.33175e-06   0.0418515 2.06087e-06 6.88615e-07 1.51602e-06   0.0362271 2.02528e-06 6.97281e-07   0.0418514 1.37043e-06 2.89566e-06 8.31282e-07   0.0362271 8.58549e-09 6.97281e-07   0.0418513    0.042064   0.0418906   0.0423791   0.0418513   0.0418515   0.0418514   0.0418513
