8	12	8	1
 0  0  1  3 10  0  0  0  0  0  8  2
 0  0  0  0  0  0  0  0  0  7  8  2
 0  0  1  0  0  4  0  6  0  0  0  2
 0  0  0  0  0  0  0  6  0  0  0  2
 0  0  1  3  0  0  5  0  0  0  0  0
11  0  0  0  0  0  0  0  0  7  0  0
 0  9  1  0  0  4  5  0  0  0  0  0
 0  9  0  0  0  0  0  0 12  0  0  0
0.7	0.9	1	0.1	0.7	0.6	0.3	0.3	0.2	1	0.7	0.2	
0.029	0.546	0.925	0.166	0.738	0.339	0.146	0.63	
------target--------
7
------result--------
8	
------details--------
0.808836 0.808852 0.808887 0.808887 0.808965 0.808981 0.901146 0.894152
0.810062  0.81007 0.810048 0.810048 0.810182  0.81017 0.571098 0.467899
1.02151e-06 9.86318e-07 8.64991e-07 8.64991e-07 7.57791e-07 6.97289e-07   0.0644078   0.0792133
------result2--------
7	5	
------details2--------
0.808836 0.808516 0.808516 0.808595 0.808612 0.901085 0.894021        0 0.808532 0.808532 0.808611 0.808628 0.901087 0.894025 0.808516 0.808532        0 0.808645 0.808662 0.901217 0.894128 0.808516 0.808532        0 0.808645 0.808662 0.901217 0.894128 0.808595 0.808611 0.808645 0.808645  0.80874        0 0.899857 0.808612 0.808628 0.808662 0.808662  0.80874 0.901107 0.894071 0.901085 0.901087 0.901217 0.901217 0.901146 0.901107        0 0.894021 0.894025 0.894128 0.894128 0.899857 0.894071 0.899857
       0 0.809685 0.809685 0.809818 0.809806 0.571469 0.468683 0.808852   0.8097   0.8097 0.809834 0.809822 0.571448 0.468641 0.809749 0.809757 0.808887 0.809869 0.809858 0.571913 0.469461 0.809749 0.809757 0.808887 0.809869 0.809858 0.571913 0.469461 0.809825 0.809833 0.809811 0.809811 0.809933 0.808965 0.457315 0.809841 0.809849 0.809828 0.809828 0.809961 0.571315 0.468359 0.901287 0.901292 0.900958 0.900958        0 0.901313 0.901146 0.894459 0.894464 0.894218 0.894218 0.871685 0.894503 0.871685
0.809857 0.809749 0.809749 0.809825 0.809841 0.901287 0.894459        0 0.809757 0.809757 0.809833 0.809849 0.901292 0.894464 0.809685   0.8097        0 0.809811 0.809828 0.900958 0.894218 0.809685   0.8097        0 0.809811 0.809828 0.900958 0.894218 0.809818 0.809834 0.809869 0.809869 0.809961        0 0.871685 0.809806 0.809822 0.809858 0.809858 0.809933 0.901313 0.894503 0.571469 0.571448 0.571913 0.571913        0 0.571315 0.871685 0.468683 0.468641 0.469461 0.469461 0.457315 0.468359 0.911084
 0.81007 0.810911 0.810911 0.811049 0.811032 0.570218 0.466037  0.81007 0.810919 0.810919 0.811057  0.81104 0.570222  0.46604 0.810911 0.810919 0.810048 0.811042 0.811019 0.568869 0.463615 0.810911 0.810919 0.810048 0.811042 0.811019 0.568869 0.463615 0.811049 0.811057 0.811042 0.811042 0.811157 0.810182 0.518925 0.811032  0.81104 0.811019 0.811019 0.811157 0.570143 0.465869 0.570218 0.570222 0.568869 0.568869 0.810182 0.570143 0.152573 0.466037  0.46604 0.463615 0.463615 0.518925 0.465869 0.152573
1.02308e-06 1.89591e-06 1.89591e-06 1.78698e-06 1.72397e-06   0.0644081    0.079214 9.86318e-07 1.86034e-06 1.86034e-06 1.75148e-06 1.68858e-06    0.064408    0.079214 1.89591e-06 1.86034e-06 8.64991e-07 1.63373e-06 1.56859e-06   0.0644089    0.079216 1.89591e-06 1.86034e-06 8.64991e-07 1.63373e-06 1.56859e-06   0.0644089    0.079216 1.78698e-06 1.75148e-06 1.63373e-06 1.63373e-06 1.46023e-06 7.57791e-07   0.0799485 1.72397e-06 1.68858e-06 1.56859e-06 1.56859e-06 1.46023e-06    0.064408   0.0792138   0.0644081    0.064408   0.0644089   0.0644089    0.159248    0.064408    0.142812    0.079214    0.079214    0.079216    0.079216   0.0799485   0.0792138    0.142866
