8	12	8	1
 5  0  8  0  1  0 12  0  2  0  3  0
 5  0  0  0  1 11  0  0  0  0  3  0
 0  0  8  0  1  0  0  0  2  0  0  0
 0  0  0  0  1  0  0  0  0 10  0  0
 0  0  0  9  1  0  0  0  2  0  3  4
 0  7  0  9  1  0  0  0  0  0  3  4
 0  0  0  0  1  0  0  6  2  0  0  4
 0  7  0  0  1  0  0  6  0  0  0  4
0.2	0.8	0.5	0.6	0.1	0.3	0.8	0.3	0.4	1	0.5	0.7	
0.682	0.356	0.79	0.09	0.171	0.58	0.43	0.723	
------target--------
6
------result--------
5	
------details--------
0.429991 0.431334 0.430714 0.431409 0.529101  0.56745 0.431282  0.42813
0.432807 0.433771 0.433234 0.433878 0.161835 0.336247 0.433589 0.435279
3.98046e-06 1.06579e-06 2.90639e-06 7.64992e-07   0.0583576   0.0264761 1.19183e-06 2.60004e-05
------result2--------
8	5	
------details2--------
0.429746 0.429991 0.429826 0.528099 0.567116 0.429693 0.426525 0.429746 0.430472  0.43117 0.528999 0.567487 0.431042 0.427888        0 0.430472  0.43055 0.528562 0.567274  0.43042 0.427259 0.429826  0.43117  0.43055 0.528966 0.567359 0.431118 0.427965 0.528099 0.528999 0.528562 0.528966        0 0.527914 0.567015 0.567116 0.567487 0.567274 0.567359        0 0.567015 0.567015 0.429693 0.431042  0.43042 0.431118 0.527914 0.567015        0 0.426525 0.427888 0.427259 0.427965 0.567015        0  0.42813
0.432211        0 0.432304 0.161588 0.335082 0.432029 0.433675  0.43257 0.432999 0.433643 0.161799 0.336065 0.433357 0.435037 0.430714 0.432925 0.433025 0.161703 0.335616 0.432744 0.434409 0.432644 0.433609 0.433072 0.161807 0.336132 0.433428 0.435115 0.529879 0.530037  0.53014 0.530999 0.529101 0.537451 0.494416 0.567707 0.567116 0.567786 0.568726  0.56745 0.569934 0.569934 0.432518 0.433487 0.432947 0.433591 0.162684 0.340308 0.431282  0.42937 0.430347 0.429803 0.430451 0.137589  0.42813        0
 0.43257 0.432149 0.432644 0.529879 0.567707 0.432518  0.42937 0.432211 0.432925 0.433609 0.530037 0.567116 0.433487 0.430347        0 0.432999 0.433072  0.53014 0.567786 0.432947 0.429803 0.432304 0.433643 0.433025 0.530999 0.568726 0.433591 0.430451 0.161588 0.161799 0.161703 0.161807        0 0.162684 0.137589 0.335082 0.336065 0.335616 0.336132  0.48002 0.340308 0.137589 0.432029 0.433357 0.432744 0.433428 0.537451 0.569934        0 0.433675 0.435037 0.434409 0.435115 0.494416 0.569934 0.435875
0.435023 0.433234 0.435128 0.162031 0.337167  0.43484 0.436547 0.435023  0.43545 0.436093 0.162168 0.337953 0.435804 0.437548 0.433234  0.43545 0.435556 0.162094 0.337483 0.435267 0.436983 0.435128 0.436093 0.435556 0.162229 0.337898 0.435911 0.437623 0.162031 0.162168 0.162094 0.162229 0.161835 0.156091 0.203407 0.337167 0.337953 0.337483 0.337898 0.161835 0.303131 0.415588  0.43484 0.435804 0.435267 0.435911 0.156091 0.303131 0.433589 0.436547 0.437548 0.436983 0.437623 0.203407 0.415588 0.433589
5.06454e-06 4.30213e-06 4.75269e-06   0.0583588   0.0264776 5.19326e-06 3.01008e-05 5.06454e-06 3.98556e-06 1.83311e-06   0.0583578   0.0264765 2.26518e-06 2.71077e-05 2.90639e-06 3.98556e-06 3.67671e-06   0.0583585   0.0264772 4.11357e-06 2.89949e-05 4.75269e-06 1.83311e-06 3.67671e-06    0.058358   0.0264764 1.95952e-06 2.67821e-05   0.0583588   0.0583578   0.0583585    0.058358   0.0583576   0.0583771   0.0612626   0.0264776   0.0264765   0.0264772   0.0264764   0.0611332   0.0266567   0.0494583 5.19326e-06 2.26518e-06 4.11357e-06 1.95952e-06   0.0583771   0.0266567 1.19183e-06 3.01008e-05 2.71077e-05 2.89949e-05 2.67821e-05   0.0612626   0.0025982 2.69869e-05
