8	12	8	1
 0  0  0  2  0  0  7  0  0  9  0  0
 0  0  1  2  0  6  7  0  0  0  0  0
 5  0  0  2  3  0  0  0  0  0 11  0
 5  8  1  2  3  6  0  0  0  0  0  0
 0  0  0  0  0  0  0  0  4  9  0 10
 0  0  1  0  0  0  0  0  4  0  0  0
 0  0  0  0  3  0  0 12  4  0  0 10
 0  8  1  0  3  0  0  0  4  0  0  0
0.6	0.5	0.6	0.6	0.9	0.2	0.6	0.1	0.3	0.4	0.3	0.5	
0.725	0.227	0.368	0.52	0.423	0.208	0.481	0.467	
------target--------
8
------result--------
4	
------details--------
0.506312 0.506877 0.506953 0.611629 0.506159 0.506962 0.506601  0.61547
0.508815 0.509221 0.509266   0.3261 0.508687 0.510265 0.508995  0.35359
2.84852e-06 1.26298e-06 9.72715e-07   0.0384293 3.08301e-06 1.38338e-06 2.12108e-06   0.0336686
------result2--------
4	6	
------details2--------
0.506312 0.506074  0.61135        0 0.506083 0.505641 0.615291        0 0.506642 0.611472 0.505742 0.506651 0.506301 0.615327 0.506074 0.506642 0.611616 0.505921 0.506728 0.506364 0.615479  0.61135 0.611472 0.611616 0.615154  0.61547 0.615222        0 0.505742 0.505742 0.505921 0.615154 0.506159        0 0.615154 0.506083 0.506651 0.506728  0.61547        0        0        0 0.505641 0.506301 0.506364 0.615222  0.50606 0.506601 0.615222 0.615291 0.615327 0.615479        0 0.615154  0.61547 0.615222
       0 0.508406 0.325782 0.506312 0.509403  0.50819 0.353406 0.506877  0.50896 0.325972 0.508432 0.509955 0.508663 0.353437 0.508583  0.50899 0.326012 0.508455 0.510034 0.508765 0.353504 0.612143 0.612649 0.611747 0.606619 0.564397 0.600946 0.611629  0.50844  0.50844 0.508255 0.322647        0 0.506159 0.322647 0.508593 0.508997 0.509045 0.322744 0.506962 0.506962 0.506962 0.508267 0.508587  0.50869 0.322837 0.508231        0 0.322837 0.615799   0.6164  0.61539  0.61547 0.616021        0 0.616525
0.508567 0.508583 0.612143  0.50844 0.508593 0.508267 0.615799        0  0.50899 0.612649  0.50844 0.508997 0.508587   0.6164 0.508406  0.50896 0.611747 0.508255 0.509045  0.50869  0.61539 0.325782 0.325972 0.326012 0.322647 0.322744 0.322837        0 0.508235 0.508432 0.508455 0.606619  0.50837 0.508231 0.616021 0.509403 0.509955 0.510034 0.564397        0        0        0  0.50819 0.508663 0.508765 0.600946   0.5083 0.508507 0.616525 0.353406 0.353437 0.353504 0.564397 0.322647 0.322744 0.322837
0.509221  0.51091 0.326702 0.508948 0.511942 0.510866 0.353938 0.509221 0.511313 0.326951 0.510992 0.512323  0.51109 0.354605  0.51091 0.511313 0.326899 0.510786 0.512381 0.511094 0.354364 0.326702 0.326951 0.326899 0.331378  0.38317 0.336837   0.3261 0.508948 0.510992 0.510786 0.331378 0.510265 0.509079 0.389161 0.511942 0.512323 0.512381  0.38317 0.510265 0.510265 0.510265 0.510866  0.51109 0.511094 0.336837 0.509079 0.510265 0.418482 0.353938 0.354605 0.354364   0.3261 0.389161 0.510265 0.418482
2.91895e-06  3.8358e-06   0.0384297 2.88345e-06 4.25448e-06 5.27438e-06   0.0336687 1.26298e-06 2.24056e-06   0.0384296 4.69265e-06 2.64958e-06 3.36024e-06   0.0336689  3.8358e-06 2.24056e-06   0.0384294 4.07255e-06 2.36171e-06 3.10582e-06   0.0336686   0.0384297   0.0384296   0.0384294    0.038468    0.038824   0.0385095   0.0384293 4.31042e-06 4.69265e-06 4.07255e-06    0.038468 3.49011e-06 3.22842e-06   0.0346635 4.25448e-06 2.64958e-06 2.36171e-06    0.038824 1.38338e-06 1.38338e-06 1.38338e-06 5.27438e-06 3.36024e-06 3.10582e-06   0.0385095 3.48102e-06 2.42492e-06    0.035453   0.0336687   0.0336689   0.0336686   0.0386686   0.0346635   0.0378819    0.035453
