8	12	8	1
 0  0  0  0  0  4  5  0  0  0  0  0
 0  0  0  0  1  0  0  0  6  0  0  0
 0  0  0 12  0  4  0  0  0  7  0  2
 0  9  0  0  1  0  0  0  6  7  0  2
 3  0  0  0  0  0  5  0  0  0  0  0
 3  0  0  0  1  0  0  0  0  0  0  0
 0  0 10  0  0  0  0  0  0  0  8  2
 0  9  0  0  1  0  0 11  0  0  8  2
0.8	0.3	0.8	0.1	0.8	0.2	1	0.7	1	1	0.1	0.2	
0.103	0.584	0.7	0.808	0.664	0.493	0.477	0.092	
------target--------
5
------result--------
1	
------details--------
0.566102 0.381065 0.382159 0.380603 0.617499 0.378099 0.381593 0.382062
0.0885161 0.383991 0.384633 0.383759 0.238035 0.391472 0.384226 0.383536
   0.129072 4.44027e-06 7.91944e-07 5.23179e-06   0.0720982 8.16647e-05 2.93581e-06 6.66686e-07
------result2--------
1	6	
------details2--------
 0.564935    0.5661  0.564817         0  0.617499  0.565556    0.5661  0.564935  0.380901         0  0.616689  0.376834  0.380332  0.380496    0.5661  0.380901  0.380436  0.617653  0.377938  0.381429  0.381898  0.564817  0.380603  0.380436  0.616937   0.37637  0.379866         0         0  0.616689  0.617653  0.616937  0.617499  0.617256  0.617747  0.617499  0.376834  0.377938   0.37637         0  0.377365   0.37784  0.565556  0.380332  0.381429  0.379866  0.617256  0.377365  0.381331    0.5661  0.380496  0.381898  0.380496  0.617747   0.37784  0.381331
  0.56765  0.566139  0.567173  0.566102  0.482924  0.567525  0.566115 0.0883741  0.383389  0.381065  0.237483  0.390188  0.382971  0.382867 0.0884961   0.38383  0.383598  0.237976  0.391295  0.384066  0.383378  0.088326         0  0.382947  0.237317  0.389694  0.382512  0.380603  0.617499  0.618566  0.615341  0.617963         0  0.618127   0.61635 0.0787692  0.379776   0.38039   0.37954  0.378099  0.380011  0.379308 0.0884392  0.383263  0.383917  0.383031  0.237735  0.390721  0.382812 0.0884912  0.383802   0.38438  0.383802   0.23795  0.391189  0.383966
0.0883741 0.0884961  0.088326         0 0.0787692 0.0884392 0.0884912   0.56765   0.38383         0  0.618566  0.379776  0.383263  0.383802  0.566139  0.383389  0.382947  0.615341   0.38039  0.383917   0.38438  0.567173  0.382894  0.383598  0.617963   0.37954  0.383031  0.383802  0.482924  0.237483  0.237976  0.237317 0.0787692  0.237735   0.23795  0.482924  0.390188  0.391295  0.389694         0  0.390721  0.391189  0.567525  0.382971  0.384066  0.382512  0.618127  0.380011  0.383966  0.566115  0.382867  0.383378  0.382723   0.61635  0.379308  0.382812
0.0887062  0.088806 0.0886767 0.0885161  0.125243 0.0887188 0.0886336 0.0887062  0.386319  0.383991  0.238773  0.393195  0.385911  0.385889  0.088806  0.386319  0.386094  0.238884  0.394043  0.386555  0.385872 0.0886767  0.383991  0.386094  0.238641  0.392979   0.38568  0.383651 0.0885161  0.238773  0.238884  0.238641  0.391472  0.238824  0.238434  0.125243  0.393195  0.394043  0.392979  0.391472  0.393459  0.392814 0.0887188  0.385911  0.386555   0.38568  0.238824  0.393459  0.385456 0.0886336  0.385889  0.385872  0.383651  0.238434  0.392814  0.385456
   0.129074    0.129072    0.129074    0.129072    0.135205    0.129073    0.129072    0.129074 5.24126e-06 4.44027e-06   0.0720996 8.62178e-05 7.39756e-06 6.00577e-06    0.129072 5.24126e-06 6.04228e-06   0.0720986 8.25039e-05 3.73692e-06 1.46466e-06    0.129074 5.46261e-06 6.04228e-06   0.0720992 8.70647e-05 8.20027e-06  5.2371e-06    0.134415   0.0720996   0.0720986   0.0720992    0.117067   0.0720987   0.0720985    0.135205 8.62178e-05 8.25039e-05 8.70647e-05 8.16647e-05 8.46954e-05 8.23722e-05    0.129073 7.39756e-06 3.73692e-06 8.20027e-06   0.0720987 8.46954e-05 3.61046e-06    0.129072 6.00577e-06 1.46466e-06 5.45566e-06   0.0720985 8.23722e-05 3.61046e-06
