8	12	8	1
 2  3  0  0  1  0  0  0  0  0  0  0
 0  3  0  0  1  0  0  0  5  0  0  0
 2  0  0  0  1  0  0  8  0  0  0  0
 0  0  0  0  1  0  0  0  0  6  0 12
 2  0  0  0  1 10  4  0  0  0  0  0
 0  0  0  0  1  0  0  0  5  0  7  0
 2  0  0 11  1  0  4  0  0  0  0  0
 0  0  9  0  1  0  0  0  0  6  7  0
0.5	0.8	0.2	0.5	0.5	0.1	0.9	0.6	0.9	0.7	0.5	0.5	
0.623	0.493	0.116	0.048	0.997	0.255	0.516	0.485	
------target--------
6
------result--------
8	
------details--------
0.690088 0.689253 0.690697 0.690764 0.690642  0.78093 0.690425  0.76394
0.691971 0.692003  0.69242 0.692474 0.692364 0.504222 0.692178 0.350866
1.95328e-06  4.3551e-06 3.94131e-07 1.46561e-07 5.82191e-07   0.0382097 1.21268e-06   0.0539936
------result2--------
8	6	
------details2--------
       0 0.689983  0.69005 0.689926 0.779568 0.689708 0.760287 0.689253 0.689147 0.689215 0.689089        0 0.688869 0.777507 0.689983 0.689147  0.69066 0.690538 0.780913 0.690321 0.763897  0.69005 0.689215  0.69066 0.690605 0.780927 0.690388 0.763927 0.689926 0.689089 0.690538 0.690605 0.781041 0.690264 0.763974 0.779568 0.779568 0.780913 0.780927 0.781041 0.780916        0 0.689708 0.688869 0.690321 0.690388 0.690264 0.780916 0.763815 0.760287 0.777507 0.763897 0.763927 0.763974 0.778872 0.763815
0.690088 0.691714 0.691769 0.691663  0.54276 0.691471 0.358231        0 0.690886 0.690942 0.690835 0.689253 0.690642 0.323402 0.691867   0.6919 0.692372 0.692263   0.5041 0.692076 0.350939 0.691934 0.691966 0.692383 0.692328 0.504177 0.692141   0.3509 0.691814 0.691844 0.692265  0.69232 0.503954 0.692023 0.351462 0.782757 0.782757 0.781186 0.781046 0.779842  0.78098  0.78093 0.691597 0.691628 0.692049 0.692104 0.691999 0.503756 0.351237 0.769976 0.753794 0.764619 0.764535 0.763612 0.719765 0.764397
       0 0.691867 0.691934 0.691814 0.782757 0.691597 0.769976  0.69207   0.6919 0.691966 0.691844 0.782757 0.691628 0.753794 0.691714 0.690886 0.692383 0.692265 0.781186 0.692049 0.764619 0.691769 0.690942 0.692372  0.69232 0.781046 0.692104 0.764535 0.691663 0.690835 0.692263 0.692328 0.779842 0.691999 0.763612  0.54276        0   0.5041 0.504177 0.503954 0.503756 0.719765 0.691471 0.690642 0.692076 0.692141 0.692023  0.78098 0.764397 0.358231 0.323402 0.350939   0.3509 0.351462 0.802299 0.351237
0.691971 0.693596  0.69365  0.69354  0.40485 0.693355 0.339224 0.691971 0.693632 0.693687 0.693585 0.597035 0.693391  0.37619 0.693596 0.693632 0.694098 0.693991  0.50614 0.693804 0.349701  0.69365 0.693687 0.694098 0.694045 0.506288 0.693858 0.349333  0.69354 0.693585 0.693991 0.694045 0.506902  0.69375 0.344744  0.40485 0.597035  0.50614 0.506288 0.506902  0.50595  0.12393 0.693355 0.693391 0.693804 0.693858  0.69375  0.50595 0.349476 0.339224  0.37619 0.349701 0.349333 0.344744  0.12393 0.349476
1.95328e-06 2.35064e-06 2.10113e-06 2.54317e-06   0.0407205 3.17685e-06   0.0540775 4.35798e-06 4.75503e-06 4.50398e-06 4.95158e-06   0.0114903 5.58741e-06   0.0545797 2.35064e-06 4.75503e-06 5.41008e-07 9.78352e-07   0.0382099  1.6095e-06   0.0539937 2.10113e-06 4.50398e-06 5.41008e-07 7.29613e-07   0.0382098 1.36033e-06   0.0539937 2.54317e-06 4.95158e-06 9.78352e-07 7.29613e-07   0.0382104 1.80245e-06   0.0539951   0.0407205   0.0785137   0.0382099   0.0382098   0.0382104   0.0382103   0.0965053 3.17685e-06 5.58741e-06  1.6095e-06 1.36033e-06 1.80245e-06   0.0382103    0.053994   0.0540775   0.0545797   0.0539937   0.0539937   0.0539951   0.0965939    0.053994
