8	12	8	1
 0  0  0  0  3  0  6  4  0  0  0  0
 1  0  0  0  0  0  6  4  0  0  0  0
 0  2  0  0  3  0  0  4 11  8  9  0
 1  2 10  0  0  0  0  4  0  0  9  0
 0  0  0  0  3  5  0  0  0  0  0  0
 1  0  0  0  0  0  0  0  0  0  0  0
 0  2  0  7  3  5  0  0  0  8  0  0
 1  2  0  7  0  0  0  0  0  0  0 12
0.1	0.9	0.2	0.3	0.1	0.5	0.7	0.6	0.8	0.9	1	0.5	
0.4	0.042	0.083	0.702	0.306	0.89	0.276	0.121	
------target--------
7
------result--------
3	
------details--------
0.667741 0.667579 0.799418 0.667821 0.667627 0.668029 0.810989 0.667943
0.669618 0.669574  0.17193 0.669671 0.671631 0.669851 0.321993 0.669773
1.44144e-06 1.90206e-06    0.143088  1.2277e-06 4.36085e-06 5.94131e-07     0.10874 8.73325e-07
------result2--------
7	5	
------details2--------
        0  0.799291  0.667369  0.667177  0.667579  0.810939  0.667493         0  0.799354  0.667369  0.667015  0.667579  0.811051  0.667493  0.799291  0.799354  0.799533  0.808952  0.799481  0.808952   0.79947  0.667369  0.667369  0.799533  0.667257  0.667821  0.811211  0.667734  0.667177  0.667015  0.808952  0.667257  0.667467         0  0.667381  0.667579         0  0.799481         0  0.667467    0.8111         0  0.810939  0.811051         0  0.811211  0.810989    0.8111  0.811106  0.667493  0.667493   0.79947  0.667734  0.667381  0.667943  0.811106
 0.667741  0.171942  0.669233  0.671186  0.669419  0.322036  0.669336  0.667579  0.171969  0.669087  0.671021         0   0.32217   0.66918  0.799823  0.799563  0.798954  0.745796   0.79876  0.745796  0.799086  0.669258  0.669258   0.17199  0.671258         0  0.322264  0.669417  0.669062  0.669018  0.164249  0.669114  0.669295  0.667627  0.669216  0.669464  0.668029  0.171958  0.668029   0.67147  0.322126  0.668029  0.811148  0.810847  0.810989  0.810096         0  0.809827  0.810232  0.669379  0.669379  0.171963  0.669444  0.671384         0  0.322148
        0  0.799823  0.669258  0.669062  0.669464  0.811148  0.669379  0.669419  0.799563  0.669258  0.669018  0.669464  0.810847  0.669379  0.171942  0.171969   0.17199  0.164249  0.171958  0.848457  0.171963  0.669233  0.669087  0.798954  0.669114   0.66953  0.810096  0.669444  0.671186  0.671021  0.745796  0.671258   0.67147         0  0.671384  0.669419         0   0.79876         0  0.669295  0.809827         0  0.322036   0.32217  0.745796  0.322264         0  0.322126  0.322148  0.669336   0.66918  0.799086  0.669417  0.669216  0.669626  0.810232
 0.669618  0.171892  0.671114  0.673081  0.671295  0.321854  0.671215  0.669618  0.171838  0.670112  0.673053  0.669851  0.321583  0.669988  0.171892  0.171838  0.171684   0.24216  0.171633 0.0289188  0.171709  0.671114  0.670112  0.171684  0.673184  0.669851  0.320874  0.669931  0.673081  0.673053   0.24216  0.673184  0.673381  0.671631  0.673281  0.671295  0.669851  0.171633  0.669851  0.673381   0.32056  0.669851  0.321854  0.321583 0.0289188  0.320874  0.671631   0.32056  0.320971  0.671215  0.669988  0.171709  0.669931  0.673281  0.669851  0.320971
1.44144e-06    0.143088 2.68475e-06 5.81599e-06 2.04561e-06     0.10874  2.3264e-06 1.90671e-06    0.143088 2.51682e-06 6.28555e-06 1.92314e-06     0.10874 2.17499e-06    0.143088    0.143088    0.143088    0.144654    0.143088    0.202135    0.143088 2.68475e-06 2.51682e-06    0.143088 5.61007e-06 1.23907e-06    0.108741 1.50254e-06 5.81599e-06 6.28555e-06    0.144654 5.61007e-06 4.96612e-06 4.36085e-06 5.24827e-06 2.04561e-06 5.94131e-07    0.143088 5.94131e-07 4.96612e-06     0.10874 5.94131e-07     0.10874     0.10874    0.201949    0.108741    0.203615     0.10874     0.10874  2.3264e-06 2.17499e-06    0.143088 1.50254e-06 5.24827e-06 8.76819e-07     0.10874
