8	12	8	1
 0  0  0 10  4  0  0  2  0  8  0  0
 0  6  0  0  0  0  0  0  0  0  0  9
 0  0  0  0  4  0 12  2  0  0  0  0
 5  0  0  0  0  0  0  0  0  0  0  9
 0  0  3  0  0  1  0  2  7  8  0  0
 0  6  3  0  0  1  0  0  0  0  0  0
 0  0  0  0  0  1  0  2  7  0 11  0
 5  0  0  0  0  1  0  0  0  0  0  0
0.6	1	0.1	0.2	0.7	0.6	0.1	0.8	0.9	1	0.5	0.8	
0.756	0.017	0.089	0.714	0.215	0.056	0.758	0.343	
------target--------
4
------result--------
2	
------details--------
 0.351254  0.532415  0.352038  0.558663  0.351582  0.351933   0.35129  0.349759
 0.354006 0.0515482  0.354499  0.146101  0.354204  0.354949  0.353841  0.361749
3.43518e-06    0.140697  1.1321e-07   0.0978565 2.24306e-06 7.98833e-07   3.004e-06 4.87022e-05
------result2--------
4	2	
------details2--------
 0.532061  0.351232  0.558569  0.351254  0.351127  0.350477  0.348949  0.532061  0.532422         0   0.53202  0.532415  0.532146  0.558575  0.351232  0.532422  0.558683  0.351561  0.351912  0.351268  0.349738  0.558569         0  0.558683  0.558352  0.558575  0.558669  0.558663         0   0.53202  0.351561  0.558352  0.351455   0.35081  0.349279  0.351127         0  0.351912  0.558575  0.351455  0.351163  0.349631  0.350477  0.532146  0.351268  0.558669   0.35081  0.351163  0.348984  0.348949  0.558575  0.349738         0  0.349279  0.349631  0.348984
0.0514903  0.353718  0.145933         0  0.354146  0.353041  0.360909  0.533265  0.531616  0.532415  0.534181         0  0.533033  0.447286  0.353985 0.0515467  0.146098  0.354183  0.354928  0.353821  0.361725  0.558887  0.558663  0.556404  0.560048  0.560646  0.558648         0  0.351582 0.0515112  0.354026  0.145975  0.354472  0.353365  0.361262   0.35388  0.351933  0.354374  0.146182  0.354078  0.353715  0.361624  0.353241  0.051499  0.353752  0.145958  0.353436  0.354181  0.360947   0.35171 0.0473618  0.352194  0.349759  0.351912  0.352678  0.351548
 0.533265  0.353985  0.558887  0.353679   0.35388  0.353241   0.35171 0.0514903 0.0515467  0.560646 0.0515112 0.0134336  0.051499 0.0473618  0.353718  0.531616  0.556404  0.354026  0.354374  0.353752  0.352194  0.145933  0.447286  0.146098  0.145975  0.146182  0.145958 0.0121657         0  0.534181  0.354183  0.560048  0.354078  0.353436  0.351912  0.354146         0  0.354928  0.560646  0.354472  0.354181  0.352678  0.353041  0.533033  0.353821  0.558648  0.353365  0.353715  0.351548  0.360909  0.447286  0.361725         0  0.361262  0.361624  0.360947
0.0516896  0.356471   0.14651  0.354204  0.356921  0.355808  0.363809 0.0516896 0.0517231 0.0210746 0.0517154  0.354949 0.0516633 0.0822834  0.356471 0.0517231  0.146379  0.356661  0.357422  0.356299  0.364485   0.14651 0.0210746  0.146379  0.146668  0.144214  0.146435  0.361749  0.354204 0.0517154  0.356661  0.146668  0.357115  0.356003  0.363955  0.356921  0.354949  0.357422  0.144214  0.357115  0.356755  0.364629  0.355808 0.0516633  0.356299  0.146435  0.356003  0.356755  0.363635  0.363809 0.0822834  0.364485  0.361749  0.363955  0.364629  0.363635
   0.140698 3.55069e-06   0.0978567 3.47663e-06 4.23868e-06 6.47164e-06 5.22276e-05    0.140698    0.140697    0.166163    0.140698    0.165888    0.140697     0.14392 3.55069e-06    0.140697   0.0978565 2.35689e-06 9.12274e-07 3.11916e-06 4.88205e-05   0.0978567    0.168954   0.0978565   0.0978571    0.097857   0.0978566     0.16026 2.24306e-06    0.140698 2.35689e-06   0.0978571 3.04409e-06 5.25972e-06 5.09838e-05 4.23868e-06 7.98833e-07 9.12274e-07    0.097857 3.04409e-06 3.80729e-06 4.95133e-05 6.47164e-06    0.140697 3.11916e-06   0.0978566 5.25972e-06 3.80729e-06 5.17922e-05 5.22276e-05     0.14392 4.88205e-05 4.87022e-05 5.09838e-05 4.95133e-05 5.17922e-05
