8	12	8	1
 0  0 11  1  0  0  0  4  0  0  0  0
 0  0  0  1  2  0  0  0  0  9  0 12
 0  0  0  1  0  5  0  4  0  0  0  0
 6  0  0  1  2  5  0  0  0  0  0  0
 0  7  0  0  0  0  3  4  8  0  0  0
 0  7  0  0  2  0  3  0  0  9  0  0
 0  0  0  0  0  0  3  4  8  0 10  0
 6  0  0  0  2  0  3  0  0  0 10  0
0.6	0.3	0.9	0.3	0.5	0.6	0.1	0.8	0.1	0.2	0.3	1	
0.017	0.786	0.368	0.878	0.101	0.109	0.122	0.469	
------target--------
8
------result--------
7	
------details--------
0.503775 0.502501 0.503308 0.502216 0.503777 0.503753 0.550184 0.568058
 0.50609 0.505202 0.505666  0.50524 0.506366 0.506028 0.184738 0.425364
1.27493e-07  3.6431e-06 1.84444e-06 4.56121e-06 1.30489e-07 2.23843e-07   0.0316177   0.0101149
------result2--------
8	7	
------details2--------
0.502473  0.50328 0.502188  0.50375 0.503725 0.550161  0.56804 0.502473 0.502001 0.500897 0.502475 0.502501 0.549145 0.567249  0.50328 0.502001        0 0.503282 0.503257 0.547622 0.566693 0.502188 0.500897 0.502216 0.502189 0.502164 0.566701        0  0.50375 0.502475 0.503282 0.502189 0.503727        0 0.568066 0.503725        0 0.503257 0.502164 0.503727 0.550165 0.568062 0.550161 0.549145 0.547622 0.566701 0.550184 0.550165        0  0.56804 0.567249 0.566693 0.566693 0.568066 0.568062        0
0.505174 0.505638 0.505212 0.506338    0.506 0.184736 0.425338 0.504795 0.504369  0.50394 0.505089        0 0.184652 0.424157 0.505599 0.504708 0.503308 0.505872 0.505541 0.189908 0.436608 0.504516 0.503619        0 0.504887 0.504469   0.1542 0.502216 0.506065 0.505177  0.50564 0.505215 0.506004 0.503777 0.425344  0.50604 0.503753 0.505616  0.50519 0.506318  0.18475 0.425304 0.552028 0.551296 0.559983 0.536157        0 0.550999 0.550184 0.569511 0.568921 0.571881 0.571881  0.56728 0.567899 0.568058
0.504795 0.505599 0.504516 0.506065  0.50604 0.552028 0.569511 0.505174 0.504708 0.503619 0.505177 0.505162 0.551296 0.568921 0.505638 0.504369        0  0.50564 0.505616 0.559983 0.571881 0.505212  0.50394 0.504956 0.505215  0.50519 0.536157 0.571881 0.506338 0.505089 0.505872 0.504887 0.506318        0  0.56728    0.506        0 0.505541 0.504469 0.506004 0.550999 0.567899 0.184736 0.184652 0.189908   0.1542 0.157718  0.18475  0.56728 0.425338 0.424157 0.436608 0.129963 0.425344 0.425304 0.520601
  0.5075 0.507964  0.50754 0.508662 0.508326 0.184902 0.427473   0.5075 0.507076  0.50665 0.507775 0.506028 0.184832 0.426674 0.507964 0.507076 0.505666 0.508276 0.507901 0.167315 0.359126  0.50754  0.50665 0.505666 0.507755 0.507483 0.227853 0.479887 0.508662 0.507775 0.508276 0.507755   0.5086 0.506366 0.427408 0.508326 0.506028 0.507901 0.507483   0.5086 0.184178 0.428048 0.184902 0.184832 0.167315 0.227853 0.506366 0.184178 0.167236 0.427473 0.426674 0.359126 0.479887 0.427408 0.428048 0.167236
3.77165e-06 1.97252e-06 4.69011e-06 2.58043e-07 3.51443e-07   0.0316178   0.0101149 3.77165e-06 5.50438e-06 8.24447e-06 3.77549e-06 3.67471e-06   0.0316198   0.0101171 1.97252e-06 5.50438e-06 1.84444e-06 1.97603e-06 2.07012e-06   0.0317007   0.0108165 4.69011e-06 8.24447e-06 4.68803e-06 4.69464e-06 4.78972e-06   0.0325747  0.00178301 2.58043e-07 3.77549e-06 1.97603e-06 4.69464e-06 3.54655e-07 1.30489e-07   0.0101149 3.51443e-07 2.23843e-07 2.07012e-06 4.78972e-06 3.54655e-07   0.0316178    0.010115   0.0316178   0.0316198   0.0317007   0.0325747   0.0344992   0.0316178   0.0337562   0.0101149   0.0101171   0.0108165    0.026921   0.0101149    0.010115   0.0346883
