8	12	8	1
 0  0  0  0  0  4  5  2  1  0  0  0
 0  0  0  6  0  0  5  2  1  0  0  0
 0  7  0  0  0  0  0  2  1  0  0  0
 0  7  0  0  0  0  0  2  1  0  0 12
 0  0  0  0  3  4  0  0  1  0 11  0
 0  0  0  6  3  0  0  0  1  8  0  0
10  0  0  0  3  0  0  0  1  0  0  0
 0  0  9  0  3  0  0  0  1  8  0  0
0.5	0.2	0.1	0.9	0.3	0.3	0.9	0.4	0.6	0.7	0.2	1	
0.756	0.852	0.328	0.937	0.192	0.107	0.958	0.133	
------target--------
6
------result--------
8	
------details--------
0.856749 0.856339 0.857202 0.856677 0.857226 0.910319 0.856923 0.898148
0.857792 0.857615 0.858068 0.857727 0.858108 0.766397 0.857845 0.188843
 1.1107e-06 1.33983e-06 1.85789e-07 1.11344e-06 1.11178e-07   0.0189665  8.0459e-07   0.0718175
------result2--------
8	6	
------details2--------
        0  0.856692  0.856163  0.856716  0.908241   0.85641  0.893655  0.856339  0.856281  0.855748  0.856306         0  0.855996  0.908164  0.856692  0.856281         0   0.85717  0.910344  0.856865  0.898144  0.856163  0.855748  0.856677  0.856644  0.910203  0.856336  0.897867  0.856716  0.856306   0.85717  0.856644  0.910333   0.85689  0.898145  0.908241  0.908241  0.910344  0.910203  0.910333   0.91034         0   0.85641  0.855996  0.856865  0.856336   0.85689   0.91034  0.898043  0.893655  0.908164  0.898144  0.897867  0.898145  0.910241  0.898043
 0.856749  0.857567   0.85722  0.857607  0.801956  0.857339  0.205197         0  0.857162   0.85681  0.857203  0.856339  0.856932  0.160641  0.857736  0.857559  0.857202  0.858055  0.766304   0.85779   0.18927  0.857213  0.857035         0  0.857539    0.7656  0.857269  0.190256   0.85776  0.857583  0.858037  0.857696  0.766344  0.857814   0.18909  0.911814  0.911814  0.909963  0.910412  0.909949  0.910283  0.910319  0.857458   0.85728  0.857741  0.857394  0.857782  0.765897  0.190073  0.902909  0.894317  0.898203  0.898375  0.898207   0.87452  0.898332
        0  0.857736  0.857213   0.85776  0.911814  0.857458  0.902909  0.857243  0.857559  0.857035  0.857583  0.911814   0.85728  0.894317  0.857567  0.857162         0  0.858037  0.909963  0.857741  0.898203   0.85722   0.85681  0.857682  0.857696  0.910412  0.857394  0.898375  0.857607  0.857203  0.858055  0.857539  0.909949  0.857782  0.898207  0.801956         0  0.766304    0.7656  0.766344  0.765897   0.87452  0.857339  0.856932   0.85779  0.857269  0.857814  0.910283  0.898332  0.205197  0.160641   0.18927  0.190256   0.18909  0.916369  0.190073
 0.857792  0.858605  0.858264  0.858645  0.693149  0.858382  0.173965  0.857792   0.85843  0.858088   0.85847  0.801182  0.858206   0.20317  0.858605   0.85843  0.858068  0.858921  0.767759  0.858659  0.182491  0.858264  0.858088  0.858068  0.858581  0.767047  0.858318   0.18768  0.858645   0.85847  0.858921  0.858581  0.767825  0.858699  0.182067  0.693149  0.801182  0.767759  0.767047  0.767825   0.76728 0.0714435  0.858382  0.858206  0.858659  0.858318  0.858699   0.76728  0.186642  0.173965   0.20317  0.182491   0.18768  0.182067 0.0714435  0.186642
 1.1107e-06 1.29876e-06   2.233e-06 1.22323e-06   0.0215828 1.92313e-06   0.0719736 1.53362e-06 1.52885e-06 2.46504e-06 1.45294e-06  0.00918213 2.15517e-06   0.0720966 1.29876e-06 1.52885e-06 1.85789e-07 2.97626e-07   0.0189667 9.93424e-07   0.0718181   2.233e-06 2.46504e-06 1.14829e-06 1.22644e-06   0.0189671 1.92781e-06   0.0718182 1.22323e-06 1.45294e-06 2.97626e-07 1.22644e-06   0.0189666 9.17587e-07   0.0718179   0.0215828   0.0434917   0.0189667   0.0189671   0.0189666    0.018967   0.0861011 1.92313e-06 2.15517e-06 9.93424e-07 1.92781e-06 9.17587e-07    0.018967   0.0718182   0.0719736   0.0720966   0.0718181   0.0718182   0.0718179    0.086103   0.0718182
