8	12	8	1
 0  0  0  2  0  0  0  0  3  0  1 10
 0  0  0  2  0  0  0  0  0  8  1  0
 0  0  0  2  0  0  0  6  3  0  1  0
 0  0  0  2  0  0  0  0  0  0  1  0
 7  4  0  0  0  0  0  0  3  0  1 10
 7  4 12  0  0  0  5  0  0  8  1  0
 0  4  0  0 11  9  0  6  3  0  1  0
 0  4  0  0  0  9  5  0  0  0  1  0
1	0.4	0.8	0.3	0.3	0.3	0.4	0.4	0.1	0.7	0.2	0.3	
0.332	0.365	0.655	0.931	0.397	0.938	0.402	0.817	
------target--------
1
------result--------
5	
------details--------
0.672591 0.620736 0.620726  0.62107 0.663854 0.620127 0.620527 0.620962
0.545889 0.622333 0.622336 0.622293 0.412816 0.622398 0.622622 0.622965
 0.00817765 1.31765e-06 1.34234e-06 6.28696e-07   0.0182611 2.69987e-06 2.26799e-06 1.46258e-06
------result2--------
5	4	
------details2--------
0.671846 0.671895 0.672591        0 0.671329 0.671813 0.672502 0.671846 0.620401 0.620736 0.671846        0 0.619789 0.620288 0.671895 0.620401 0.620726 0.671895 0.619404        0 0.620272        0        0        0 0.672591 0.619745 0.620117 0.620624        0 0.671846 0.671895 0.672591 0.661761 0.661952 0.663654 0.671329 0.619745 0.619404 0.619745 0.661761  0.61925 0.619677 0.671813 0.619789 0.620117 0.620117 0.661952  0.61925 0.620527 0.672502 0.620288 0.620272 0.620624 0.663654 0.619677        0
0.675572 0.675305        0 0.672591 0.673528  0.67358 0.672903 0.390639 0.622054        0 0.390639 0.620736 0.621947 0.622307 0.390797 0.622036        0 0.390797 0.621709 0.620726 0.622304  0.62107  0.62107  0.62107 0.389246 0.622057 0.622287 0.622639 0.663854 0.653089 0.653157 0.641686 0.665486 0.666504 0.664559 0.549706 0.621056 0.621062 0.621056  0.41603 0.621345 0.621702 0.551798 0.621474 0.621492 0.621492 0.417215 0.621523        0 0.545587 0.621897 0.621904 0.621861  0.41276  0.62196 0.620962
0.390639 0.390797 0.389246 0.641686 0.549706 0.551798 0.545587 0.675572 0.622036 0.622407 0.653089 0.621056 0.621474 0.621897 0.675305 0.622054 0.622414 0.653157 0.621062 0.621492 0.621904        0        0        0 0.641686 0.621056 0.621492 0.621861        0 0.390639 0.390797 0.389246  0.41603 0.417215  0.41276 0.673528 0.621869 0.621709 0.622057 0.665486 0.621523  0.62196  0.67358 0.621947 0.622177 0.622287 0.666504 0.621345  0.62224 0.672903 0.622307 0.622304 0.622639 0.664559 0.621702        0
0.601053 0.600743 0.622293 0.412816 0.542677 0.536415 0.546987 0.601053 0.622446 0.622293 0.449991 0.622895 0.623686 0.623907 0.600743 0.622446 0.622293 0.449391 0.623397 0.622931 0.623917 0.622293 0.622293 0.622293 0.497996 0.623389 0.623715 0.623865 0.412816 0.449991 0.449391 0.497996 0.410297  0.40667 0.413019 0.542677 0.622895 0.623397 0.623389 0.410297 0.623621 0.623971 0.536415 0.623686 0.622931 0.623715  0.40667 0.623621 0.622965 0.546987 0.623907 0.623917 0.623865 0.413019 0.623971 0.622965
  0.0151611    0.015114   0.0179558   0.0186195  0.00818924  0.00822429  0.00817796   0.0151611 1.89331e-06 1.32028e-06   0.0187079 1.95473e-06 3.77003e-06 2.79835e-06    0.015114 1.89331e-06 1.34536e-06   0.0187012   4.151e-06 1.79107e-06 2.83573e-06 6.28696e-07 6.28696e-07 6.28696e-07   0.0193124 3.43385e-06 3.08271e-06 2.10341e-06   0.0182611   0.0187079   0.0187012   0.0193124   0.0182703     0.01828   0.0182614  0.00818924 3.34369e-06   4.151e-06 3.43385e-06   0.0182703  4.9734e-06 4.18287e-06  0.00822429 3.77003e-06 2.87967e-06 3.08271e-06     0.01828  4.9734e-06 2.38445e-06  0.00817796 2.79835e-06 2.83573e-06 2.10341e-06   0.0182614 4.18287e-06 1.46258e-06
