8	12	8	1
 3  0  0 10  0  0  1  6  0  0  0  0
 0  0  0  0  0  0  1  0  7  4  0  0
 3  0  0  0  5  0  1  0  0  0  0  0
 0  0  0  0  0  0  1  0  7  4  0 12
 3  0  2  0  0  0  1  6  0  0 11  0
 0  0  2  0  0  0  1  0  0  4  0  0
 3  9  2  0  5  8  1  0  0  0  0  0
 0  0  2  0  0  8  1  0  0  4  0  0
0.1	0.2	0.5	0.5	0.2	0.7	0.9	0.7	0.9	1	0.3	0.5	
0.424	0.909	0.658	0.988	0.912	0.895	0.663	0.407	
------target--------
8
------result--------
7	
------details--------
0.552068 0.547757   0.5515 0.547425 0.552011 0.548322 0.637684 0.719674
0.553185 0.553094 0.557578 0.552832 0.553115 0.554466 0.379816 0.489579
3.73026e-07 7.52654e-06 8.26039e-06   5.517e-06 4.41163e-07 1.75346e-05   0.0298751   0.0218984
------result2--------
8	6	
------details2--------
0.547552 0.551297 0.547219 0.551809 0.548118 0.637535 0.719677 0.547552 0.546624        0 0.547496 0.547757 0.711754 0.715173 0.551297 0.546624 0.546306 0.551239 0.547172        0 0.719506 0.547219 0.547425 0.546306 0.547161 0.547425 0.708149 0.711492 0.551809 0.547496 0.551239 0.547161 0.548062 0.637522 0.719765 0.548118        0 0.547172        0 0.548062 0.716149        0 0.637535 0.711754 0.637684 0.708149 0.637522 0.716149 0.716149 0.719677 0.715173 0.719506 0.711492 0.719765 0.719674        0
0.552892 0.557375  0.55263 0.552915 0.554263 0.379929 0.489404  0.54868 0.555529 0.547757 0.548605        0 0.309141        0 0.552423 0.552391 0.552103 0.552353 0.553909   0.5515 0.488744  0.54835        0 0.555056 0.548275        0 0.311814        0 0.552929 0.552834 0.557314 0.552573 0.554205 0.380119 0.489345 0.549244 0.548322 0.556259 0.548322 0.549167 0.306335 0.548322 0.638359 0.625921        0  0.63049 0.638211 0.601478 0.601478 0.719662 0.723137 0.720817 0.723087 0.719378        0 0.719674
 0.54868 0.552423  0.54835 0.552929 0.549244 0.638359 0.719662 0.552892 0.552391        0 0.552834 0.548752 0.625921 0.723137 0.557375 0.555529 0.555056 0.557314 0.556259        0 0.720817  0.55263 0.548444 0.552103 0.552573  0.54869  0.63049 0.723087 0.552915 0.548605 0.552353 0.548275 0.549167 0.638211 0.719378 0.554263        0 0.553909        0 0.554205 0.601478        0 0.379929 0.309141 0.269948 0.311814 0.380119 0.306335 0.731817 0.489404        0 0.488744        0 0.489345        0 0.601478
0.554017 0.558515 0.553755 0.554035 0.555392 0.379298 0.490375 0.554017 0.557955 0.553094 0.553947 0.554466 0.396412 0.515214 0.558515 0.557955 0.557875 0.558459 0.558312 0.557578 0.495373 0.553755 0.553094 0.557875 0.553685 0.554466 0.389761 0.506302 0.554035 0.553947 0.558459 0.553685 0.555325  0.37881 0.490348 0.555392 0.554466 0.558312 0.554466 0.555325 0.438047 0.554466 0.379298 0.396412 0.557578 0.389761  0.37881 0.438047 0.299879 0.490375 0.515214 0.495373 0.506302 0.490348 0.554466 0.299879
7.90466e-06 8.64042e-06 5.89493e-06 8.16052e-07 1.79144e-05   0.0298753   0.0218986 7.90466e-06 1.61254e-05 7.52654e-06 7.97474e-06 1.77099e-05   0.0320168   0.0471631 8.64042e-06 1.61254e-05  1.3981e-05 8.71335e-06 2.69143e-05 8.26039e-06   0.0219055 5.89493e-06 7.59773e-06  1.3981e-05 5.96529e-06 1.77734e-05   0.0311175   0.0384721 8.16052e-07 7.97474e-06 8.71335e-06 5.96529e-06 1.79848e-05   0.0298755   0.0218987 1.79144e-05 1.75346e-05 2.69143e-05 1.75346e-05 1.79848e-05   0.0371124 1.75346e-05   0.0298753   0.0320168   0.0435587   0.0311175   0.0298755   0.0371124   0.0534988   0.0218986   0.0471631   0.0219055   0.0384721   0.0218987   0.0845758   0.0534697
