8	12	8	1
 0  9  3  0  1  0  0  0  7  0  0  0
 0  0  0  0  1  0  0  0  7  0  0  0
 4  0  3  0  0  0  0  6  0  0  2  0
 0  0  0  0  0  0  0  6  0  0  2  0
 0  9  0  0  1  5  0  0  0  0  0  0
 0  0  0  0  1  0  0  0  0  8  0  0
 4  0  0  0  0  5 11  0  0  0  2 10
 0  0  0 12  0  0  0  0  0  8  2 10
1	0.7	0.9	1	0.5	0.7	0.6	0.4	1	0.2	0.5	0.5	
0.383	0.57	0.358	0.998	0.019	0.107	0.409	0.034	
------target--------
1
------result--------
5	
------details--------
 0.707262  0.568906  0.570607  0.570607  0.670997  0.571467  0.571069  0.571414
  0.44579  0.575512  0.572813  0.572813 0.0450585  0.573606  0.573278  0.573566
  0.0353772 2.12829e-05 2.40318e-06 2.40318e-06      0.1209 1.89019e-07 1.59838e-06 4.08821e-07
------result2--------
2	5	
------details2--------
 0.707262  0.707425  0.707425         0  0.707282    0.7072  0.707261         0  0.567992  0.567992  0.707262  0.568862  0.568458  0.568808  0.707425  0.567992         0  0.670661  0.570562  0.570157  0.570508  0.707425  0.567992         0  0.670661  0.570562  0.570157  0.570508         0  0.707262  0.670661  0.670661  0.670988   0.67075   0.67095  0.707282  0.568862  0.570562  0.570562  0.670988  0.571024         0    0.7072  0.568458  0.570157  0.570157   0.67075  0.571024   0.57097  0.707261  0.568808  0.570508  0.570508   0.67095  0.571414   0.57097
        0   0.70703   0.70703  0.707262  0.706301  0.707507  0.707275  0.568906  0.570213  0.570213 0.0357446  0.571009  0.570686  0.570973  0.445069  0.574593  0.570607 0.0450573  0.572727  0.572382  0.572676  0.445069  0.574593  0.570607 0.0450573  0.572727  0.572382  0.572676  0.670997  0.622593   0.67148   0.67148  0.671429   0.67198  0.671985  0.445752  0.575467  0.572769  0.572769 0.0450583  0.573235  0.571467  0.445462  0.575065  0.572373  0.572373 0.0450578  0.573172  0.573129  0.445714  0.575413  0.572716  0.572716 0.0450581         0  0.573182
0.0357446  0.445069  0.445069  0.622593  0.445752  0.445462  0.445714         0  0.574593  0.574593  0.622593  0.575467  0.575065  0.575413   0.70703  0.570213         0   0.67148  0.572769  0.572373  0.572716   0.70703  0.570213         0   0.67148  0.572769  0.572373  0.572716         0 0.0357446 0.0450573 0.0450573 0.0450583 0.0450578 0.0450581  0.706301  0.571009  0.572727  0.572727  0.671429  0.573172         0  0.707507  0.570686  0.572382  0.572382   0.67198  0.573235  0.573182  0.707275  0.570973  0.572676  0.572676  0.671985  0.573533  0.573129
 0.575512  0.446837  0.446837 0.0450585   0.44761  0.447105   0.44739  0.575512  0.576847  0.576847 0.0790741  0.577671  0.577308  0.577607  0.446837  0.576847  0.572813 0.0450603   0.57492  0.574592   0.57488  0.446837  0.576847  0.572813 0.0450603   0.57492  0.574592   0.57488 0.0450585 0.0790741 0.0450603 0.0450603 0.0450682 0.0450614 0.0450683   0.44761  0.577671   0.57492   0.57492 0.0450682  0.575383  0.573606  0.447105  0.577308  0.574592  0.574592 0.0450614  0.575383  0.575343   0.44739  0.577607   0.57488   0.57488 0.0450683  0.573606  0.575343
   0.104084    0.035378    0.035378     0.12423   0.0353773   0.0353776   0.0353773 2.12829e-05 2.37482e-05 2.37482e-05    0.124743 2.14774e-05  2.2916e-05 2.17012e-05    0.035378 2.37482e-05 2.40318e-06      0.1209 2.59596e-06  4.0203e-06 2.81761e-06    0.035378 2.37482e-05 2.40318e-06      0.1209 2.59596e-06  4.0203e-06 2.81761e-06      0.1209    0.124743      0.1209      0.1209      0.1209      0.1209      0.1209   0.0353773 2.14774e-05 2.59596e-06 2.59596e-06      0.1209 1.78915e-06 1.89019e-07   0.0353776  2.2916e-05  4.0203e-06  4.0203e-06      0.1209 1.78915e-06 2.00998e-06   0.0353773 2.17012e-05 2.81761e-06 2.81761e-06      0.1209 4.08943e-07 2.00998e-06
