8	12	8	1
 0  0  0  0  2  0  3  0  0  0  9 10
 0  0  4  0  2  0  0  0  0  0  0  0
11  1  0  6  2  0  3  0  0  0  9  0
 0  1  4  0  2  0  0 12  0  0  0  0
 0  0  0  0  0  5  3  0  0  8  0 10
 0  0  0  0  0  0  0  0  7  8  0  0
 0  1  0  6  0  5  3  0  0  0  0  0
 0  1  0  0  0  0  0  0  7  0  0  0
0.1	0.4	0.2	1	0.8	0.6	0.1	0.9	1	1	0.2	0.1	
0.761	0.301	0.834	0.417	0.914	0.571	0.588	0.661	
------target--------
6
------result--------
5	
------details--------
0.421564 0.433117 0.432457 0.432799 0.624197 0.711361 0.432547 0.426458
0.512031 0.434322 0.433972 0.434094 0.159917 0.297483 0.434006 0.441312
 0.00185066 1.64318e-07 1.16725e-06 7.18595e-07    0.113734   0.0780294 1.06822e-06 0.000111303
------result2--------
5	1	
------details2--------
 0.421471  0.420748   0.42112         0  0.710967  0.420883  0.411922  0.421471  0.432385         0  0.624158  0.711398  0.432475  0.426388  0.420748  0.432385  0.432066  0.623522  0.711071  0.432457  0.425722   0.42112  0.432799  0.432066  0.623873  0.711292  0.432156  0.426067         0  0.624158  0.623522  0.623873  0.710967  0.623557  0.710967  0.710967  0.711398  0.711071  0.711292         0  0.710988  0.711361  0.420883  0.432475         0  0.432156  0.623557  0.710988  0.425809  0.411922  0.426388  0.425722  0.426067  0.710967         0  0.425809
 0.423041  0.422438  0.422595  0.421564  0.285984  0.422431  0.433378  0.511954  0.433902  0.433117  0.160073  0.297456  0.433935  0.441235  0.511241  0.433597  0.433365  0.160359  0.297139         0  0.440558  0.511613         0  0.433583  0.160219   0.29731  0.433617  0.440906  0.624197  0.624819   0.62492   0.62495  0.546515  0.625011  0.546515  0.713557  0.710769   0.71167  0.711519  0.711361  0.711834         0  0.511341  0.433684  0.432547  0.433454  0.160009  0.297172  0.440657  0.530483  0.427577  0.427246  0.427366   0.13229  0.426458  0.427284
 0.511954  0.511241  0.511613         0  0.713557  0.511341  0.530483  0.423041  0.433597         0  0.624819  0.710769  0.433684  0.427577  0.422438  0.433902  0.433583   0.62492   0.71167  0.433628  0.427246  0.422595  0.434039  0.433365   0.62495  0.711519  0.433454  0.427366         0  0.160073  0.160359  0.160219  0.713557  0.160009   0.13229  0.285984  0.297456  0.297139   0.29731  0.546515  0.297172         0  0.422431  0.433935         0  0.433617  0.625011  0.711834  0.427284  0.433378  0.441235  0.440558  0.440906  0.546515         0  0.440657
 0.513299  0.512892  0.513019  0.512031  0.384272  0.512919   0.49189  0.513299  0.435112  0.434322  0.157415  0.297924  0.435144  0.442541  0.512892  0.435112  0.434883   0.15944  0.297854  0.434006  0.442124  0.513019  0.434322  0.434883  0.159211  0.297888  0.434916  0.442259  0.512031  0.157415   0.15944  0.159211 0.0835785    0.1598  0.212048  0.384272  0.297924  0.297854  0.297888 0.0835785  0.297881  0.441312  0.512919  0.435144  0.434006  0.434916    0.1598  0.297881   0.44215   0.49189  0.442541  0.442124  0.442259  0.212048  0.441312   0.44215
 0.00185093  0.00185211  0.00185158  0.00185066   0.0795702  0.00185187  0.00214971  0.00185093 1.33296e-06 1.64318e-07    0.113735   0.0780294  1.2334e-06 0.000111478  0.00185211 1.33296e-06 1.88972e-06    0.113735   0.0780297  1.1786e-06 0.000112514  0.00185158 7.26368e-07 1.88972e-06    0.113735   0.0780295 1.78964e-06 0.000112053    0.205536    0.113735    0.113735    0.113735    0.169321    0.113735    0.124408   0.0795702   0.0780294   0.0780297   0.0780295     0.16932   0.0780298    0.176244  0.00185187  1.2334e-06 1.06822e-06 1.78964e-06    0.113735   0.0780298 0.000112407  0.00214971 0.000111478 0.000112514 0.000112053    0.124408 0.000111303 0.000112407
