8	12	8	1
 0  7  0  0  3  5  0  0  0  0  0  1
 0  7 10  0  0  0  0 12  2  0  0  1
 0  0  0  0  3  0  0  0  0  8  0  1
 0  0 10  0  0  0  0  0  2  8  0  1
 0  0  0  0  3  5  6  0  0  0  0  1
 0  0  0 11  0  0  6  0  2  0  9  1
 4  0  0  0  3  0  0  0  0  0  0  1
 4  0  0  0  0  0  0  0  2  0  9  1
0.6	0.5	0.4	0.5	0.1	0.8	0.1	0.4	1	1	0.9	0.8	
0.442	0.767	0.457	0.409	0.455	0.117	0.719	0.714	
------target--------
8
------result--------
6	
------details--------
 0.355575  0.354871  0.355189  0.354837  0.355957  0.519926  0.351173  0.571354
 0.358072  0.357507  0.357946  0.357754  0.359116 0.0867459  0.364806  0.216854
2.23424e-06 3.76905e-06 3.65243e-06 4.54978e-06 8.95584e-07    0.109088 9.33465e-05   0.0653831
------result2--------
6	8	
------details2--------
        0  0.354672  0.354308  0.355438  0.519548  0.350647  0.571249  0.354871   0.35381   0.35381   0.35473  0.519226  0.349934  0.571486  0.354672   0.35381         0  0.355052  0.519062  0.350258  0.570774  0.354308         0  0.354837  0.354698  0.518858    0.3499  0.570807  0.355438   0.35473  0.355052  0.354698         0  0.351031  0.571445  0.519548  0.519226  0.519062  0.518858  0.519926  0.568648  0.568648  0.350647  0.349934  0.350258    0.3499  0.351031  0.568648         0  0.571249  0.571486  0.570774  0.570807  0.571445         0  0.571354
 0.355575  0.357424  0.357237  0.358609 0.0868774  0.364267  0.216688         0  0.356805  0.356805  0.357927 0.0872674  0.363516  0.216523   0.35716  0.356656  0.355189  0.358221 0.0867842  0.363879  0.216493  0.356825  0.354837         0  0.357879 0.0869296  0.363508  0.216398  0.357939  0.357374  0.357811  0.357619  0.355957  0.364669  0.216807  0.521361   0.52073  0.521689   0.52133         0  0.453811  0.453811  0.353165  0.352592  0.353037  0.352842  0.354294 0.0741772  0.351173  0.571746  0.571203   0.57253  0.572066  0.569362  0.571354         0
        0   0.35716  0.356825  0.357939  0.521361  0.353165  0.571746   0.35705  0.356656  0.356432  0.357374   0.52073  0.352592  0.571203  0.357424  0.356805         0  0.357811  0.521689  0.353037   0.57253  0.357237  0.356805   0.35714  0.357619   0.52133  0.352842  0.572066  0.358609  0.357927  0.358221  0.357879         0  0.354294  0.569362 0.0868774 0.0872674 0.0867842 0.0869296 0.0517395 0.0741772  0.599185  0.364267  0.363516  0.363879  0.363508  0.364669  0.453811         0  0.216688  0.216523  0.216493  0.216398  0.216807  0.453811         0
 0.358072  0.359945  0.359771  0.361114 0.0862389  0.366889  0.217492  0.358072  0.359517  0.358502  0.360556  0.086135   0.36632   0.21724  0.359945  0.359517  0.357946  0.360987 0.0866671  0.366722  0.217598  0.359771  0.358502  0.357946  0.360799 0.0865011   0.36654  0.217461  0.361114  0.360556  0.360987  0.360799  0.359116  0.367904  0.217899 0.0862389  0.086135 0.0866671 0.0865011  0.359116  0.123109  0.034826  0.366889   0.36632  0.366722   0.36654  0.367904  0.123109  0.364806  0.217492   0.21724  0.217598  0.217461  0.217899  0.034826  0.364806
2.23424e-06 5.89086e-06 6.83291e-06  3.1376e-06    0.109089 9.56874e-05   0.0653833 4.02977e-06 7.89884e-06 7.25205e-06 4.68272e-06     0.10909 9.73333e-05   0.0653833 5.89086e-06 7.89884e-06 3.65243e-06 4.55519e-06     0.10909 9.71203e-05   0.0653841 6.83291e-06 5.21537e-06 4.66046e-06 5.45778e-06     0.10909 9.80781e-05   0.0653839  3.1376e-06 4.68272e-06 4.55519e-06 5.45778e-06 8.95584e-07 9.42971e-05   0.0653833    0.109089     0.10909     0.10909     0.10909     0.12428    0.114126    0.149326 9.56874e-05 9.73333e-05 9.71203e-05 9.80781e-05 9.42971e-05    0.114126 9.33465e-05   0.0653833   0.0653833   0.0653841   0.0653839   0.0653833    0.149265    0.146063
