8	12	8	1
 4  0  0  0  0  0  0  0  3  0  9  0
 4  7  0  1  0  0  0  0  0  0  0 12
 0  0  0  0  0  6  0  0  3  0  0  0
 0  7  0  1  0  0  0  0  0  0  0  0
 0  0  8  0  0  0  0  2  3 10  9  0
 0  0  0  1  5  0  0  2  0  0  0  0
 0  0  8  0  0  6  0  2  3  0  0  0
 0  0  0  1  5  0 11  2  0  0  0  0
1	0.2	0.1	0.6	0.7	0.2	0.9	0.2	0.4	0.3	0.1	0.7	
0.326	0.852	0.722	0.495	0.032	0.314	0.444	0.107	
------target--------
7
------result--------
5	
------details--------
0.523982 0.522927 0.524012 0.523834 0.543771 0.523632 0.546161 0.523481
0.526251 0.525398 0.524309  0.52608 0.280401 0.525983 0.417304 0.525899
3.11927e-07  3.0367e-06 2.08667e-08 8.88641e-07  0.00986525 1.62832e-06  0.00473553 2.11401e-06
------result2--------
7	3	
------details2--------
 0.522853   0.52394  0.523762         0   0.52356  0.546159   0.52341  0.522853  0.522882  0.522927  0.542953  0.522501  0.545411  0.522348   0.52394  0.522882  0.523791  0.546003   0.52359         0  0.523439  0.523762         0  0.523791  0.543663  0.523411  0.546076  0.523261  0.543771  0.542953  0.546003  0.543663  0.543421  0.546003  0.543295   0.52356  0.522501   0.52359  0.523411  0.543421  0.545829         0  0.546159  0.545411  0.546161  0.546076         0  0.545829  0.545708   0.52341  0.522348  0.523439  0.523261  0.543295  0.523481  0.545708
 0.525329  0.524243  0.526014  0.523982  0.525914  0.417167   0.52583  0.525161  0.523207         0  0.279959  0.524865  0.416215   0.52478  0.526216  0.525356  0.526041  0.267777  0.525941  0.524012  0.525857  0.526045  0.523834    0.5241  0.280305  0.525768  0.417027  0.525683         0  0.544747  0.530109  0.544765  0.545373  0.530109  0.545309  0.525839  0.524979  0.523894  0.525666  0.280243  0.416952  0.523632   0.54623  0.547051         0  0.546944  0.546161  0.547679  0.547619  0.525692   0.52483  0.523746  0.525518  0.280186         0  0.416827
 0.525161  0.526216  0.526045         0  0.525839   0.54623  0.525692  0.525329  0.525356  0.525213  0.544747  0.524979  0.547051   0.52483  0.524243  0.523207    0.5241  0.530109  0.523894         0  0.523746  0.526014         0  0.526041  0.544765  0.525666  0.546944  0.525518  0.104923  0.279959  0.267777  0.280305  0.280243   0.54993  0.280186  0.525914  0.524865  0.525941  0.525768  0.545373  0.547679         0  0.417167  0.416215         0  0.417027  0.530109  0.416952  0.416827   0.52583   0.52478  0.525857  0.525683  0.545309  0.525637  0.547619
  0.52761  0.526489  0.528289  0.526251  0.528192  0.421845  0.528109   0.52761  0.525666   0.52608   0.28095  0.527341  0.418647  0.527258  0.526489  0.525666  0.526339  0.410508  0.526252  0.524309  0.526168  0.528289   0.52608  0.526339  0.281347  0.528024  0.420002   0.52794  0.526251   0.28095  0.410508  0.281347  0.281143 0.0652875  0.281113  0.528192  0.527341  0.526252  0.528024  0.281143  0.418955  0.525983  0.421845  0.418647  0.524309  0.420002 0.0652875  0.418955  0.418881  0.528109  0.527258  0.526168   0.52794  0.281113  0.525983  0.418881
3.35592e-06 3.33468e-07 1.20421e-06 3.11927e-07 1.94289e-06  0.00473575 2.42933e-06 3.35592e-06 3.06072e-06 3.15219e-06  0.00986678 4.68181e-06  0.00473716 5.17227e-06 3.33468e-07 3.06072e-06 9.10942e-07   0.0102069  1.6504e-06 2.08667e-08 2.13643e-06 1.20421e-06 8.88641e-07 9.10942e-07  0.00986547 2.52358e-06  0.00473591 3.01114e-06   0.0180482  0.00986678   0.0102069  0.00986547  0.00986632   0.0214301  0.00986664 1.94289e-06 4.68181e-06  1.6504e-06 2.52358e-06  0.00986632  0.00473658 1.62832e-06  0.00473575  0.00473716    0.026811  0.00473591   0.0214291  0.00473658   0.0047369 2.42933e-06 5.17227e-06 2.13643e-06 3.01114e-06  0.00986664 2.12441e-06   0.0047369
