8	12	8	1
 0  0  0 11  0  9  0  0  3  0  0  1
 0  0  2  0  0  0  0  0  0  0  0  1
 0  0  0  0  0  0  0  0  3  0  8  1
 0  0  2  0  0  0  0  0  0  0  8  1
 4  0  0  0  0  9  0  6  3 10  0  1
 4 12  2  0  0  0  5  6  0  0  0  1
 4  0  0  0  7  0  0  0  3  0  0  1
 4  0  2  0  7  0  5  0  0  0  0  1
0.3	0.9	0.3	0.3	0.3	0.5	0.1	0.9	0.2	0.9	0.3	0.3	
0.358	0.871	0.322	0.392	0.749	0.285	0.134	0.094	
------target--------
4
------result--------
3	
------details--------
0.564846 0.564677 0.613833 0.622353 0.563995 0.564368 0.564942  0.56455
0.567012 0.566242 0.320304 0.471463 0.566451 0.566248 0.566966 0.566302
8.49051e-07 9.18782e-07   0.0242855   0.0108911 3.01353e-06 1.67175e-06 4.54647e-07 1.28802e-06
------result2--------
2	3	
------details2--------
0.564461 0.613742 0.622311 0.563778 0.564151 0.564728 0.564333 0.564461 0.622353        0 0.563606        0  0.56455        0 0.613742 0.622353        0 0.613019 0.621716 0.613619 0.622268 0.622311 0.622353        0 0.621658 0.621716 0.622268 0.622268 0.563778 0.563606 0.613019 0.621658 0.563294 0.563876 0.563477 0.564151 0.564368 0.621716 0.621716 0.563294 0.564241 0.564241 0.564728  0.56455 0.613619 0.622268 0.563876 0.564241        0 0.564333  0.56455 0.622268 0.622268 0.563477 0.564241        0
0.566032 0.320283 0.471335 0.566239 0.566037 0.566757 0.566093 0.566638 0.300814 0.564677  0.56607 0.564677 0.566621 0.564677 0.614659 0.589084 0.613833 0.614893 0.600836  0.61731 0.594339 0.622725        0 0.622353 0.623253 0.625616 0.623634 0.623634 0.565959 0.565187 0.320073 0.470762 0.565189 0.565913 0.565247 0.566332        0 0.301773 0.301773 0.565762 0.566307 0.566307 0.566897 0.566137 0.320715 0.472288 0.566334 0.566136 0.564942 0.566514        0  0.30092  0.30092 0.565944 0.566132  0.56455
0.566638 0.614659 0.622725 0.565959 0.566332 0.566897 0.566514 0.566032 0.589084        0 0.565187        0 0.566137        0 0.320283 0.300814        0 0.320073 0.301773 0.320715  0.30092 0.471335 0.300814 0.589084 0.470762 0.301773 0.472288  0.30092 0.566239  0.56607 0.614893 0.623253 0.565762 0.566334 0.565944 0.566037 0.566261 0.600836 0.625616 0.565189 0.566136 0.566132 0.566757 0.566621  0.61731 0.623634 0.565913 0.566307        0 0.566093 0.566621 0.594339 0.623634 0.565247 0.566307 0.566137
0.568205 0.320504 0.472667 0.568414 0.568215  0.56893 0.568268 0.568205 0.406725 0.566242 0.567643 0.566242 0.568362 0.566242 0.320504 0.406725 0.320304 0.320612 0.360077 0.313617 0.384055 0.472667 0.566242 0.320304 0.472394 0.543677 0.456318 0.557598 0.568414 0.567643 0.320612 0.472394  0.56765 0.568368 0.567704 0.568215 0.566242 0.360077 0.543677  0.56765 0.568311 0.566302  0.56893 0.568362 0.313617 0.456318 0.568368 0.568311 0.566966 0.568268 0.566242 0.384055 0.557598 0.567704 0.566302 0.566966
1.77579e-06   0.0242857   0.0108912 3.87277e-06 2.53181e-06 1.30659e-06 2.14756e-06 1.77579e-06    0.025278 9.18782e-07 3.94754e-06 9.18782e-07 1.40947e-06 9.18782e-07   0.0242857    0.025278   0.0242855   0.0242871   0.0247438   0.0242879   0.0250355   0.0108912    0.023484   0.0246546   0.0108924   0.0204499   0.0109007   0.0223354 3.87277e-06 3.94754e-06   0.0242871   0.0108924 4.70711e-06 3.47362e-06 4.32153e-06 2.53181e-06 1.67181e-06   0.0247438   0.0204499 4.70711e-06 2.16245e-06 1.99317e-06 1.30659e-06 1.40947e-06   0.0242879   0.0109007 3.47362e-06 2.16245e-06 4.54647e-07 2.14756e-06 1.29948e-06   0.0250355   0.0223354 4.32153e-06 1.99317e-06 1.35278e-06
