8	12	8	1
 0  0  0  0  1  0  0  0  5  0 11  0
 3  0  0  0  1  0  0  0  0  6  0  0
 0  0  9  0  1  0  0  0  5  0  0  7
 0  0  0  0  1 10  0  0  0  6  0  7
 0  0  0  0  1  0  4  0  0  0  0  0
 3  0  0  0  1  0  0  0  0  0  0  0
 0 12  0  2  1  0  4  0  0  0  0  0
 0  0  0  2  1  0  0  8  0  0  0  0
0.7	0.7	0.1	0.7	0.7	0.1	0.8	0.5	0.5	0.7	0.6	0.9	
0.876	0.44	0.269	0.124	0.841	0.201	0.855	0.107	
------target--------
2
------result--------
4	
------details--------
 0.527568  0.690858  0.528435  0.678009  0.527179  0.527602  0.526423  0.528384
 0.529974  0.201867  0.530693 0.0274659  0.529808  0.534709  0.529422   0.53065
2.75014e-06    0.111438 2.55532e-07    0.178661 3.46795e-06 1.11155e-05 3.85596e-06 4.71496e-07
------result2--------
4	2	
------details2--------
 0.690818  0.527509  0.677803  0.526243  0.526673  0.525478  0.527457  0.690818  0.690905         0  0.690399  0.690858  0.690481  0.690859  0.527509  0.690905  0.678037   0.52712  0.527544  0.526362  0.528326  0.677803  0.690609  0.678037  0.677378  0.690609  0.677306  0.677989  0.526243  0.690399   0.52712  0.677378  0.526282         0  0.527068  0.526673         0  0.527544  0.690609  0.526282  0.525523  0.527493  0.525478  0.690481  0.526362  0.677306  0.526423  0.525523  0.526311  0.527457  0.690859  0.528326  0.677989  0.527068  0.527493  0.526311
 0.201649  0.529792 0.0276396  0.528884  0.533774  0.528496  0.529735  0.690921  0.689102  0.690858  0.691315         0  0.691026  0.690845  0.529917  0.201854 0.0275167  0.529751  0.534649  0.529364  0.530593  0.678336  0.602366  0.676931  0.678637  0.602366  0.678323  0.678395  0.528664  0.201536  0.529401 0.0275849  0.533389  0.527179  0.529346  0.529087  0.527602  0.529803 0.0257826  0.528921  0.528533  0.529766  0.527911  0.201363  0.528668 0.0277694         0   0.53262  0.528597  0.529866  0.201842  0.530587 0.0274875    0.5297  0.534599  0.529313
 0.690921  0.529917  0.678336  0.528664  0.529087  0.527911  0.529866  0.201649  0.201854  0.602366  0.201536         0  0.201363  0.201842  0.529792  0.689102  0.676931  0.529401  0.529803  0.528668  0.530587 0.0276396  0.712018 0.0275167 0.0275849 0.0257826 0.0277694 0.0274875  0.528884  0.691315  0.529751  0.678637  0.528921         0    0.5297  0.533774         0  0.534649  0.602366  0.533389   0.53262  0.534599  0.528496  0.691026  0.529364  0.678323  0.528407  0.528533  0.529313  0.529735  0.690845  0.530593  0.678395  0.529346  0.529766  0.528597
 0.202221  0.532186  0.027184    0.5313  0.536228  0.530913  0.532144  0.202221  0.202405 0.0035278  0.202203  0.534709  0.202097  0.202373  0.532186  0.202405 0.0254862  0.532018  0.537055  0.531634   0.53286  0.027184 0.0035278 0.0254862 0.0273454 0.0509357 0.0273276 0.0270311    0.5313  0.202203  0.532018 0.0273454  0.536047  0.529808  0.531976  0.536228  0.534709  0.537055 0.0509357  0.536047  0.535662  0.536917  0.530913  0.202097  0.531634 0.0273276  0.529808  0.535662  0.531591  0.532144  0.202373   0.53286 0.0270311  0.531976  0.536917  0.531591
   0.111438 3.01028e-06    0.178662 6.24457e-06 1.38965e-05 6.64111e-06 3.22666e-06    0.111438    0.111438    0.199335    0.111439    0.191861    0.111438    0.111438 3.01028e-06    0.111438    0.178662 3.72729e-06 1.13757e-05 4.11703e-06 7.27846e-07    0.178662    0.199343    0.178662    0.178662    0.180433    0.178662    0.178661 6.24457e-06    0.111439 3.72729e-06    0.178662 1.46136e-05 3.46795e-06 3.94413e-06 1.38965e-05 1.11155e-05 1.13757e-05    0.180433 1.46136e-05 1.50103e-05 1.15925e-05 6.64111e-06    0.111438 4.11703e-06    0.178662 4.39928e-06 1.50103e-05 4.33369e-06 3.22666e-06    0.111438 7.27846e-07    0.178661 3.94413e-06 1.15925e-05 4.33369e-06
