8	12	8	1
 3  0  0  1  0  0  0  0  0  0  0  0
 0  7 10  1  0  0  5  0  0  2  0  0
 0  0  0  0  4 12  0  0  0  0  0  0
 0  7  0  0  0  0  0  0  0  2  0  0
 3  0  0  1  0  0  0  0  6  0  8  0
 0  0  0  1  0  0  5  0  0  2  8  9
 0  0  0  0  4  0  0  0  6  0  0  0
 0  0  0  0  0  0  0 11  0  2  0  9
0.7	0.6	0.2	0.9	0.9	0.3	1	0.1	0.8	0.9	0.3	0.8	
0.27	0.166	0.169	0.949	0.493	0.24	0.926	0.73	
------target--------
5
------result--------
6	
------details--------
0.489643 0.488982 0.489992  0.48904 0.553078 0.517621 0.488183 0.482839
0.492517 0.491548 0.492333 0.491568 0.455346 0.391785 0.491902 0.516002
2.22204e-06 3.23992e-06  4.9556e-07 3.11496e-06  0.00438487  0.00545182 6.90834e-06 0.000376341
------result2--------
8	6	
------details2--------
0.488517 0.489531 0.488575        0 0.521121 0.487595  0.48204 0.488517 0.488869 0.488982 0.552592 0.516676 0.487046 0.481662 0.489531 0.488869 0.488927 0.553061  0.51754  0.48807 0.482721 0.488575        0 0.488927 0.552575 0.516707 0.487105 0.481724 0.553078 0.552592 0.553061 0.552575        0 0.553078 0.546089 0.521121 0.516676  0.51754 0.516707 0.545966 0.538325        0 0.487595 0.487046  0.48807 0.487105        0 0.538325 0.479092  0.48204 0.481662 0.482721 0.481724 0.546089 0.517587 0.479092
 0.49109 0.491879  0.49111 0.489643 0.381179 0.491535 0.516757 0.491402 0.491231        0 0.454263 0.390792 0.490781 0.514819 0.492407 0.491438 0.491458 0.455232 0.391663 0.491791  0.51588  0.49146  0.48904 0.491287 0.454329 0.390877 0.490839 0.514888        0 0.553695 0.553423 0.553762 0.553078        0 0.577428 0.500131 0.518834  0.51924 0.518875 0.500258 0.499784 0.517621 0.491136 0.489635 0.490434 0.489655 0.488183 0.339847 0.520839 0.487033 0.484349 0.485193 0.484368 0.448208        0 0.486362
0.491402 0.492407  0.49146        0 0.500131 0.491136 0.487033  0.49109 0.491438 0.491034 0.553695 0.518834 0.489635 0.484349 0.491879 0.491231 0.491287 0.553423  0.51924 0.490434 0.485193  0.49111        0 0.491458 0.553762 0.518875 0.489655 0.484368 0.443062 0.454263 0.455232 0.454329 0.500258 0.308129 0.448208 0.381179 0.390792 0.391663 0.390877 0.588954 0.339847        0 0.491535 0.490781 0.491791 0.490839        0 0.499784 0.486362 0.516757 0.514819  0.51588 0.514888 0.577428 0.518088 0.520839
0.493976 0.494764 0.493995 0.492517 0.459157 0.493911 0.512042 0.493976 0.493793 0.491568 0.456755 0.393083  0.49336 0.517554 0.494764 0.493793 0.493812 0.457666 0.394272 0.494151 0.518493 0.493995 0.491568 0.493812 0.456759 0.393053 0.493379 0.517562 0.492517 0.456755 0.457666 0.456759 0.319204 0.491902 0.481129 0.459157 0.393083 0.394272 0.393053 0.319204   0.4576 0.515339 0.493911  0.49336 0.494151 0.493379 0.491902   0.4576 0.511518 0.512042 0.517554 0.518493 0.517562 0.481129 0.515339 0.511518
5.47982e-06 2.72099e-06 5.35366e-06 2.22204e-06  0.00587082 9.35174e-06  0.00038289 5.47982e-06 3.74297e-06 3.24887e-06  0.00438707  0.00545421  1.0194e-05 0.000379924 2.72099e-06 3.74297e-06 3.61738e-06  0.00438522  0.00545217 7.41248e-06 0.000376907 5.35366e-06 3.11496e-06 3.61738e-06  0.00438699  0.00545414  1.0066e-05 0.000379769  0.00497672  0.00438707  0.00438522  0.00438699   0.0125018   0.0115634  0.00474629  0.00587082  0.00545421  0.00545217  0.00545414   0.0126863  0.00759639   0.0367089 9.35174e-06  1.0194e-05 7.41248e-06  1.0066e-05 6.90834e-06  0.00759639 0.000406492  0.00038289 0.000379924 0.000376907 0.000379769  0.00474629   0.0367089 0.000406492
