8	12	8	1
 7  0  0  0  0  0  0  1  3  0  0  0
 0  0 11  0  8  0  0  1  3  0  0  5
 0  0  0  2  0  0  0  1  0  0  0  0
 0  0  0  2  8  0 10  1  0  0  0  5
 7  6  0  0  0 12  0  1  3  4  0  0
 0  0  0  0  0  0  0  1  3  4  9  5
 0  6  0  2  0  0  0  1  0  4  0  0
 0  0  0  2  0  0 10  1  0  4  9  5
0.6	0.1	0.9	0.4	0.6	0.5	0.6	0.8	0.3	0.8	0.2	0.1	
0.052	0.378	0.278	0.109	0.472	0.936	0.968	0.472	
------target--------
8
------result--------
4	
------details--------
0.504258 0.503732 0.503684 0.616243 0.503716 0.503779 0.503479 0.623544
0.506569 0.506198 0.508754 0.276465 0.505954 0.506965  0.50761 0.360377
3.13354e-07 2.22963e-06 5.70012e-06   0.0523643 1.99208e-06 2.89349e-06 5.57258e-06   0.0347337
------result2--------
4	3	
------details2--------
0.503662 0.503614 0.616203        0 0.503709 0.503408 0.623513 0.503662 0.503086 0.615855 0.503115  0.50318 0.502879 0.623214 0.503614 0.503086        0 0.503002 0.503093        0        0 0.616203 0.615855 0.616243 0.616027 0.623544 0.616178        0 0.503716 0.503115 0.503002 0.616027 0.503162 0.503002 0.623464 0.503709  0.50318 0.503093 0.623544 0.503162 0.502883        0 0.503408 0.502879 0.503479 0.616178        0 0.502883 0.623539 0.623513 0.623214 0.623544        0 0.623464 0.623544 0.623539
0.506129 0.508684 0.276451 0.504258 0.506896 0.507541  0.36036 0.505978 0.508158 0.276321 0.505362 0.506373 0.507016 0.360191 0.505931 0.505558 0.503684  0.50543 0.506508 0.503684 0.503684   0.6175 0.617453        0 0.616792 0.583938 0.616901 0.616243        0  0.50559 0.508246  0.28306 0.506344 0.508246 0.363608 0.506028 0.505654 0.508457 0.270476 0.505406 0.507206 0.503779 0.505734 0.505356        0 0.130701 0.503479 0.506306 0.302921 0.624539  0.62457        0 0.623544 0.623746        0 0.623597
0.505978 0.505931   0.6175        0 0.506028 0.505734 0.624539 0.506129 0.505558 0.617453  0.50559 0.505654 0.505356  0.62457 0.508684 0.508158        0 0.508246 0.508457        0        0 0.276451 0.276321 0.130731  0.28306 0.270476 0.130701        0 0.505878 0.505362  0.50543 0.616792 0.505406 0.505275 0.623746 0.506896 0.506373 0.506508 0.583938 0.506344 0.506306        0 0.507541 0.507016 0.505759 0.616901 0.508246 0.507206 0.623597  0.36036 0.360191 0.302588 0.583938 0.363608 0.270476 0.302921
0.508452  0.51103 0.276932 0.506569 0.509232 0.509899 0.360932 0.508452 0.510652 0.276922 0.507839 0.508857 0.509508 0.360971  0.51103 0.510652 0.508754 0.510543 0.510249 0.508754 0.508754 0.276932 0.276922 0.508754 0.257299 0.311084 0.461976 0.276465 0.506569 0.507839 0.510543 0.257299 0.508676  0.50702 0.351228 0.509232 0.508857 0.510249 0.311084 0.508676 0.509655 0.506965 0.509899 0.509508 0.508754 0.461976  0.50702 0.509655 0.470332 0.360932 0.360971 0.508754 0.276465 0.351228 0.506965 0.470332
2.54476e-06 6.01613e-06   0.0523644 3.13354e-07 3.20984e-06  5.8916e-06   0.0347338 2.54476e-06 7.94631e-06    0.052365 4.23717e-06 5.14118e-06 7.82748e-06   0.0347342 6.01613e-06 7.94631e-06 5.70012e-06 8.01108e-06 8.72944e-06 5.70012e-06 5.70012e-06   0.0523644    0.052365   0.0800789   0.0524695   0.0528636   0.0750084   0.0523643 2.01778e-06 4.23717e-06 8.01108e-06   0.0524695 4.92129e-06 7.08957e-06   0.0347629 3.20984e-06 5.14118e-06 8.72944e-06   0.0528636 4.92129e-06 8.58881e-06 2.89349e-06  5.8916e-06 7.82748e-06 6.44274e-06   0.0750084 5.72694e-06 8.58881e-06   0.0408597   0.0347338   0.0347342   0.0429707   0.0526962   0.0347629   0.0475746   0.0408597
