8	12	8	1
 1  2  5  0  0  0  0  0  9  0  0  0
 1  0  0  0  0  0  0  0  0  0  0  0
 1  2  0  0  3 11  0  7  0  0  0  0
 1  0  0  0  3  0  6  0  0  0  0  0
 0  2  5  0  0  0  0  0  0  0  8  0
 0  0  0  4  0  0  0  0  0  0  8  0
 0  2  0  0  3  0  0  7  0  0  0 12
 0  0  0  4  3  0  6  0  0 10  0  0
0.8	0.7	0.9	0.9	0.1	0.2	0.3	0.6	0.5	0.3	0.5	0.2	
0.977	0.876	0.916	0.399	0.327	0.513	0.86	0.632	
------target--------
4
------result--------
8	
------details--------
0.556311 0.556614 0.556464 0.625592 0.557824 0.557824 0.558026 0.587845
0.558835 0.559207 0.559046 0.522291 0.558952 0.558952 0.559116 0.447054
2.44788e-06 3.24536e-06 2.98888e-06  0.00494284 5.69452e-07 5.69452e-07 3.15289e-07  0.00664094
------result2--------
4	2	
------details2--------
0.556311  0.55617  0.62423 0.555934 0.555934 0.556139 0.619043        0        0        0  0.55624  0.55624 0.556444 0.620286  0.55617 0.556464  0.62519 0.556088 0.556088 0.556292 0.619911  0.62423 0.625592  0.62519 0.625492 0.625492 0.625628        0 0.555934  0.55624 0.556088 0.625492        0 0.557653 0.587554 0.555934  0.55624 0.556088 0.625492        0 0.557653 0.587554 0.556139 0.556444 0.556292 0.625628 0.557653 0.557653 0.587745 0.619043 0.620286 0.619911 0.620286 0.587554 0.587554 0.587745
       0 0.557082        0 0.557073 0.557073 0.557239 0.372298 0.556614 0.556614 0.556614 0.557375 0.557375  0.55754 0.370254 0.557012        0        0 0.557226 0.557226 0.557392 0.370944 0.628134        0 0.627784 0.625797 0.625797 0.625399 0.625592 0.558464 0.558836 0.558675 0.521891 0.557824 0.558749 0.446901 0.558464 0.558836 0.558675 0.521891 0.557824 0.558749 0.446901 0.558666 0.559038 0.558877  0.52208 0.558785 0.558785 0.446999    0.578 0.568887 0.573343 0.568887 0.588436 0.588436 0.588387
0.557178 0.557012 0.628134 0.558464 0.558464 0.558666    0.578        0        0        0 0.558836 0.558836 0.559038 0.568887 0.557082 0.557431 0.627784 0.558675 0.558675 0.558877 0.573343        0        0        0 0.521891 0.521891  0.52208 0.568887 0.557073 0.557375 0.557226 0.625797        0 0.558785 0.588436 0.557073 0.557375 0.557226 0.625797        0 0.558785 0.588436 0.557239  0.55754 0.557392 0.625399 0.558749 0.558749 0.588387 0.372298 0.370254 0.370944 0.652983 0.446901 0.446901 0.446999
0.559207 0.559168 0.545383 0.559597 0.559597 0.559764 0.480095 0.559207 0.559207 0.559207 0.559968 0.559968 0.560135 0.515807 0.559168 0.559207  0.55303 0.559808 0.559808 0.559976 0.497625 0.545383 0.559207  0.55303 0.523111 0.523111 0.523444 0.371724 0.559597 0.559968 0.559808 0.523111 0.558952 0.559877 0.447371 0.559597 0.559968 0.559808 0.523111 0.558952 0.559877 0.447371 0.559764 0.560135 0.559976 0.523444 0.559877 0.559877  0.44736 0.480095 0.515807 0.497625 0.371724 0.447371 0.447371  0.44736
3.38076e-06 3.42146e-06   0.0260222 3.02326e-06 3.02326e-06 2.76758e-06  0.00820583 3.24536e-06 3.24536e-06 3.24536e-06  3.8197e-06  3.8197e-06 3.56391e-06  0.00990721 3.42146e-06 3.34251e-06   0.0329036 3.56473e-06 3.56473e-06 3.30907e-06  0.00905307   0.0260222   0.0384315   0.0329036  0.00494329  0.00494329  0.00494316   0.0141697 3.02326e-06  3.8197e-06 3.56473e-06  0.00494329 5.69452e-07 8.87185e-07  0.00664124 3.02326e-06  3.8197e-06 3.56473e-06  0.00494329 5.69452e-07 8.87185e-07  0.00664124 2.76758e-06 3.56391e-06 3.30907e-06  0.00494316 8.87185e-07 8.87185e-07  0.00664104  0.00820583  0.00990721  0.00905307   0.0142784  0.00664124  0.00664124  0.00664104
