8	12	8	1
 0  0  2  3  0  0 12  6  0  0  4  1
 0  0  2  3  9  0  0  0  0  0  0  1
 5  0  0  3  0  0  0  6  7  0  4  1
 5  0  0  3  9  0  0  0  7  0  0  1
 0  8  2  0  0  0  0  0  0  0  4  1
 0  8  2  0  0  0  0  0  0  0  0  1
 5  0  0  0  0 11  0  0  0  0  4  1
 5  0  0  0  0  0  0  0  0 10  0  1
0.9	0.3	1	0.8	0.8	1	0.3	0.9	0.5	0.1	0.8	0.3	
0.073	0.989	0.398	0.518	0.035	0.275	0.886	0.288	
------target--------
4
------result--------
2	
------details--------
0.470956  0.60932 0.470101  0.62498 0.470801 0.470801 0.469533  0.47094
0.473328 0.396233 0.475213 0.411544 0.473182 0.473182 0.472375 0.473316
2.30447e-07   0.0208534 7.63251e-06   0.0184627 8.91931e-07 8.91931e-07 4.04666e-06 3.03029e-07
------result2--------
2	3	
------details2--------
0.609306 0.470051  0.62498 0.470751 0.470751 0.469483  0.47089 0.609306  0.62498        0 0.609265 0.609265 0.608109 0.609338 0.470051  0.62498        0 0.469895 0.469895 0.468623 0.470035  0.62498        0  0.62498 0.624985 0.624985 0.623969 0.625027 0.470751 0.609265 0.469895 0.624985        0 0.469325 0.470735 0.470751 0.609265 0.469895 0.624985        0 0.469325 0.470735 0.469483 0.608109 0.468623 0.623969 0.469325 0.469325 0.469466  0.47089 0.609338 0.470035 0.625027 0.470735 0.470735 0.469466
0.396203 0.475163 0.411513 0.473133 0.473133 0.472326 0.473269 0.609965 0.548985  0.60932  0.60989  0.60989 0.610433 0.608666 0.472432 0.390863 0.470101 0.472284 0.472284 0.471472 0.472421 0.624969  0.62498        0 0.624926 0.624926 0.625906 0.623353 0.473129 0.396108 0.475006 0.411416 0.470801 0.472171 0.473121 0.473129 0.396108 0.475006 0.411416 0.470801 0.472171 0.473121 0.471872 0.395296 0.473729 0.410548 0.471723 0.471723 0.471868 0.473266  0.39619 0.475146 0.411502 0.473119 0.473119  0.47231
0.609965 0.472432 0.624969 0.473129 0.473129 0.471872 0.473266 0.396203 0.390863        0 0.396108 0.396108 0.395296  0.39619 0.475163 0.548985        0 0.475006 0.475006 0.473729 0.475146 0.411513 0.548985 0.390863 0.411416 0.411416 0.410548 0.411502 0.473133  0.60989 0.472284 0.624926        0 0.471723 0.473119 0.473133  0.60989 0.472284 0.624926        0 0.471723 0.473119 0.472326 0.610433 0.471472 0.625906 0.472171 0.472171  0.47231 0.473269 0.608666 0.472421 0.623353 0.473121 0.473121 0.471868
0.397667 0.477607 0.413014  0.47552  0.47552 0.474711 0.475654 0.397667 0.424198 0.396233 0.397579 0.397579  0.39711 0.397765 0.477607 0.424198 0.475213 0.477458 0.477458 0.476613 0.477628 0.413014 0.396233 0.475213 0.412921 0.412921 0.412476 0.413039  0.47552 0.397579 0.477458 0.412921 0.473182 0.474565 0.475508  0.47552 0.397579 0.477458 0.412921 0.473182 0.474565 0.475508 0.474711  0.39711 0.476613 0.412476 0.474565 0.474565 0.474698 0.475654 0.397765 0.477628 0.413039 0.475508 0.475508 0.474698
  0.0208534 7.86672e-06   0.0184627 1.12363e-06 1.12363e-06 4.27998e-06 5.34103e-07   0.0208534   0.0217444   0.0208534   0.0208536   0.0208536   0.0208555   0.0208535 7.86672e-06   0.0217444 7.63251e-06 8.53918e-06 8.53918e-06 1.17165e-05 7.94233e-06   0.0184627   0.0215419   0.0204079   0.0184629   0.0184629   0.0184646   0.0184628 1.12363e-06   0.0208536 8.53918e-06   0.0184629 8.91931e-07 4.94982e-06 1.19745e-06 1.12363e-06   0.0208536 8.53918e-06   0.0184629 8.91931e-07 4.94982e-06 1.19745e-06 4.27998e-06   0.0208555 1.17165e-05   0.0184646 4.94982e-06 4.94982e-06 4.35442e-06 5.34103e-07   0.0208535 7.94233e-06   0.0184628 1.19745e-06 1.19745e-06 4.35442e-06
