8	12	8	1
 0  0  4  0  2  0  0  0  0  1  5  0
 0  0  4  0  0  0  0  0  0  1  5 10
 0  0  0 12  2  0  3  6  7  1  5  0
 0  0  0  0  0  8  3  0  7  1  5  0
 0  9  4  0  2  0  0  0  0  1  0  0
 0  9  4  0  0  0  0  0  0  1  0 10
11  0  0  0  2  0  3  6  0  1  0  0
 0  0  0  0  0  8  3  0  0  1  0  0
0.5	0.2	0.3	0.3	0.8	0.3	0.5	0.2	0.8	0.1	0.2	1	
0.603	0.714	0.398	0.849	0.364	0.103	0.027	0.76	
------target--------
2
------result--------
6	
------details--------
0.354161 0.599406 0.353941 0.353279 0.354901 0.588947 0.355133  0.35445
0.362088 0.136823  0.35962 0.357486 0.358746 0.108707 0.357597 0.356448
1.51186e-05    0.122056 1.18814e-05 9.55406e-06 2.05089e-06    0.135664 1.60923e-07 2.00186e-06
------result2--------
2	6	
------details2--------
        0         0         0  0.353895   0.59941   0.35413  0.353279  0.599406  0.598778  0.598433   0.59941         0  0.599402  0.598433  0.353941  0.598778  0.353058  0.353673  0.598779   0.35391  0.353058  0.353279  0.598433  0.353058  0.353007  0.598431  0.353248         0  0.353895   0.59941  0.353673  0.353007         0  0.354871  0.354183   0.59941         0  0.598779  0.598431  0.588947  0.588937   0.58621   0.35413  0.599402   0.35391  0.353248  0.354871  0.588937  0.354419  0.353279  0.598433  0.353058         0  0.354183   0.58621  0.354419
 0.354161  0.354161  0.354161  0.357772  0.106746  0.356608  0.355676         0  0.604974  0.601073  0.599359  0.599406  0.599753  0.601073         0  0.065931  0.355453  0.357554  0.106934  0.356391  0.355453         0 0.0659169  0.355213    0.3569  0.107216  0.355738  0.353279  0.361828   0.13734  0.359361  0.357226  0.354901  0.357339  0.356189  0.527343  0.588947   0.55642  0.577865         0  0.589759  0.593888  0.362057  0.136825   0.35959  0.357456  0.358716  0.108709  0.356418   0.36157  0.143727  0.359128   0.35445  0.358032  0.109518  0.356889
        0         0         0  0.361828  0.527343  0.362057   0.36157 0.0658698  0.065931 0.0659169   0.13734  0.527343  0.136825  0.143727  0.356107  0.604974  0.355213  0.359361   0.55642   0.35959  0.359128  0.355676  0.601073  0.355453  0.357226  0.577865  0.357456   0.36157  0.357772  0.599359  0.357554    0.3569         0  0.358716  0.358032  0.106746  0.599359  0.106934  0.107216 0.0679053  0.108709  0.109518  0.356608  0.599753  0.356391  0.355738  0.357339  0.589759  0.356889  0.355676  0.601073  0.355453         0  0.356189  0.593888  0.356418
 0.362088  0.362088  0.362088  0.365787  0.125117  0.364618  0.363406  0.362088  0.289475   0.20262  0.129534 0.0726584  0.136616  0.123818  0.362088  0.289475  0.361192  0.363293  0.115907  0.362115  0.360687  0.362088   0.20262  0.361192  0.361133  0.110651  0.359957  0.356448  0.365787  0.129534  0.363293  0.361133  0.358746  0.361211  0.360085  0.125117 0.0726584  0.115907  0.110651  0.358746  0.108522  0.107252  0.364618  0.136616  0.362115  0.359957  0.361211  0.108522  0.358903  0.363406  0.123818  0.360687  0.356448  0.360085  0.107252  0.358903
1.51186e-05 1.51186e-05 1.51186e-05 1.72144e-05    0.136418 1.52828e-05 1.78563e-05    0.152519    0.144456    0.133038    0.122064    0.163157    0.122056    0.122261 1.59365e-05    0.144456 1.74126e-05  1.3982e-05    0.136032 1.20459e-05 1.44162e-05 1.76692e-05    0.133038 1.74126e-05 1.16632e-05    0.135782 9.71918e-06 1.36813e-05 1.72144e-05    0.122064  1.3982e-05 1.16632e-05 2.05089e-06 2.21275e-06 4.07466e-06    0.136418    0.162481    0.136032    0.135782    0.154585    0.135664    0.135681 1.52828e-05    0.122056 1.20459e-05 9.71918e-06 2.21275e-06    0.135664 2.16436e-06 1.78563e-05    0.122261 1.44162e-05 2.00186e-06 4.07466e-06    0.135681 2.16436e-06
