8	12	8	1
 0  0  1  0 12  4  5  0  0  0  9  0
 0  0  1  0  0  0  5  7  0  0  0  0
 2  6  1  0  0  4  5  0  0  0  0 10
 2  0  1  0  0  0  5  0 11  0  0 10
 0  0  1  3  0  4  0  0  0  8  9  0
 0  0  1  3  0  0  0  7  0  8  0  0
 2  6  1  3  0  4  0  0  0  0  0  0
 2  0  1  3  0  0  0  0  0  0  0  0
0.4	0.3	0.3	0.8	0.8	0.2	0.8	1	0.8	0.9	0.5	0.1	
0.251	0.421	0.189	0.492	0.369	0.386	0.044	0.255	
------target--------
5
------result--------
1	
------details--------
0.653921 0.581183 0.581839 0.581224 0.686035 0.579321 0.581145 0.581171
0.365246 0.583498 0.583731 0.583479 0.454871 0.583795 0.585039 0.585145
  0.0318451 2.34377e-06 2.10175e-07 2.18197e-06   0.0273286 1.00496e-05 4.84732e-06 4.83742e-06
------result2--------
5	6	
------details2--------
0.650947  0.65381 0.653498 0.678749  0.67745 0.663862 0.663884 0.650947 0.581127 0.580509 0.684732        0  0.58043 0.580456  0.65381 0.581127        0  0.68604 0.579255 0.581105 0.581105 0.653498 0.580509 0.581207 0.685838 0.578639 0.580471 0.580498        0 0.684732  0.68604 0.685838 0.684732 0.686012 0.686035  0.67745 0.579321 0.579255 0.578639        0 0.579295 0.579321 0.663862  0.58043        0 0.580471 0.686012 0.579295 0.581145 0.663884 0.580456 0.581105 0.580498        0        0        0
0.660688 0.657553 0.654915 0.612769 0.637726 0.615581 0.612967 0.369047  0.58303 0.582771 0.469535 0.581183 0.584285 0.584386 0.365384 0.583443 0.581839 0.455297  0.58374   0.5851   0.5851  0.36491 0.582831 0.582746 0.454279 0.583124  0.58437 0.584475 0.686035   0.6885 0.685882 0.686496   0.6885 0.687791        0 0.326847        0 0.581357 0.580918 0.579321 0.581326        0 0.348152 0.582738 0.581145 0.582733 0.366458 0.583144        0 0.348143 0.582763 0.583199 0.582758 0.581171 0.581171 0.581171
0.369047 0.365384  0.36491 0.727919 0.326847 0.348152 0.348143 0.660688 0.583443 0.582831   0.6885        0 0.582738 0.582763 0.657553  0.58303 0.582746 0.685882 0.581357 0.583209 0.583199 0.654915 0.582771 0.583431 0.686496 0.580918 0.582733 0.582758 0.612769 0.469535 0.455297 0.454279        0 0.366458 0.366487 0.637726 0.584135  0.58374 0.583124   0.6885 0.583144  0.58317 0.615581 0.584285   0.5851  0.58437 0.687791 0.581326 0.583184 0.612967 0.584386   0.5851 0.584475        0        0        0
0.356896 0.360694 0.366052 0.189579 0.400213 0.460604 0.469219 0.356896 0.585339 0.585092 0.413125 0.583498 0.586827 0.586948 0.360694 0.585339 0.584091  0.43954 0.585708 0.584283 0.587176 0.366052 0.585092 0.584091 0.456284 0.585395 0.586645 0.586746 0.189579 0.413125  0.43954 0.456284 0.532128 0.581181 0.585145 0.400213 0.583498 0.585708 0.585395 0.532128 0.585147 0.585145 0.460604 0.586827 0.584283 0.586645 0.581181 0.585147 0.585145 0.469219 0.586948 0.587176 0.586746 0.585145 0.585145 0.585145
  0.0318957   0.0318461    0.031846   0.0680184   0.0332037   0.0333261   0.0334453   0.0318957 2.55581e-06 4.53926e-06   0.0278912 2.34377e-06  7.2704e-06 7.26184e-06   0.0318461 2.55581e-06 2.31607e-07   0.0273346 1.02912e-05 5.00028e-06 5.09386e-06    0.031846 4.53926e-06 2.23769e-06   0.0273295 1.22704e-05 7.04969e-06 7.03512e-06   0.0676206   0.0278912   0.0273346   0.0273295   0.0716271   0.0375147   0.0378304   0.0332037 1.01692e-05 1.02912e-05 1.22704e-05  0.00653464 1.11373e-05 1.10488e-05   0.0333261  7.2704e-06 4.86551e-06 7.04969e-06   0.0375147 1.11373e-05 4.92491e-06   0.0334453 7.26184e-06 5.09386e-06 7.03512e-06 4.83742e-06 4.83742e-06 4.83742e-06
