8	12	8	1
 0  9  0  4  5  0  0  0  0  0  0  1
 8  9  0  0  0  0  0  0  0  0  2  1
 0  0  3  0  5  0  0  0 12  0  0  1
 0  0  0  0  0  0  0  7  0  0  2  1
 0  0  0  4  0 11  6  0  0  0  0  1
 8  0  0  0  0  0  0  0  0  0  2  1
 0  0  3  0  0  0  6  0  0  0  0  1
 0  0  0  0  0  0  0  7  0 10  2  1
0.4	0.5	0.7	0.4	0.4	0.2	0.1	0.2	0.1	0.6	1	0.5	
0.115	0.219	0.25	0.945	0.156	0.062	0.35	0.647	
------target--------
2
------result--------
1	
------details--------
0.800992  0.80192 0.726062 0.725823 0.726002 0.726062 0.726047 0.725438
0.276928 0.341631 0.727617 0.727383 0.727567 0.727615 0.727605 0.727087
  0.0750708   0.0655878 1.42884e-07 8.91638e-07 3.59243e-07 1.43477e-07 1.99745e-07 1.64178e-06
------result2--------
1	6	
------details2--------
       0 0.801015 0.801089  0.80104  0.80192 0.801024 0.801053        0 0.801945 0.802027 0.801972  0.80192 0.801955 0.802002 0.801015 0.801945 0.725785 0.725965 0.726025 0.726009 0.725399 0.801089 0.802027 0.725785 0.725724 0.725785  0.72577        0  0.80104 0.801972 0.725965 0.725724 0.725965 0.726002 0.725337  0.80192        0 0.726025 0.725785 0.725965 0.726009   0.7254 0.801024 0.801955 0.726009  0.72577        0 0.726009 0.725383 0.801053 0.802002 0.725399 0.725438 0.725337   0.7254 0.725383
0.800992 0.800072 0.800547 0.800277 0.765466 0.800084 0.800902  0.80192 0.800932 0.801426 0.801144        0 0.800944 0.801799  0.27692 0.341628 0.727347 0.727533 0.727579 0.727571  0.72705 0.276874 0.341604 0.727358 0.727305 0.727345 0.727346 0.725823 0.276907 0.341622 0.727528  0.72729 0.727521        0 0.726992 0.275104 0.726062  0.72758 0.727346 0.727531 0.727569 0.727049 0.276916 0.341627 0.727569 0.727333 0.726047 0.727564 0.727035 0.276798 0.341537 0.726984        0  0.72693 0.726964 0.726972
       0  0.27692 0.276874 0.276907 0.275104 0.276916 0.276798 0.765466 0.341628 0.341604 0.341622 0.275104 0.341627 0.341537 0.800072 0.800932 0.727358 0.727528  0.72758 0.727569 0.726984 0.800547 0.801426 0.727347  0.72729 0.727346 0.727333        0 0.800277 0.801144 0.727533 0.727305 0.727531 0.727522  0.72693 0.765466        0 0.727579 0.727345 0.727521 0.727564 0.726964 0.800084 0.800944 0.727571 0.727346        0 0.727569 0.726972 0.800902 0.801799  0.72705 0.726853 0.726992 0.727049 0.727035
0.276928 0.277296 0.277188 0.277257 0.383687 0.277293 0.277127 0.276928 0.341747 0.341758 0.341758 0.727615 0.341746 0.341774 0.277296 0.341747 0.728907 0.729088 0.729142  0.72912 0.728612 0.277188 0.341758 0.728907  0.72886 0.728914 0.728896 0.727383 0.277257 0.341758 0.729088  0.72886 0.729098 0.727605 0.728564 0.383687 0.727615 0.729142 0.728914 0.729098 0.729135 0.728614 0.277293 0.341746  0.72912 0.728896 0.727605 0.729135 0.728601 0.277127 0.341774 0.728612 0.727383 0.728564 0.728614 0.728601
  0.0750708   0.0750709   0.0750709   0.0750709   0.0752211   0.0750709   0.0750708   0.0751559   0.0655878   0.0655879   0.0655879    0.074521   0.0655878   0.0655878   0.0750709   0.0655878 1.03744e-06 5.03597e-07 2.86629e-07 3.43581e-07 1.78869e-06   0.0750709   0.0655879 1.03744e-06 1.25741e-06 1.03653e-06 1.09546e-06 8.91638e-07   0.0750709   0.0655879 5.03597e-07 1.25741e-06 5.03346e-07  3.5951e-07 2.01016e-06   0.0752211 1.43477e-07 2.86629e-07 1.03653e-06 5.03346e-07 3.43595e-07 1.78739e-06   0.0750709   0.0655878 3.43581e-07 1.09546e-06 1.99745e-07 3.43595e-07 1.84715e-06   0.0750708   0.0655878 1.78869e-06 1.71185e-06 2.01016e-06 1.78739e-06 1.84715e-06
