8	12	8	1
 0  0  0  0  0  0  0  0  2  1  0  0
 0  0  0  0  0  6  0  0  2  1  0  0
11  0  0  4  5  0  0  0  0  1  0  0
 0  0 10  4  0  6  0  0  0  1  0  8
 0  9  0  0  0  0  3  0  2  1  7  0
 0  0  0  0  0  0  3  0  2  1  0  0
 0  0  0  0  5  0  3 12  0  1  7  0
 0  0  0  0  0  0  3  0  0  1  0  8
0.3	0.5	0.9	0.7	0.2	0.7	0.9	0.8	0.8	0.6	0.1	0.7	
0.393	0.853	0.017	0.831	0.429	0.834	0.018	0.336	
------target--------
6
------result--------
7	
------details--------
   0.29103   0.291115   0.297854   0.275851   0.590198   0.604299   0.522537   0.511119
  0.312663   0.301993   0.300269   0.307834   0.185344   0.147324 0.00806445   0.118411
0.000240619 6.67261e-05 6.75741e-08 0.000529017   0.0747842    0.107597    0.198685   0.0948859
------result2--------
7	6	
------details2--------
         0   0.291019   0.263444          0          0   0.603427   0.587731   0.291115   0.291104          0   0.584112   0.598471   0.597623   0.581407   0.291019   0.291104   0.275837   0.590201   0.604304   0.522531   0.511113   0.263444   0.263444   0.275837   0.569241   0.584447   0.486118   0.486707   0.590198   0.584112   0.590201   0.569241   0.590198   0.589283   0.572779   0.604299   0.598471   0.604304   0.584447          0          0          0   0.603427   0.597623   0.522531   0.486118   0.589283   0.603427   0.510448   0.587731   0.581407   0.511113          0   0.572779   0.587731   0.510448
   0.29103   0.293396   0.301681    0.29103    0.29103  0.0065979   0.102965          0   0.293494   0.291115  0.0865983          0 0.00670292   0.107488    0.31265   0.301981   0.307822   0.185341    0.14732 0.00806458    0.11841   0.295362   0.295362   0.278541   0.186819   0.158477  0.0075171          0          0   0.597981   0.589399   0.597602          0   0.677441   0.662929          0   0.611725   0.603231   0.611299   0.604299   0.604299   0.604299   0.411417   0.486513   0.523696   0.538915   0.458846   0.411417    0.57171   0.405007   0.477778   0.512334   0.511119   0.451714   0.405007   0.574026
         0    0.31265   0.295362          0          0   0.411417   0.405007   0.290925   0.301981   0.295362   0.597981   0.611725   0.486513   0.477778   0.293396   0.293494   0.278541   0.589399   0.603231   0.523696   0.512334   0.301681   0.319022   0.307822   0.597602   0.611299   0.538915   0.526503  0.0862839  0.0865983   0.185341   0.186819   0.680401   0.458846   0.451714          0          0    0.14732   0.158477          0   0.411417   0.405007  0.0065979 0.00670292 0.00806458  0.0075171   0.677441   0.686984   0.574026   0.102965   0.107488    0.11841          0   0.662929   0.672933    0.57171
  0.312663    0.31537   0.323422   0.312663   0.312663  0.0147398   0.170407   0.312663    0.30451   0.303602     0.2296   0.207677 0.00918155   0.126584    0.31537    0.30451   0.310367   0.186026   0.148168 0.00803849   0.118546   0.323422   0.303602   0.310367   0.184614   0.141663 0.00831448   0.157599   0.312663     0.2296   0.186026   0.184614   0.147324 0.00361805  0.0586524   0.312663   0.207677   0.148168   0.141663   0.147324 0.00267608  0.0442483  0.0147398 0.00918155 0.00803849 0.00831448 0.00361805 0.00267608 0.00174198   0.170407   0.126584   0.118546   0.157599  0.0586524  0.0442483 0.00174198
0.000240619 0.000240691 0.000871047 0.000240619 0.000240619    0.209109    0.104299 0.000240634 6.67972e-05 8.24777e-05   0.0864959    0.144935    0.201797   0.0972705 0.000240691 6.67972e-05 0.000529096   0.0747842    0.107597    0.198685    0.094886 0.000871047 0.000793133 0.000529096   0.0748756    0.107859    0.199362    0.115002    0.105326   0.0864959   0.0747842   0.0748756    0.108352     0.21178    0.152211    0.191638    0.144935    0.107597    0.107859    0.107597    0.219151    0.171798    0.209109    0.201797    0.198685    0.199362     0.21178    0.219203     0.21102    0.104299   0.0972705    0.094886    0.114659    0.152211    0.172595     0.21102
