8	12	8	1
 0  2  0  1  0  0  0  0  0  3  0 10
 8  2  0  1 11  0  0  0  0  3  0  0
 0  0  0  1  0  9  0  6  0  3  0 10
 0  0 12  1  0  0  0  6  0  3  0  0
 0  2  0  1  0  0  5  0  0  0  4  0
 8  2  0  1  0  0  5  0  0  0  4  0
 0  0  0  1  0  9  0  0  7  0  4  0
 0  0  0  1  0  0  0  0  7  0  4  0
0.5	0.1	0.4	0.9	0.4	0.9	0.3	0.8	0.3	0.7	0.2	0.1	
0.638	0.774	0.404	0.303	0.886	0.414	0.228	0.815	
------target--------
3
------result--------
1	
------details--------
 0.57779 0.558428 0.580381 0.558968 0.558686 0.558356  0.55857 0.558732
0.373473  0.56056 0.483236 0.561159 0.560883 0.560651 0.560498  0.56093
 0.00696407 2.13503e-06   0.0032451 9.38166e-07 1.76653e-06 2.48881e-06 1.66406e-06  1.6544e-06
------result2--------
1	7	
------details2--------
0.577264        0 0.577624 0.577473 0.577239 0.580094 0.577349 0.577264 0.579903 0.558188 0.557835 0.557835 0.557784 0.557947        0 0.579903 0.580229 0.580102 0.579886 0.580094 0.580094 0.577624 0.558188 0.580229 0.558446 0.558115  0.55833 0.558493 0.577473 0.557835 0.580102 0.558446        0 0.558043 0.558206 0.577239        0 0.579886 0.558115 0.558356 0.557709 0.557874 0.580094 0.557784        0  0.55833 0.558043 0.557709  0.55857 0.577349 0.557947 0.580094 0.558493 0.558206 0.557874        0
0.578706  0.57779 0.579157 0.578809 0.578725 0.573176 0.579394 0.373168  0.48216 0.560393 0.560185 0.560185  0.55973 0.560164 0.580381 0.581212 0.581635 0.581278  0.58122 0.581372 0.581372 0.373379 0.560326 0.482919  0.56065 0.560417 0.560265 0.560698 0.373286 0.560088 0.482451  0.56065 0.558686 0.559987 0.560421 0.373151 0.558356 0.482016 0.560325        0 0.559661 0.560096  0.35723 0.559932  0.55857 0.560536 0.560259 0.560024        0 0.374288 0.560093  0.48629 0.560696 0.560419 0.560184 0.558732
0.373168        0 0.373379 0.373286 0.373151  0.35723 0.374288 0.578706 0.581212 0.560326 0.560088 0.559956 0.559932 0.560093 0.561837  0.48216 0.482919 0.482451 0.482016  0.35723  0.48629 0.579157 0.560393 0.581635  0.56065 0.560325 0.560536 0.560696 0.578809 0.560185 0.581278  0.56065        0 0.560259 0.560419 0.578725 0.560185  0.58122 0.560417 0.560241 0.560024 0.560184 0.573176  0.55973 0.581372 0.560265 0.559987 0.559661 0.559683 0.579394 0.560164 0.581372 0.560698 0.560421 0.560096        0
0.374026 0.373473  0.37428 0.374107 0.374048 0.413725 0.370383 0.374026 0.485154 0.562529 0.562363 0.561008 0.561864 0.562301 0.373473 0.485154 0.485906  0.48584 0.485368 0.536549 0.469312  0.37428 0.562529 0.485906 0.562852  0.56262 0.562461 0.562899 0.374107 0.562363  0.48584 0.562852 0.560883 0.562186 0.562624 0.374048 0.561008 0.485368  0.56262 0.560883 0.561955 0.562393 0.413725 0.561864 0.536549 0.562461 0.562186 0.561955  0.56093 0.370383 0.562301 0.469312 0.562899 0.562624 0.562393  0.56093
   0.006965  0.00696407  0.00696451  0.00696469  0.00696507  0.00710999  0.00696588    0.006965  0.00324664  3.0845e-06 4.10964e-06 3.68002e-06 3.82251e-06 3.81274e-06  0.00704089  0.00324664  0.00324577  0.00324639   0.0032469  0.00621187  0.00326412  0.00696451  3.0845e-06  0.00324577 2.71517e-06 3.44074e-06 2.61216e-06 2.60241e-06  0.00696469 4.10964e-06  0.00324639 2.71517e-06 1.76653e-06 3.45244e-06 3.44285e-06  0.00696507 2.61356e-06   0.0032469 3.44074e-06 2.56015e-06 4.18152e-06 4.17183e-06  0.00710999 3.82251e-06 0.000335367 2.61216e-06 3.45244e-06 4.18152e-06  1.8991e-06  0.00696588 3.81274e-06  0.00326412 2.60241e-06 3.44285e-06 4.17183e-06  1.6544e-06
