8	12	8	1
 0  2  0  0  0  0  3  4  0  0  7  0
 0  0  0  5  0  0  3  4  0  0  0  0
 1  2  0  0 12  0  0  4  0  0  7  8
 1  0  0  5  0  0  0  4  0  0  0  8
 0  2  0  0  0  0  3  0  0  0  0  0
 0  0  0  0  0 10  3  0  0  0  0  0
 1  2 11  0  0  0  0  0  0  6  0  0
 1  0  0  0  0  0  0  0  9  6  0  0
0.6	0.2	0.5	0.8	0.4	0.6	0.2	0.9	0.9	0.6	0.2	0.9	
0.795	0.691	0.314	0.415	0.737	0.001	0.762	0.187	
------target--------
4
------result--------
3	
------details--------
0.547591 0.545246 0.689429 0.735078 0.548321  0.54832 0.547947  0.54835
0.551517 0.552474 0.316345 0.380757  0.55042  0.55042 0.550232 0.550624
6.07687e-06   2.627e-05   0.0671438   0.0648603 1.13132e-06 1.13452e-06  2.2179e-06  1.1466e-06
------result2--------
4	2	
------details2--------
0.544448        0 0.735041 0.547591  0.54759  0.54689 0.547302 0.544448 0.730996        0 0.545246 0.545245 0.544545 0.544956 0.688412 0.730996 0.731169 0.688412 0.688412 0.689103 0.689238 0.735041 0.734916        0 0.734916 0.734917 0.735117 0.734993        0        0 0.688412 0.734916        0 0.547628 0.548034  0.54759 0.545245 0.688412 0.734917  0.54832 0.547627 0.548033  0.54689 0.544545 0.689103 0.735117 0.547628 0.547627  0.54766 0.547302 0.544956 0.689238 0.734993 0.548034 0.548033  0.54766
0.552824 0.547591 0.386122        0 0.549556 0.549204 0.549593 0.550293 0.293614 0.545246        0 0.547103 0.546856 0.547251  0.69475 0.649374 0.626881  0.69475 0.694734 0.690179 0.690755 0.735172 0.735876 0.735078 0.735876 0.735872 0.734987 0.735665 0.548321 0.548321 0.324909 0.387268 0.548321 0.549923 0.550314 0.552923 0.553433 0.324908 0.387265        0 0.549922 0.550313 0.550835 0.551773 0.316704 0.380371 0.549746 0.549746 0.549942 0.551233 0.552185 0.316366 0.380589 0.550138 0.550138 0.549949
0.550293  0.69475 0.735172 0.552924 0.552923 0.550835 0.551233 0.552824 0.649374 0.735876 0.553434 0.553433 0.551773 0.552185 0.199227 0.293614  0.74962 0.324909 0.324908 0.316704 0.316366 0.386122        0 0.626881 0.387268 0.387265 0.380371 0.380589        0        0  0.69475 0.735876        0 0.549746 0.550138 0.549556 0.547103 0.694734 0.735872 0.550298 0.549746 0.550138 0.549204 0.546856 0.690179 0.734987 0.549923 0.549922 0.549949 0.549593 0.547251 0.690755 0.735665 0.550314 0.550313 0.549942
0.551975 0.465373  0.36471  0.55042 0.550422 0.553141 0.553526 0.551975 0.350112 0.514872  0.55042 0.550426 0.554123 0.554501 0.465373 0.350112 0.159336  0.25974 0.259949 0.315498 0.316199  0.36471 0.514872 0.159336 0.338104 0.338275 0.381662 0.381933  0.55042  0.55042  0.25974 0.338104  0.55042 0.552031 0.552421 0.550422 0.550426 0.259949 0.338275  0.55042 0.552031 0.552421 0.553141 0.554123 0.315498 0.381662 0.552031 0.552031 0.552233 0.553526 0.554501 0.316199 0.381933 0.552421 0.552421 0.552233
3.07492e-05  0.00677085   0.0649568 6.90628e-06 6.90715e-06 8.34688e-06 7.24043e-06 3.07492e-05   0.0702382  0.00685157 2.81401e-05 2.81352e-05 2.85742e-05 2.74476e-05   0.0824434   0.0702382    0.128452   0.0675877    0.067586   0.0671444   0.0671442   0.0649568     0.14493    0.128382   0.0651746   0.0651732   0.0648607   0.0648606 1.13132e-06 1.13132e-06   0.0675877   0.0651746 1.13132e-06 3.36596e-06 2.28344e-06 6.90715e-06 2.81352e-05    0.067586   0.0651732 1.13454e-06 3.36919e-06 2.28665e-06 8.34688e-06 2.85742e-05   0.0671444   0.0648607 3.36596e-06 3.36919e-06  3.3727e-06 7.24043e-06 2.74476e-05   0.0671442   0.0648606 2.28344e-06 2.28665e-06  3.3727e-06
