8	12	8	1
 0  0  0  0  0  0  0  0  1  9 10  0
 0  0  0  0  5  0  0  7  1  0 10  0
 0  3  0  4  0  0  0  0  1  0  0  0
 0  3  0  4  5  0  0  0  1  0  0  0
 0  0  8  0  0  0  2  0  1  9  0  0
 6  0  8  0  0  0  2  7  1  0  0 12
 0  3  0  0  0 11  2  0  1  0  0  0
 6  3  0  0  0  0  2  0  1  0  0  0
0.1	0.7	0.4	0.6	0.8	0.6	0.1	0.9	0.5	1	0.9	0.3	
0.306	0.428	0.205	0.031	0.534	0.827	0.034	0.007	
------target--------
1
------result--------
2	
------details--------
 0.78136 0.749622 0.643958 0.643703  0.64214 0.643539 0.644293 0.644358
 0.56286  0.48611 0.647819 0.649046 0.648301 0.647398 0.648092 0.648173
  0.0253403    0.036184 3.04492e-06 6.73657e-06 1.91047e-05  5.4503e-06 5.51938e-07 2.21372e-08
------result2--------
1	2	
------details2--------
       0 0.781292 0.780937  0.78136 0.781576 0.781347 0.781362        0 0.749389 0.749389 0.781015 0.749382 0.749583 0.749622 0.781292 0.749389        0  0.64173 0.643129  0.64389 0.643955 0.780937        0 0.643703 0.641448 0.642873 0.643635   0.6437        0 0.781015  0.64173 0.641448 0.641302 0.642071 0.642137 0.781576 0.749382 0.643129 0.642873 0.641302  0.64347 0.643539 0.781347 0.749583  0.64389 0.643635 0.642071  0.64347  0.64429 0.781362 0.749622 0.643955   0.6437 0.642137        0  0.64429
 0.78136  0.78193  0.78421        0 0.780585 0.782052 0.778689 0.749622 0.751574 0.751574 0.701298 0.750494 0.751724 0.749652 0.562575 0.486343 0.643958 0.647898 0.647006   0.6477 0.647793  0.56294 0.643703        0  0.64769 0.646753 0.647449 0.647541  0.64214 0.458609 0.645622 0.647018 0.645196 0.645899 0.645982 0.562313 0.485792 0.647022 0.648236 0.647476 0.647299        0 0.562815 0.486084 0.647753 0.648979 0.648233 0.647332 0.648111 0.562858 0.486109 0.647816 0.649043 0.648298 0.644358  0.64809
0.701298 0.562575  0.56294 0.447291 0.562313 0.562815 0.562858  0.79539 0.486343    0.477 0.458609 0.485792 0.486084 0.486109  0.78193 0.751574        0 0.645622 0.647022 0.647753 0.647816  0.78421 0.751574 0.655876 0.647018 0.648236 0.648979 0.649043        0 0.701298 0.647898  0.64769 0.647476 0.648233 0.648298 0.780585 0.750494 0.647006 0.646753 0.645196 0.647332 0.647395 0.782052 0.751724   0.6477 0.647449 0.645899 0.647299  0.64809 0.778689 0.749652 0.647793 0.647541 0.645982        0 0.648111
0.479016 0.565337  0.56227 0.648301  0.56492 0.565345 0.565611 0.479016 0.484043 0.538433  0.54721 0.487314 0.487593 0.487776 0.565337 0.484043 0.647819  0.65182 0.650896 0.651577 0.651636  0.56227 0.538433 0.647819 0.652728 0.652168 0.652833 0.652951 0.648301  0.54721  0.65182 0.652728 0.651421 0.652095 0.652236  0.56492 0.487314 0.650896 0.652168 0.651421 0.651167 0.648173 0.565345 0.487593 0.651577 0.652833 0.652095 0.651167 0.651758 0.565611 0.487776 0.651636 0.652951 0.652236 0.648173 0.651758
  0.0404372   0.0253413   0.0253417   0.0379534    0.025342   0.0253405   0.0253404   0.0380436   0.0361851   0.0365659   0.0399274   0.0361847   0.0361842    0.036184   0.0253413   0.0361851 3.04492e-06 2.22164e-05 8.54566e-06 3.60054e-06 3.06731e-06   0.0253417  0.00309749 9.00757e-06 2.59515e-05  1.2266e-05 7.29431e-06 6.75911e-06 1.91047e-05   0.0399274 2.22164e-05 2.59515e-05 2.47082e-05 1.96687e-05 1.91275e-05    0.025342   0.0361847 8.54566e-06  1.2266e-05 2.47082e-05  6.0113e-06 5.45122e-06   0.0253405   0.0361842 3.60054e-06 7.29431e-06 1.96687e-05  6.0113e-06 5.74121e-07   0.0253404    0.036184 3.06731e-06 6.75911e-06 1.91275e-05 2.21372e-08 5.74121e-07
