8	12	8	1
 0  0  0  0  0  1  0  0  8  3  0  0
 0  0  0  0  0  1  2  7  8  0  0  0
 0  0  0  4  0  1  0  0  0  3  0  0
 0  0  0  0  0  1  2  7  0  0  0 12
 5  6  0  0  0  0  0  0  0  3 11  0
 0  6  0  0 10  0  2  0  0  0  0  0
 5  0  9  4  0  0  0  0  0  3  0  0
 0  0  9  0  0  0  2  0  0  0  0  0
0.2	0.8	0.7	0.4	0.5	0.6	0.9	0.4	0.2	0.9	0.5	0.4	
0.446	0.425	0.011	0.251	0.608	0.145	0.555	0.779	
------target--------
7
------result--------
8	
------details--------
0.445055 0.445055 0.445411 0.445213 0.444816 0.445276 0.603604 0.603229
0.447482 0.447482 0.450685  0.44764   0.4473 0.447704 0.330672 0.329904
1.57113e-06 1.57113e-06 2.46053e-07  9.8739e-07 2.33327e-06 7.24656e-07   0.0370239   0.0371895
------result2--------
3	8	
------details2--------
       0 0.445032 0.444832 0.444432 0.444896 0.603758  0.60338        0 0.445032 0.444832 0.444432 0.444896 0.603758  0.60338 0.445032 0.445032  0.44519 0.444793 0.445253        0 0.603604 0.444832 0.444832  0.44519 0.444593 0.445055 0.603584 0.603208 0.444432 0.444432 0.444793 0.444593 0.444657 0.603479   0.6031 0.444896 0.444896 0.445253 0.445055 0.444657 0.603565 0.603189 0.603758 0.603758 0.603604 0.603584 0.603479 0.603565        0  0.60338  0.60338 0.603604 0.603208   0.6031 0.603189        0
0.445055 0.450301 0.447269 0.446927 0.447333  0.33047 0.329701 0.445055 0.450301 0.447269 0.446927 0.447333  0.33047 0.329701 0.447459 0.447459 0.447617 0.447277 0.447681 0.445411 0.329756 0.447266 0.447266 0.450463 0.447082 0.447486 0.330557 0.329789 0.446876 0.446876 0.450064  0.44703 0.447094 0.330348  0.32958 0.447327 0.447327 0.450527 0.447484 0.447144  0.33059 0.329822 0.602784 0.602784        0 0.603799 0.603977 0.604155 0.603604 0.602429 0.602429  0.53175  0.60344 0.603614 0.603794 0.603229
       0 0.447459 0.447266 0.446876 0.447327 0.602784 0.602429        0 0.447459 0.447266 0.446876 0.447327 0.602784 0.602429 0.450301 0.450301 0.450463 0.450064 0.450527        0  0.53175 0.447269 0.447269 0.447617  0.44703 0.447484 0.603799  0.60344 0.446927 0.446927 0.447277 0.447082 0.447144 0.603977 0.603614 0.447333 0.447333 0.447681 0.447486 0.447094 0.604155 0.603794  0.33047  0.33047 0.329756 0.330557 0.330348  0.33059  0.53175 0.329701 0.329701 0.329756 0.329789  0.32958 0.329822        0
0.447482 0.452831 0.449707 0.449367 0.449771  0.33178 0.331017 0.447482 0.452831 0.449707 0.449367 0.449771  0.33178 0.331017 0.452831 0.452831 0.452957 0.452606 0.453014 0.450685 0.368987 0.449707 0.449707 0.452957 0.449522 0.449925 0.331831 0.331065 0.449367 0.449367 0.452606 0.449522 0.449586  0.33166 0.330892 0.449771 0.449771 0.453014 0.449925 0.449586 0.331871 0.331104  0.33178  0.33178 0.450685 0.331831  0.33166 0.331871 0.329904 0.331017 0.331017 0.368987 0.331065 0.330892 0.331104 0.329904
1.57113e-06 1.81819e-06 2.56787e-06 3.92424e-06 2.30164e-06   0.0370243   0.0371899 1.57113e-06 1.81819e-06 2.56787e-06 3.92424e-06 2.30164e-06   0.0370243   0.0371899 1.81819e-06 1.81819e-06 1.23391e-06 2.58033e-06 9.71013e-07 2.46053e-07   0.0372202 2.56787e-06 2.56787e-06 1.23391e-06 3.33003e-06 1.71485e-06   0.0370241   0.0371897 3.92424e-06 3.92424e-06 2.58033e-06 3.33003e-06 3.06405e-06   0.0370243   0.0371899 2.30164e-06 2.30164e-06 9.71013e-07 1.71485e-06 3.06405e-06    0.037024   0.0371896   0.0370243   0.0370243   0.0371612   0.0370241   0.0370243    0.037024   0.0372127   0.0371899   0.0371899   0.0372202   0.0371897   0.0371899   0.0371896   0.0371895
