8	12	8	1
 0  8  0  0  0  0  0  0  0  3  0  0
 0  0  0  0  0  5  0  0  2  3  0  0
 0  0  0  1  4  0  6  0  0  0  0  0
 0  0  0  1  0  5  6  0  2  0  0 11
 9  8  0  0  0  0  0  0  0  3 10  0
 9  0  0  0  0  0  0  0  2  3  0  0
 0  0 12  1  4  0  0  7  0  0 10  0
 0  0  0  1  0  0  0  7  2  0  0 11
0.1	0.5	0.1	1	0.8	0.6	0.3	0.9	0.9	0.5	0.5	0.4	
0.811	0.378	0.472	0.049	0.301	0.582	0.829	0.674	
------target--------
5
------result--------
7	
------details--------
 0.64668 0.647318 0.647436 0.646611 0.740984 0.647625 0.722217 0.647229
0.649695 0.649252 0.649326 0.648921 0.533136 0.648575 0.289837 0.649116
 4.4102e-06 1.24215e-06 8.72845e-07 2.90731e-06   0.0234601 1.03425e-07   0.0561017  1.4132e-06
------result2--------
7	5	
------details2--------
0.646316 0.646435 0.645598        0 0.646613 0.738883 0.646225 0.646316 0.647074        0 0.740872 0.647264 0.721997 0.646861 0.646435 0.647074        0 0.740998 0.647382 0.722122 0.646982 0.645598 0.646611 0.646611 0.740855 0.646555 0.721681        0 0.740984 0.740872 0.740998 0.740855 0.740984        0 0.740954 0.646613 0.647264 0.647382 0.646555        0 0.722928 0.647175 0.738883 0.721997 0.722122 0.721681 0.739978 0.722928 0.722007 0.646225 0.646861 0.646982        0 0.740954 0.647175 0.722007
0.648263  0.64834 0.647929  0.64668 0.647805 0.261382 0.648127 0.649336 0.648972 0.647318 0.532986 0.648222 0.290283 0.648766 0.649454 0.649014 0.647436 0.533082 0.648341 0.290485 0.648881 0.648631        0        0 0.532796 0.647536  0.29191 0.646611        0 0.741466 0.740887 0.741131        0 0.740984 0.741077 0.649665   0.6492 0.649274 0.648868 0.647625 0.289259 0.649064 0.690934 0.723178 0.722864 0.722838  0.69391 0.710416 0.722888 0.649248 0.648816 0.648892 0.647229 0.533006 0.648139 0.290791
0.649336 0.649454 0.648631        0 0.649665 0.690934 0.649248 0.648263 0.649014        0 0.741466   0.6492 0.723178 0.648816  0.64834 0.648972        0 0.740887 0.649274 0.722864 0.648892 0.647929 0.648698 0.648766 0.741131 0.648868 0.722838 0.648715 0.206586 0.532986 0.533082 0.532796 0.516897  0.69391 0.533006 0.647805 0.648222 0.648341 0.647536        0 0.710416 0.648139 0.261382 0.290283 0.290485  0.29191    0.753 0.289259 0.290791 0.648127 0.648766 0.648881        0 0.741077 0.649064 0.722888
0.651285 0.651369 0.650959 0.649695 0.650211 0.374985 0.651154 0.651285 0.650912 0.649252 0.533799 0.650166  0.28785 0.650725 0.651369 0.650912 0.649326 0.533508 0.650249 0.285284 0.650792 0.650959 0.649252 0.649326 0.533539 0.649846  0.28735 0.649116 0.649695 0.533799 0.533508 0.533539 0.648575 0.138054 0.533561 0.650211 0.650166 0.650249 0.649846 0.648575 0.301183 0.650035 0.374985  0.28785 0.285284  0.28735 0.138054 0.301183   0.2867 0.651154 0.650725 0.650792 0.649116 0.533561 0.650035   0.2867
5.67011e-06 5.30043e-06 7.36754e-06  4.4102e-06 4.53179e-06   0.0581497 5.84892e-06 5.67011e-06 2.12272e-06 1.24215e-06   0.0234603 1.34762e-06   0.0561025 2.68349e-06 5.30043e-06 2.12272e-06 8.72845e-07   0.0234601 9.78719e-07   0.0561031 2.30546e-06 7.36754e-06 2.98216e-06 2.97076e-06   0.0234602 3.01728e-06   0.0561046 2.94801e-06   0.0592284   0.0234603   0.0234601   0.0234602   0.0251798   0.0849889   0.0234601 4.53179e-06 1.34762e-06 9.78719e-07 3.01728e-06 1.03425e-07   0.0561216 1.51999e-06   0.0581497   0.0561025   0.0561031   0.0561046   0.0850064   0.0561216   0.0561033 5.84892e-06 2.68349e-06 2.30546e-06  1.4132e-06   0.0234601 1.51999e-06   0.0561033
