8	12	8	1
10  4  0  5  0  0  0  0  1  6  7  0
 0  4  0  0  0  3  0  0  1  0  7  0
 0  4  2  5  9  0  0  0  1  0  0  0
 0  4  2  0  0  3  0  0  1  0  0  0
 0  0  0  0  0  0  0 12  1  6  0  8
 0  0  0  0  0  3  0  0  1  0  0  8
 0  0  2  0  0  0 11  0  1  0  0  0
 0  0  2  0  0  3  0  0  1  0  0  0
0.6	0.4	0.1	1	0.2	0.9	0.4	1	0.1	0.1	0.8	0.7	
0.219	0.225	0.237	0.941	0.061	0.169	0.761	0.09	
------target--------
6
------result--------
5	
------details--------
0.780551 0.780395 0.780706 0.780526 0.860334 0.866076 0.780781 0.780965
0.781807 0.781951 0.781904 0.782049 0.266696 0.373392 0.782097 0.782803
1.14143e-06  1.7626e-06 9.43772e-07 1.60958e-06   0.0977043   0.0856786 9.61652e-07 7.47075e-07
------result2--------
6	8	
------details2--------
   0.7803  0.780504    0.7803  0.858084  0.865933  0.780209    0.7803         0  0.780349  0.780395  0.864582  0.865898  0.780052  0.780395  0.780504  0.780349   0.78048  0.858668  0.866008  0.780366   0.78048         0         0         0  0.864659  0.865975  0.780185  0.780526  0.858084  0.864582  0.858668  0.864659  0.864763  0.860364  0.864763  0.865933  0.865898  0.866008  0.865975         0  0.866146  0.866076  0.780209  0.780052  0.780366  0.780185  0.860364  0.866146  0.780629    0.7803         0   0.78048         0  0.864763         0  0.780629
 0.782496  0.781658  0.782496  0.271099  0.442563  0.781537  0.782496  0.780395  0.781486         0  0.258043         0  0.781383         0  0.781526  0.781995  0.782608  0.270003  0.428183  0.781692  0.782608  0.780526  0.780526  0.780526  0.257969         0  0.781514         0  0.863093  0.855481   0.86355  0.853599  0.813961  0.860248  0.813961  0.866239  0.866327  0.866199  0.866279  0.866076  0.865875         0  0.781474  0.781619  0.781573  0.781717  0.266521  0.372973  0.782469  0.781717  0.780965  0.781829  0.780965  0.257892  0.780965  0.781946
 0.781323  0.781526  0.781403  0.863093  0.866239  0.781474  0.781717  0.782496  0.781995  0.781455  0.855481  0.866327  0.781619  0.781768  0.781658  0.781486  0.781629   0.86355  0.866199  0.781573  0.781829  0.782496         0  0.782608  0.853599  0.866279  0.781717  0.781846  0.271099  0.258043  0.270003  0.257969  0.894523  0.266521  0.257892  0.442563         0  0.428183         0  0.813961  0.372973         0  0.781537  0.781383  0.781692  0.781514  0.860248  0.865875  0.781946  0.782496         0  0.782608         0  0.813961         0  0.782469
 0.781866  0.781921  0.781963  0.261438  0.248747  0.782794  0.783789  0.781866  0.781932  0.782049  0.277627  0.539022   0.78294  0.782803  0.781921  0.781932  0.781925  0.260476  0.214735  0.782891  0.783928  0.781963  0.782049  0.781925   0.28199   0.57496  0.783038  0.782803  0.261438  0.277627  0.260476   0.28199 0.0300119  0.267217  0.432685  0.248747  0.539022  0.214735   0.57496 0.0300119  0.374637  0.782803  0.782794   0.78294  0.782891  0.783038  0.267217  0.374637  0.783792  0.783789  0.782803  0.783928  0.782803  0.432685  0.782803  0.783792
1.96264e-06 1.26714e-06 2.00765e-06   0.0977346   0.0889586 2.11584e-06 2.16034e-06 1.82566e-06 1.84259e-06 1.82836e-06   0.0978108    0.117183 2.74002e-06 1.97538e-06 1.26714e-06 1.84259e-06 1.78041e-06   0.0977307   0.0890736 1.91694e-06 1.92589e-06 1.65342e-06 1.60958e-06 1.68821e-06   0.0978542    0.123257 2.58562e-06 1.78383e-06   0.0977346   0.0978108   0.0977307   0.0978542     0.15041   0.0977043   0.0988456   0.0889586    0.117183   0.0890736    0.123257    0.150268   0.0856789    0.156572 2.11584e-06 2.74002e-06 1.91694e-06 2.58562e-06   0.0977043   0.0856789  1.7114e-06 2.16034e-06 7.47075e-07 1.92589e-06 7.47075e-07   0.0988456 7.47075e-07  1.7114e-06
