8	12	8	1
 0  0  0  8  0  0  0  6  0  0  2  0
12  0  1  0  0  4  0  0  0  0  2  0
 0  0  0  8  9  0  0  0  0  0  0  0
 0  0  1  0  9  4  0  0  0 10  0  0
 0  0  0  0  0  0  5  6  0  0  2  3
 0  0  1  0  0  0  5  0  0  0  2  3
 0 11  0  0  0  0  0  0  7  0  0  3
 0  0  1  0  0  0  0  0  7  0  0  3
0.6	0.1	0.6	0.4	0.4	0.7	0.7	0.9	0.5	0.7	0.3	0.8	
0.359	0.8	0.37	0.042	0.143	0.76	0.845	0.539	
------target--------
3
------result--------
4	
------details--------
 0.58502 0.584677 0.669249 0.662046 0.584419 0.584584 0.584751 0.584905
0.587304 0.586904 0.314661 0.105828 0.586788 0.586873 0.587046 0.587105
1.70508e-06 2.34489e-06   0.0465739   0.0803667 2.85417e-06 2.56488e-06 2.33984e-06 1.90801e-06
------result2--------
4	3	
------details2--------
 0.584221         0  0.667954  0.584067  0.584067  0.584294   0.58445  0.584221  0.669039  0.661737  0.583614   0.58378  0.583946  0.584104  0.669019  0.669039         0  0.668679  0.668951  0.669188  0.669082  0.667954  0.661737  0.668184  0.661146  0.661688  0.661878  0.661811         0  0.583614  0.668679  0.661146  0.584419  0.583687  0.583845  0.584067   0.58378  0.668951  0.661688         0  0.583853   0.58401  0.584294  0.583946  0.669188  0.661878  0.583687  0.583853  0.584751   0.58445  0.584104  0.669082  0.661811  0.583845   0.58401         0
 0.586455   0.58502  0.100011  0.586448  0.586448  0.586599  0.586657  0.586517  0.314333  0.105642  0.585996  0.586082  0.586259  0.586316   0.67185  0.669627  0.669249  0.669947  0.669719  0.669381  0.669728   0.63919    0.6626  0.622735   0.66317  0.662609   0.66241  0.662719  0.584419  0.585857  0.322855  0.106004         0  0.586002  0.586059   0.58648   0.58602  0.312577  0.105578  0.584584  0.586165  0.586223   0.58659  0.586189  0.314359  0.105607  0.586071  0.586157         0  0.586743   0.58634  0.314426    0.1057  0.586223  0.586309  0.584905
 0.586517   0.67185   0.63919  0.586692   0.58648   0.58659  0.586743  0.586455  0.669627    0.6626  0.585857   0.58602  0.586189   0.58634         0  0.314333  0.622735  0.322855  0.312577  0.314359  0.314426  0.100011  0.105642  0.713748  0.106004  0.105578  0.105607    0.1057  0.586448  0.585996  0.669947   0.66317  0.586201  0.586071  0.586223  0.586448  0.586082  0.669719  0.662609         0  0.586157  0.586309  0.586599  0.586259  0.669381   0.66241  0.586002  0.586165  0.586779  0.586657  0.586316  0.669728  0.662719  0.586059  0.586223         0
 0.588747  0.548557  0.139067  0.587675  0.588923  0.588894  0.588947  0.588747  0.315265   0.10617  0.588231  0.588316  0.588491  0.588548  0.548557  0.315265 0.0152012  0.303662  0.317969  0.315337  0.315351  0.139067   0.10617 0.0152012  0.105606  0.106229  0.106322  0.106204  0.587675  0.588231  0.303662  0.105606  0.586873  0.588374  0.588432  0.588923  0.588316  0.317969  0.106229  0.586873  0.588459  0.588517  0.588894  0.588491  0.315337  0.106322  0.588374  0.588459  0.587105  0.588947  0.588548  0.315351  0.106204  0.588432  0.588517  0.587105
4.06512e-06  0.00135798   0.0807564 4.04586e-06 4.49705e-06 4.06265e-06 3.62504e-06 4.06512e-06   0.0465741   0.0803671 5.22402e-06 4.93223e-06 4.71103e-06 4.27096e-06    0.100418   0.0465741    0.107106    0.046624   0.0465779    0.046574   0.0465741   0.0807564   0.0803671     0.10719   0.0803687   0.0803672   0.0803669    0.080367  3.1306e-06 5.22402e-06    0.046624   0.0803687 2.90006e-06 5.22226e-06 4.78196e-06 4.49705e-06 4.93223e-06   0.0465779   0.0803672 2.56488e-06 4.93012e-06 4.49069e-06 4.06265e-06 4.71103e-06    0.046574   0.0803669 5.22226e-06 4.93012e-06 2.34996e-06 3.62504e-06 4.27096e-06   0.0465741    0.080367 4.78196e-06 4.49069e-06 1.90801e-06
