8	12	8	1
 0  0  0 10  0  0  2  0  1  0  0  8
 0  0 12  0  0  0  0  0  1  0  0  8
 0  0  0  0  0  0  2  0  1  7  0  0
 4  0  0  0  0  9  0  0  1  0  0  0
 0  3  0  0  0  0  2  0  1  0 11  0
 0  3  0  0  0  0  0  5  1  0  0  0
 0  3  0  0  6  0  2  0  1  7  0  0
 4  3  0  0  6  0  0  5  1  0  0  0
0.9	0.7	1	0.7	0.8	0.4	0.8	0.8	0.5	0.5	0.4	0.6	
0.698	0.565	0.108	0.053	0.762	0.734	0.214	0.477	
------target--------
8
------result--------
7	
------details--------
0.499612  0.49955 0.491262 0.500449 0.499896 0.496429 0.621295 0.672198
0.502111 0.502152 0.566131 0.502768  0.50226 0.505863 0.227552 0.376032
 2.8536e-06 3.13004e-06  0.00121515 2.08989e-07 2.11342e-06 4.36457e-05   0.0687222   0.0434462
------result2--------
7	3	
------details2--------
0.498661 0.490315 0.499565 0.499006 0.495533  0.62067  0.67199 0.498661 0.490263 0.499504 0.498946 0.495471 0.620528 0.671781 0.490315 0.490263 0.491212 0.490604 0.485439        0 0.668129 0.499565 0.499504 0.491212 0.499849 0.496383  0.62127 0.672201 0.499006 0.498946 0.490604 0.499849 0.495821 0.620979 0.672269 0.495533 0.495471 0.485439 0.496383 0.495821 0.668129        0  0.62067 0.620528        0  0.62127 0.620979 0.668129 0.668129  0.67199 0.671781 0.668129 0.672201 0.672269 0.672198        0
0.501272 0.565272 0.501896 0.501384 0.504966 0.227633  0.37553  0.50117   0.5652 0.501832 0.501321 0.504908 0.227543 0.375484 0.492993 0.493012 0.493743 0.493195 0.498999 0.491262 0.366022 0.502066 0.502106 0.566087 0.502214 0.505816 0.227563 0.376007 0.501516 0.501556 0.565556  0.50218 0.505249 0.227712 0.375699 0.498059 0.498101 0.576298 0.498722 0.498206 0.192929 0.496429 0.622434 0.622637 0.621295 0.622556 0.622222  0.56968  0.56968 0.672576 0.672924 0.698234  0.67207 0.671992        0 0.672198
 0.50117 0.492993 0.502066 0.501516 0.498059 0.622434 0.672576 0.501272 0.493012 0.502106 0.501556 0.498101 0.622637 0.672924 0.565272   0.5652 0.566087 0.565556 0.576298        0 0.698234 0.501896 0.501832 0.493743  0.50218 0.498722 0.622556  0.67207 0.501384 0.501321 0.493195 0.502214 0.498206 0.622222 0.671992 0.504966 0.504908 0.498999 0.505816 0.505249  0.56968        0 0.227633 0.227543        0 0.227563 0.227712 0.192929 0.698234  0.37553 0.375484 0.366022 0.376007 0.375699        0  0.56968
0.503781  0.56773 0.504397  0.50389  0.50752 0.227403  0.37696 0.503781 0.567787 0.504437  0.50393 0.507552 0.227569 0.377001  0.56773 0.567787 0.568351 0.567862 0.553287 0.566131 0.453285 0.504397 0.504437 0.568351 0.504547 0.508209 0.227004 0.377309  0.50389  0.50393 0.567862 0.504547 0.507692 0.227075 0.377025  0.50752 0.507552 0.553287 0.508209 0.507692   0.2979 0.505863 0.227403 0.227569 0.566131 0.227004 0.227075   0.2979 0.120589  0.37696 0.377001 0.453285 0.377309 0.377025 0.505863 0.120589
6.00549e-06  0.00121837 3.06478e-06 4.99003e-06 4.65889e-05   0.0687232   0.0434468 6.00549e-06   0.0012186 3.34094e-06 5.26344e-06  4.6859e-05   0.0687237   0.0434471  0.00121837   0.0012186  0.00121539  0.00121763  0.00132693  0.00121515   0.0444854 3.06478e-06 3.34094e-06  0.00121539  2.3246e-06 4.38626e-05   0.0687222   0.0434462 4.99003e-06 5.26344e-06  0.00121763  2.3246e-06 4.58425e-05   0.0687227   0.0434466 4.65889e-05  4.6859e-05  0.00132693 4.38626e-05 4.58425e-05   0.0743497 4.36457e-05   0.0687232   0.0687237    0.148865   0.0687222   0.0687227   0.0743497    0.110014   0.0434468   0.0434471   0.0444854   0.0434462   0.0434466    0.128606    0.109912
