8	12	8	1
12  0  0  5  0  1  0  2  0  0  0  3
 0  0  0  0  0  1  0  2  0  0  8  3
 0  0  0  5 11  1  0  0  6  7  0  3
 0  0  9  0  0  1  0  0  6  0  0  3
 0  0  0  0  0  1  4  2  0  0  0  0
 0  0  0  0  0  1  4  2  0  0  8  0
 0  0  0  0  0  1  0  0  0  7  0  0
 0 10  9  0  0  1  0  0  0  0  0  0
0.3	0.1	0.2	0.9	0.6	0.9	0.5	0.5	0.7	0.4	1	0.4	
0.807	0.251	0.778	0.019	0.376	0.775	0.873	0.653	
------target--------
6
------result--------
2	
------details--------
0.326995 0.549613 0.326079 0.327498 0.325391 0.576664 0.326732 0.327349
0.329467 0.129779 0.328808 0.329957 0.337507 0.183496 0.329227 0.329816
2.27956e-06    0.104083 4.21819e-06 5.29832e-08 4.78615e-05   0.0807702 3.02587e-06  8.3136e-07
------result2--------
2	5	
------details2--------
0.549541 0.325552 0.326985 0.324875  0.57684 0.326212 0.326833 0.549541 0.549123 0.549612 0.576664        0 0.549341 0.549663 0.325552 0.549123 0.326069 0.323953 0.576759 0.326079 0.325913 0.326985 0.549612 0.326069 0.325381 0.576669 0.326722        0 0.324875 0.576664 0.323953 0.325381        0  0.32461 0.325231  0.57684        0 0.576759 0.576669 0.576664 0.576706 0.576817 0.326212 0.549341        0 0.326722  0.32461 0.576706  0.32657 0.326833 0.549663 0.325913 0.327349 0.325231 0.576817  0.32657
0.129659 0.328298  0.32946 0.336957 0.183383 0.328719 0.329323 0.549883 0.550054 0.549631 0.454961 0.549613 0.550209 0.548891 0.328054 0.129447 0.328559  0.33599 0.183136        0 0.328427 0.329458 0.129777 0.328799 0.337497 0.183494 0.329217 0.327498 0.327354  0.12487 0.326694 0.327846 0.325391 0.327114 0.327698    0.576 0.576664 0.576578 0.575407        0 0.576571 0.574479 0.328701   0.1296 0.326732 0.329199 0.336685 0.183301 0.329062 0.329313 0.129738 0.328652        0 0.337331 0.183469 0.329071
0.549883 0.328054 0.329458 0.327354    0.576 0.328701 0.329313 0.129659 0.129447 0.129777  0.12487        0   0.1296 0.129738 0.328298 0.550054 0.328799 0.326694 0.576578 0.328196 0.328652  0.32946 0.549631 0.328559 0.327846 0.575407 0.329199        0 0.336957 0.454961  0.33599 0.337497        0 0.336685 0.337331 0.183383 0.454961 0.183136 0.183494  0.12487 0.183301 0.183469 0.328719 0.550209        0 0.329217 0.327114 0.576571 0.329071 0.329323 0.548891 0.328427 0.329807 0.327698 0.574479 0.329062
0.130242 0.330788 0.331939 0.339654 0.183932 0.331207 0.331799 0.130242 0.130085  0.13037 0.161956 0.129779 0.130181 0.130386 0.330788 0.130085 0.331279 0.338916 0.183827 0.329227 0.331138 0.331939  0.13037 0.331279 0.340214    0.184 0.331696 0.329957 0.339654 0.161956 0.338916 0.340214 0.337507 0.339362 0.340144 0.183932 0.129779 0.183827    0.184 0.337507 0.183932 0.183899 0.331207 0.130181 0.329227 0.331696 0.339362 0.183932 0.331555 0.331799 0.130386 0.331138 0.329957 0.340144 0.183899 0.331555
   0.104083 6.54152e-06 2.33328e-06  5.0227e-05   0.0807703 5.33639e-06 3.12601e-06    0.104083    0.104083    0.104083    0.106859    0.104083    0.104083    0.104083 6.54152e-06    0.104083 4.27229e-06 5.22162e-05   0.0807704 4.52226e-06 5.07154e-06 2.33328e-06    0.104083 4.27229e-06 4.79166e-05   0.0807702 3.07964e-06 5.29832e-08  5.0227e-05    0.106859 5.22162e-05 4.79166e-05 4.78615e-05 5.09847e-05 4.87345e-05   0.0807703    0.106508   0.0807704   0.0807702   0.0983026   0.0807703   0.0807704 5.33639e-06    0.104083 3.02587e-06 3.07964e-06 5.09847e-05   0.0807703 3.87261e-06 3.12601e-06    0.104083 5.07154e-06 8.31547e-07 4.87345e-05   0.0807704 3.87261e-06
