8	12	8	1
 0  0  0  0  2  0  7  0  0  0  9  0
 0  0  0  0  2  0  7  0  0  0  0  0
 0  0  0  4  0  0  0  8  0  0  9  0
 0  0  0  4  0  6  0  0  0  0  0  0
 1  5  3  0  2  0  0  0  0  0  0 12
 1  0  3  0  2  0  0  0 11  0  0  0
 1  5  0  0  0  0  0  8  0 10  0  0
 1  0  0  0  0  6  0  0  0  0  0  0
0.9	1	0.9	0.3	1	0.8	0.9	1	0.4	0.2	0.6	0.7	
0.502	0.189	0.768	0.504	0.318	0.753	0.938	0.382	
------target--------
1
------result--------
3	
------details--------
0.611773  0.48439 0.599406 0.483916 0.484711  0.48454 0.484745 0.483916
0.391424 0.489883 0.368342 0.486569 0.487143 0.486934 0.487111 0.486569
  0.0239336 7.10139e-06   0.0269628 3.49808e-06 1.71151e-06 2.14671e-06 1.54779e-06 3.49808e-06
------result2--------
2	3	
------details2--------
0.611773        0 0.611165 0.611577 0.611715 0.611904 0.611165        0 0.611773 0.483166 0.483962 0.483791 0.483996 0.483166        0 0.611773 0.598651 0.599156 0.599238 0.599438 0.598651 0.611165 0.483166 0.598651 0.483485 0.483311 0.483517        0 0.611577 0.483962 0.599156 0.483485 0.484111 0.484316 0.483485 0.611715 0.483791 0.599238 0.483311 0.484111 0.484142 0.483311 0.611904 0.483996 0.599438 0.483517 0.484316 0.484142 0.483517 0.611165 0.483166 0.598651        0 0.483485 0.483311 0.483517
       0 0.611773 0.612476 0.612684 0.611943 0.611125 0.612476  0.48439 0.360874 0.485822 0.486397 0.486188 0.486364 0.485822 0.599406 0.533803 0.600283 0.600571 0.599904 0.599244 0.600283 0.390669 0.488651 0.367695 0.485928 0.485722 0.485905 0.483916 0.391163 0.489453 0.368119 0.486143 0.486511  0.48669 0.486143  0.39106 0.489279 0.368039 0.485974 0.486551 0.486527 0.485974 0.391174 0.489484 0.368137 0.486179 0.486756  0.48655 0.486179 0.390669 0.488651 0.367695 0.483916 0.485928 0.485722 0.485905
0.360874 0.533803 0.390669 0.391163  0.39106 0.391174 0.390669        0 0.533803 0.488651 0.489453 0.489279 0.489484 0.488651        0 0.360874 0.367695 0.368119 0.368039 0.368137 0.367695 0.612476 0.485822 0.600283 0.486143 0.485974 0.486179        0 0.612684 0.486397 0.600571 0.485928 0.486551 0.486756 0.485928 0.611943 0.486188 0.599904 0.485722 0.486511  0.48655 0.485722 0.611125 0.486364 0.599244 0.485905  0.48669 0.486527 0.485905 0.612476 0.485822 0.600283        0 0.486143 0.485974 0.486179
0.489883 0.368342 0.392317 0.392663 0.392535 0.392705 0.392317 0.489883 0.426914 0.491345 0.491927 0.491728 0.491925 0.491345 0.368342 0.426914 0.369107 0.369398 0.369265 0.369391 0.369107 0.392317 0.491345 0.369107 0.488587 0.488379 0.488556 0.486569 0.392663 0.491927 0.369398 0.488587 0.488954 0.489132 0.488587 0.392535 0.491728 0.369265 0.488379 0.488954 0.488926 0.488379 0.392705 0.491925 0.369391 0.488556 0.489132 0.488926 0.488556 0.392317 0.491345 0.369107 0.486569 0.488587 0.488379 0.488556
  0.0275086   0.0278065   0.0239348   0.0239342   0.0239341   0.0239341   0.0239348 7.10139e-06   0.0282637 1.06236e-05 8.82516e-06 9.26733e-06  8.6657e-06 1.06236e-05   0.0269628   0.0282637    0.026964   0.0269633   0.0269632    0.026963    0.026964   0.0239348 1.06236e-05    0.026964  5.2255e-06 5.67069e-06 5.06886e-06 3.49808e-06   0.0239342 8.82516e-06   0.0269633  5.2255e-06 3.87147e-06 3.27104e-06  5.2255e-06   0.0239341 9.26733e-06   0.0269632 5.67069e-06 3.87147e-06 3.71695e-06 5.67069e-06   0.0239341  8.6657e-06    0.026963 5.06886e-06 3.27104e-06 3.71695e-06 5.06886e-06   0.0239348 1.06236e-05    0.026964 3.49808e-06  5.2255e-06 5.67069e-06 5.06886e-06
