8	12	8	1
 0  0  6  0  0  0  1  3  0  0  0  0
 0  0  0  0  0  0  1  0  8 10  0  0
 0  0  6  7  0  5  1  3  0  0  0 12
 0 11  0  7  0  0  1  0  8  0  0  0
 4  0  0  0  2  0  1  3  0  0  0  0
 4  0  0  0  2  0  1  0  0  0  9  0
 0  0  0  0  2  5  1  3  0  0  0  0
 0  0  0  0  2  0  1  0  0  0  9  0
0.5	0.8	0.5	0.9	0.3	0.8	0.2	0.7	0.8	0.1	0.8	0.1	
0.264	0.366	0.652	0.759	0.838	0.49	0.246	0.357	
------target--------
6
------result--------
8	
------details--------
0.492025 0.492256 0.491465 0.491276 0.490132 0.643481 0.491921  0.61446
0.494416 0.494595 0.494152 0.493871 0.496536 0.400591 0.494334 0.300859
1.29549e-06  3.6632e-07 3.16465e-06 3.25492e-06 1.85198e-05   0.0280369 1.66109e-06   0.0477836
------result2--------
5	8	
------details2--------
0.491944        0 0.490961 0.489817 0.643379   0.4916  0.61425 0.491944 0.491382 0.491193  0.49005  0.64354 0.491839 0.614456 0.491465 0.491382 0.490395  0.48925 0.643233 0.491465 0.613896 0.490961 0.491193 0.490395  0.48906 0.642986 0.490857 0.613659 0.489817  0.49005  0.48925  0.48906        0 0.489712 0.643481 0.643379  0.64354 0.643233 0.642986 0.643481 0.643238        0   0.4916 0.491839        0 0.490857 0.489712 0.643238 0.614117  0.61425 0.614456 0.613896 0.613659 0.643481        0 0.614117
0.494291 0.492025 0.493561 0.496222 0.400433 0.494043 0.300767 0.494337 0.494073 0.493791 0.496453 0.400559 0.494254  0.30083        0  0.49375 0.493003 0.495654 0.400142        0  0.30058 0.493363 0.493555 0.493097 0.495466 0.400022 0.493278 0.300529 0.492225 0.492406 0.491956 0.491674 0.490132 0.492139 0.281806 0.644157   0.6419  0.64399 0.644188        0 0.644639 0.643481 0.494029 0.494186 0.491921 0.493456 0.496118 0.400358 0.300726 0.615849 0.614569 0.615625 0.615611 0.567382  0.61446 0.616099
0.494337        0 0.493363 0.492225 0.644157 0.494029 0.615849 0.494291  0.49375 0.493555 0.492406   0.6419 0.494186 0.614569 0.493975 0.494073 0.493097 0.491956  0.64399 0.493946 0.615625 0.493561 0.493791 0.493003 0.491674 0.644188 0.493456 0.615611 0.496222 0.496453 0.495654 0.495466        0 0.496118 0.567382 0.400433 0.400559 0.400142 0.400022 0.281806 0.400358 0.567382 0.494043 0.494254        0 0.493278 0.492139 0.644639 0.616099 0.300767  0.30083  0.30058 0.300529 0.281806        0 0.300726
0.496688 0.494416 0.495964 0.498665 0.401654 0.496459 0.301483 0.496688 0.496431 0.496142  0.49892 0.401493 0.496604 0.301698 0.494416 0.496431   0.4957 0.498403 0.401535 0.494334 0.301446 0.495964 0.496142   0.4957 0.498105 0.401421 0.495881 0.301341 0.498665  0.49892 0.498403 0.498105 0.496536  0.49857 0.348424 0.401654 0.401493 0.401535 0.401421 0.496536 0.401716 0.300859 0.496459 0.496604 0.494334 0.495881  0.49857 0.401716 0.301503 0.301483 0.301698 0.301446 0.301341 0.348424 0.300859 0.301503
1.66452e-06 1.29549e-06 4.56255e-06 1.98477e-05   0.0280372 2.99585e-06    0.047784 1.66452e-06  3.5391e-06 3.62694e-06 1.89036e-05    0.028037 2.02977e-06   0.0477836 3.19502e-06  3.5391e-06 6.44945e-06 2.17657e-05   0.0280376 3.18904e-06   0.0477846 4.56255e-06 3.62694e-06 6.44945e-06 2.18455e-05   0.0280378 4.92838e-06   0.0477849 1.98477e-05 1.89036e-05 2.17657e-05 2.18455e-05 1.85198e-05 2.02124e-05   0.0503622   0.0280372    0.028037   0.0280376   0.0280378   0.0430503   0.0280375   0.0495365 2.99585e-06 2.02977e-06 1.66109e-06 4.92838e-06 2.02124e-05   0.0280375   0.0477844    0.047784   0.0477836   0.0477846   0.0477849   0.0503622   0.0477836   0.0477844
