8	12	8	1
 0  2  0  0  0  0  0  0  0  7  0  0
 0  0  0  0  4  0  0  0  0  7  0 12
 0  0  1 10  0  0  5  0  0  0  0  0
 0  0  1  0  4  0  0  0  9  0  0  0
 0  2  0  0  0  0  0  6  0  0  8  0
 0  0  0  0  0 11  0  0  0  0  8  0
 3  0  1  0  0  0  5  6  0  0  0  0
 3  0  1  0  0  0  0  0  0  0  0  0
0.6	1	1	0.6	0.9	0.2	0.7	0.3	0.5	0.4	1	0.7	
0.982	0.975	0.02	0.51	0.171	0.135	0.794	0.604	
------target--------
5
------result--------
6	
------details--------
0.781166 0.780717 0.781608 0.781343 0.882588 0.876744 0.780911 0.781177
0.782473 0.782193 0.782895 0.782663 0.474805 0.152575 0.782477 0.782561
1.13552e-06 1.51176e-06 5.07193e-08 8.51257e-07   0.0813689     0.14442 1.78133e-06 1.22408e-06
------result2--------
6	5	
------details2--------
       0 0.781153 0.780884 0.882635 0.876702 0.780447 0.780717 0.780717 0.780704 0.780431 0.882667 0.876648  0.77999 0.780264 0.781153 0.780704 0.781329 0.882587  0.87674 0.780897 0.781163 0.780884 0.780431 0.781329 0.882594 0.876701 0.780627 0.780895 0.882635 0.882667 0.882587 0.882594        0 0.881057 0.881057 0.876702 0.876648  0.87674 0.876701 0.882232 0.880702  0.87434 0.780447  0.77999 0.780897 0.780627        0 0.880702 0.780911 0.780717 0.780264 0.781163 0.780895 0.881057  0.87434        0
0.781166 0.782447 0.782214 0.475257 0.153447 0.782024 0.782109        0 0.782002 0.781769  0.47568 0.154289 0.781577 0.781662 0.782459 0.782179  0.78265 0.474811 0.152592 0.782464 0.782547 0.782197 0.781915 0.782621 0.475006 0.153026   0.7822 0.782284   0.8825 0.882538 0.882694 0.882564 0.882588 0.885352 0.885352 0.876821 0.876804 0.877045 0.876904 0.847005 0.872038 0.881851 0.781768 0.781484 0.782193  0.78196 0.780911 0.149182        0 0.782032 0.781749 0.782456 0.782223 0.532413 0.155733 0.781177
       0 0.782459 0.782197   0.8825 0.876821 0.781768 0.782032 0.781823 0.782179 0.781915 0.882538 0.876804 0.781484 0.781749 0.782447 0.782002 0.782621 0.882694 0.877045 0.782193 0.782456 0.782214 0.781769  0.78265 0.882564 0.876904  0.78196 0.782223 0.475257  0.47568 0.474811 0.475006 0.847005        0 0.532413 0.153447 0.154289 0.152592 0.153026 0.896233 0.149182 0.155733 0.782024 0.781577 0.782464   0.7822 0.885352 0.872038 0.782274 0.782109 0.781662 0.782547 0.782284 0.885352 0.881851        0
0.782473 0.783752  0.78352 0.473945 0.150916 0.783337 0.783417 0.782473 0.783472  0.78324 0.474242 0.151473 0.783056 0.783137 0.783752 0.783472 0.783941   0.4743 0.150945 0.783759 0.783838  0.78352  0.78324 0.783941 0.474045 0.150864 0.783527 0.783607 0.473945 0.474242   0.4743 0.474045 0.026042 0.633755 0.264176 0.150916 0.151473 0.150945 0.150864 0.026042 0.157025 0.146167 0.783337 0.783056 0.783759 0.783527 0.633755 0.157025 0.782561 0.783417 0.783137 0.783838 0.783607 0.264176 0.146167 0.782561
1.13552e-06 1.18672e-06 1.99618e-06   0.0813691    0.144421 2.93586e-06 2.37046e-06 1.69791e-06 1.56312e-06 2.37537e-06   0.0813692    0.144421 3.31808e-06 2.75009e-06 1.18672e-06 1.56312e-06 9.02315e-07   0.0813689     0.14442 1.83273e-06  1.2752e-06 1.99618e-06 2.37537e-06 9.02315e-07    0.081369     0.14442 2.64558e-06  2.0829e-06   0.0813691   0.0813692   0.0813689    0.081369    0.181218    0.130833   0.0876347    0.144421    0.144421     0.14442     0.14442    0.181236    0.144502     0.14448 2.93586e-06 3.31808e-06 1.83273e-06 2.64558e-06   0.0202518    0.144502 1.80389e-06 2.37046e-06 2.75009e-06  1.2752e-06  2.0829e-06   0.0876347     0.14448 1.22408e-06
