8	12	8	1
 1  0  9  0  0  0  0  0  7  0  0  3
 1  0  0  0  2  5  0  0  7  0  0  0
 1  0  9  0  0  0  6 10  0  0  0  3
 1  4  0 12  2  5  0  0  0  0  0  0
 0  0  0  0  0  0  0  0  0  0  0  3
 0  0  0  0  2  0  0  0  0  0  0  0
 0  0  0  0  0  0  6  0  0  8  0  3
 0  4  0  0  2  0  0  0  0  8 11  0
0.7	0.8	0.6	0.6	0.1	1	1	0.1	0.8	0.1	0.2	0.8	
0.492	0.139	0.52	0.248	0.14	0.823	0.488	0.252	
------target--------
1
------result--------
3	
------details--------
0.651045 0.487094 0.639898 0.487515 0.486496 0.487778 0.486383 0.487641
0.247328 0.492399 0.222655 0.489911 0.498718 0.490142 0.496194 0.489711
  0.0813713 7.73547e-06   0.0842524  1.7567e-06 3.16236e-05 8.17311e-07 2.60594e-05 1.13579e-06
------result2--------
3	5	
------details2--------
 0.651199         0  0.651181  0.651045  0.651199  0.651095  0.651311         0  0.650049  0.486831  0.485552  0.487094  0.485437  0.486959  0.649901  0.650049  0.639931  0.639898  0.639978  0.639922  0.640042  0.651181  0.486831  0.639931  0.486044  0.487515  0.485928  0.487377         0  0.485552         0  0.486044  0.486309         0  0.486099  0.651199         0  0.639978         0  0.486309  0.486194         0  0.651095  0.485437  0.639922  0.485928  0.486383  0.486194         0  0.651311  0.486959  0.640042  0.487377  0.486099  0.487641  0.486099
 0.649296  0.651045  0.650463         0  0.649296  0.650014  0.649685  0.487094   0.21678  0.489053  0.498298         0  0.495639  0.488553  0.556693  0.593691  0.639759         0  0.638986  0.639409  0.639161  0.247554  0.494238   0.22274  0.498242         0  0.495713  0.489009  0.486496  0.491272  0.486496   0.48844  0.488662  0.486496  0.488555  0.247757  0.487778  0.222783  0.487778  0.498513  0.495985  0.487778  0.140703  0.491157 0.0867272  0.488332         0   0.48856  0.486383   0.25085  0.494337  0.226818  0.489605  0.498421         0  0.498421
 0.174971  0.556693  0.247554  0.140726  0.247757  0.140703   0.25085  0.649296  0.593691  0.494238  0.491272  0.494511  0.491157  0.494337  0.673882   0.21678   0.22274 0.0864781  0.222783 0.0867272  0.226818  0.650463  0.489053  0.639759   0.48844  0.489742  0.488332  0.489605         0  0.498298         0  0.498242  0.498513         0  0.498421  0.649296         0  0.638986         0  0.488662   0.48856         0  0.650014  0.495639  0.639409  0.495713  0.488801  0.495985  0.498421  0.649685  0.488553  0.639161  0.489009  0.488555  0.489271  0.488455
 0.426947  0.184444  0.246337  0.498718  0.242179   0.46382  0.226919  0.426947  0.259695  0.490859  0.500931  0.490142  0.499135  0.490655  0.184444  0.259695  0.222284  0.498718  0.221144  0.463505  0.198356  0.246337  0.490859  0.222284  0.500792  0.490142  0.498317  0.490256  0.498718  0.500931  0.498718  0.500792  0.501126  0.498718  0.500836  0.242179  0.490142  0.221144  0.490142  0.501126  0.498708  0.490142   0.46382  0.499135  0.463505  0.498317  0.498718  0.498708  0.491988  0.226919  0.490655  0.198356  0.490256  0.500836  0.490142  0.491988
  0.0946543   0.0999809   0.0813716     0.10871    0.081374    0.105337    0.081451  0.00342165   0.0851131 9.52831e-06  3.9787e-05 9.30311e-06 3.41695e-05 9.17525e-06    0.100016   0.0851131   0.0842524    0.122191   0.0842527    0.117985   0.0843614   0.0813716 9.52831e-06   0.0842524 3.34083e-05 1.77136e-06 2.78763e-05 2.13146e-06 3.16236e-05  3.9787e-05 3.16236e-05 3.34083e-05 3.24568e-05 3.16236e-05 3.32148e-05    0.081374 8.17311e-07   0.0842527 8.17311e-07 3.24568e-05 2.69201e-05 8.17311e-07    0.105337 3.41695e-05    0.117985 2.78763e-05 3.20816e-05 2.69201e-05 2.90819e-05    0.081451 9.17525e-06   0.0843614 2.13146e-06 3.32148e-05 1.19535e-06 3.00708e-05
