8	12	8	1
 0 11  0  3  2  0  0  0  0  0  0  0
 1  0  0  0  2  5  0  0  0  0  8  0
 0  0  0  0  2  0  0  6  7  0  0  0
 1  0  0  0  2  5  0  6  0 10  0  9
 0  0  4  3  0  0  0  0  0  0  0  0
 1  0  0  0  0  0  0  0  0  0  8  0
 0  0  4  0  0  0  0  0  7  0  0  0
 1  0  0  0  0  0 12  0  0  0  0  9
0.6	0.4	0.2	0.1	0.9	0.7	0.3	0.3	0.4	1	0.5	0.6	
0.377	0.478	0.048	0.651	0.96	0.547	0.415	0.557	
------target--------
7
------result--------
3	
------details--------
 0.548755  0.548165  0.625068  0.548028  0.548701  0.548165  0.631008  0.548721
 0.550979  0.550472 0.0765801  0.550543  0.550695  0.550472  0.355064  0.550938
1.15339e-06 2.54169e-06   0.0810165  3.0826e-06 1.16164e-06 2.54169e-06   0.0322544 1.25507e-06
------result2--------
5	3	
------details2--------
 0.547864  0.624966  0.547728  0.548402  0.547864  0.630951  0.548423  0.547864  0.624715  0.547133  0.547807         0   0.63078   0.54783  0.624966  0.624715  0.624374  0.631008  0.624715         0  0.624999  0.547728  0.547133  0.624374  0.547673  0.547133  0.630395  0.547694  0.548402  0.547807  0.631008  0.547673  0.547807         0  0.548368  0.547864         0  0.624715  0.547133  0.547807   0.63078   0.54783  0.630951   0.63078         0  0.630395  0.631008   0.63078  0.630999  0.548423   0.54783  0.624999  0.547694  0.548368   0.54783  0.630999
 0.550178 0.0765806  0.550248  0.550404  0.550178  0.355091  0.550648  0.550105 0.0765776   0.54966  0.549824  0.548165   0.35509  0.550066  0.625734  0.625633  0.626079   0.59871  0.625633  0.625068  0.625466  0.549964  0.549453 0.0765469  0.549682  0.549453  0.354776  0.549925  0.550636  0.550126 0.0727031  0.550195  0.550126  0.548701  0.550596  0.550105  0.548165 0.0765776   0.54966  0.549824   0.35509  0.550066  0.631378   0.63137  0.631008  0.631897         0   0.63137  0.631058  0.550656  0.550146 0.0765817  0.550216  0.550373  0.550146  0.355154
 0.550105  0.625734  0.549964  0.550636  0.550105  0.631378  0.550656  0.550178  0.625633  0.549453  0.550126         0   0.63137  0.550146 0.0765806 0.0765776 0.0765469 0.0727031 0.0765776         0 0.0765817  0.550248   0.54966  0.626079  0.550195   0.54966  0.631897  0.550216  0.550404  0.549824   0.59871  0.549682  0.549824         0  0.550373  0.550178         0  0.625633  0.549453  0.550126   0.63137  0.550146  0.355091   0.35509   0.59871  0.354776 0.0727031   0.35509  0.355154  0.550648  0.550066  0.625466  0.549925  0.550596  0.550066  0.631058
 0.552413 0.0765766  0.552482  0.552642  0.552413  0.354883   0.55288  0.552413 0.0765842  0.551975  0.552133  0.550472  0.355021  0.552373 0.0765766 0.0765842 0.0766291  0.104242 0.0765842 0.0765801 0.0765708  0.552482  0.551975 0.0766291    0.5522  0.551975   0.35549  0.552442  0.552642  0.552133  0.104242    0.5522  0.552133  0.550695  0.552607  0.552413  0.550472 0.0765842  0.551975  0.552133  0.355021  0.552373  0.354883  0.355021 0.0765801   0.35549  0.550695  0.355021  0.354532   0.55288  0.552373 0.0765708  0.552442  0.552607  0.552373  0.354532
3.71001e-06   0.0810166 4.24758e-06 2.32586e-06 3.71001e-06   0.0322545  2.4175e-06 3.71001e-06   0.0810169 5.64869e-06 3.72551e-06 2.54169e-06   0.0322546 3.81539e-06   0.0810166   0.0810169   0.0810178   0.0813989   0.0810169   0.0810165   0.0810166 4.24758e-06 5.64869e-06   0.0810178  4.2599e-06 5.64869e-06   0.0322553 4.35151e-06 2.32586e-06 3.72551e-06   0.0813989  4.2599e-06 3.72551e-06 1.16164e-06 2.43093e-06 3.71001e-06 2.54169e-06   0.0810169 5.64869e-06 3.72551e-06   0.0322546 3.81539e-06   0.0322545   0.0322546   0.0813023   0.0322553   0.0730813   0.0322546   0.0322545  2.4175e-06 3.81539e-06   0.0810166 4.35151e-06 2.43093e-06 3.81539e-06   0.0322545
