8	12	8	1
 0 11  0  0  0  0  0  0  0  0  3  4
 0  0  0  0  0  0  0  0  0  7  3  4
 8  0  0  1  0  0  5  0  0  0  0  4
 0  0  0  1  0  0  5  0  0  0  0  4
 0  0 10  0  2  9  0  0  0  0  3  0
 0  0  0  0  2  9  0  6  0  7  3  0
 8  0  0  1  2  0  0  0 12  0  0  0
 0  0  0  1  2  0  0  6  0  0  0  0
0.6	0.8	0.6	0.8	0.3	0.1	0.3	0.6	0.1	0.5	0.5	0.4	
0.757	0.768	0.298	0.821	0.083	0.42	0.238	0.204	
------target--------
3
------result--------
7	
------details--------
0.648269  0.64848 0.752811 0.648565 0.649019 0.648199 0.743025 0.648914
0.650355 0.650453 0.436381 0.651099 0.650587 0.650375 0.101208 0.650787
2.30844e-06 1.87435e-06   0.0475385 2.41708e-06 3.31391e-07 2.53753e-06    0.113546 7.58847e-07
------result2--------
7	3	
------details2--------
  0.64762   0.75251  0.647706  0.648165  0.647335  0.742584  0.648059   0.64762  0.752707  0.647917  0.648349         0  0.742785  0.648265   0.75251  0.752707  0.752811  0.752829  0.752695         0  0.752754  0.647706  0.647917         0  0.648461  0.647633  0.752491  0.648356  0.648165  0.648349  0.752829  0.648461   0.64812  0.743011  0.648804  0.647335  0.648199  0.752695  0.647633         0  0.742704  0.648199  0.742584  0.742785  0.752491  0.752491  0.743011  0.742704   0.74293  0.648059  0.648265  0.752754  0.648356  0.648804         0   0.74293
 0.649605  0.436336  0.650253  0.649743  0.649526  0.101655  0.649941  0.649717  0.436483  0.650463  0.650106   0.64848  0.101738  0.650168  0.753242  0.753025         0  0.752561  0.752967  0.752811  0.753268  0.649802  0.649902  0.648565  0.650037  0.649823 0.0947218  0.650237  0.650252  0.650368  0.436447  0.650996  0.650313  0.101412  0.650704  0.649437         0  0.436581  0.650185  0.648199  0.102118         0   0.74366  0.743521  0.711389  0.711389  0.743213  0.743459  0.743786  0.650148  0.650251  0.436387  0.650894  0.650425  0.648914  0.101337
 0.649717  0.753242  0.649802  0.650252  0.649437   0.74366  0.650148  0.649605  0.753025  0.649902  0.650368         0  0.743521  0.650251  0.436336  0.436483         0  0.436447  0.436581  0.711389  0.436387  0.650253  0.650463         0  0.650996  0.650185  0.711389  0.650894  0.649743  0.650106  0.752561  0.650037  0.649981  0.743213  0.650425  0.649526  0.650119  0.752967  0.649823  0.650313  0.743459  0.650229  0.101655  0.101738   0.76662 0.0947218  0.101412  0.102118  0.101337  0.649941  0.650168  0.753268  0.650237  0.650704         0  0.743786
 0.651694  0.436447  0.652345   0.65183  0.651617  0.100552  0.652028  0.651694  0.436166  0.652448  0.652207  0.650453   0.10009  0.652155  0.436447  0.436166  0.651099  0.435415  0.436104 0.0238688  0.436334  0.652345  0.652448  0.651099  0.652602  0.652373  0.135963  0.652779   0.65183  0.652207  0.435415  0.652602   0.65095 0.0982404   0.65253  0.651617  0.650453  0.436104  0.652373   0.65095 0.0999464  0.650787  0.100552   0.10009 0.0238688  0.135963 0.0982404 0.0999464  0.100155  0.652028  0.652155  0.436334  0.652779   0.65253  0.650787  0.100155
4.20142e-06   0.0475387 4.74776e-06 2.64388e-06 4.87177e-06    0.113547 3.07412e-06 4.20142e-06   0.0475385 4.31451e-06  2.2986e-06 1.87435e-06    0.113547 2.65829e-06   0.0475387   0.0475385    0.129969   0.0475385   0.0475386    0.139091   0.0475385 4.74776e-06 4.31451e-06 2.41708e-06 2.75436e-06 4.98748e-06    0.114373   3.184e-06 2.64388e-06  2.2986e-06   0.0475385 2.75436e-06 2.74937e-06    0.113547 1.12043e-06 4.87177e-06 2.55611e-06   0.0475386 4.98748e-06 2.57059e-06    0.113548 2.59349e-06    0.113547    0.113547    0.139099    0.114373    0.113547    0.113548    0.113547 3.07412e-06 2.65829e-06   0.0475385   3.184e-06 1.12043e-06 7.58847e-07    0.113547
