8	12	8	1
 0 10  0  0  8  2  0  1  0  0  0  0
 0  0  0  0  0  2  0  1  4  9  0  0
 0 10  0  0  0  0  6  1  0  0  5  0
 0  0  0  0  0  0  0  1  4  0  5 11
 3  0  0 12  8  2  0  1  0  0  0  0
 3  0  0  0  0  2  0  1  4  9  0  0
 3  0  7  0  0  0  6  1  0  0  5  0
 3  0  7  0  0  0  0  1  4  0  5 11
0.5	0.3	1	0.6	1	0.9	0.1	0.5	0.7	0.3	1	0.7	
0.46	0.877	0.968	0.895	0.169	0.534	0.736	0.456	
------target--------
8
------result--------
4	
------details--------
0.512464 0.512468 0.512464 0.594178 0.512759 0.512468 0.510678 0.635849
0.513621 0.513625 0.513621 0.443792 0.513919 0.513625 0.515299 0.478003
6.03081e-07 6.00142e-07 6.03081e-07    0.011289 2.14716e-07 6.00142e-07 1.06492e-05  0.00867789
------result2--------
4	7	
------details2--------
0.512068        0 0.593964 0.512362 0.512068  0.51028 0.635888 0.512068 0.512068 0.593966 0.512366        0 0.510284 0.635887        0 0.512068 0.593964 0.512362 0.512068  0.51028 0.635888 0.593964 0.593966 0.593964 0.594095 0.593966 0.635849        0 0.512362 0.512366 0.512362 0.594095 0.512366 0.510577 0.635804 0.512068        0 0.512068 0.593966 0.512366 0.510284 0.635887  0.51028 0.510284  0.51028 0.635849 0.510577 0.510284        0 0.635888 0.635887 0.635888        0 0.635804 0.635887 0.635849
0.513231 0.512464 0.443546 0.513525 0.513231 0.514896 0.477683 0.513231 0.513231 0.443548 0.513528 0.512468   0.5149 0.477686 0.512464 0.513231 0.443546 0.513525 0.513231 0.514896 0.477683 0.594584 0.594587 0.594584 0.595037 0.594587 0.555583 0.594178  0.51352 0.513524  0.51352 0.443729 0.513524 0.515196 0.477922 0.513231 0.512468 0.513231 0.443548 0.513528   0.5149 0.477686 0.511438 0.511442 0.511438 0.420587 0.511737 0.511442 0.510678 0.635775 0.635776 0.635775 0.635849 0.636313 0.635776        0
0.513231        0 0.594584  0.51352 0.513231 0.511438 0.635775 0.513231 0.513231 0.594587 0.513524        0 0.511442 0.635776        0 0.513231 0.594584  0.51352 0.513231 0.511438 0.635775 0.443546 0.443548 0.443546 0.443729 0.443548 0.420587        0 0.513525 0.513528 0.513525 0.595037 0.513528 0.511737 0.636313 0.513231        0 0.513231 0.594587 0.513524 0.511442 0.635776 0.514896   0.5149 0.514896 0.555583 0.515196   0.5149        0 0.477683 0.477686 0.477683 0.555583 0.477922 0.477686 0.420587
 0.51439 0.513621 0.444267 0.514683  0.51439 0.516076 0.478618  0.51439  0.51439  0.44427 0.514686 0.513625 0.516079 0.478621 0.513621  0.51439 0.444267 0.514683  0.51439 0.516076 0.478618 0.444267  0.44427 0.444267 0.444452  0.44427 0.474232 0.443792 0.514683 0.514686 0.514683 0.444452 0.514686 0.516372 0.478847  0.51439 0.513625  0.51439  0.44427 0.514686 0.516079 0.478621 0.516076 0.516079 0.516076 0.474232 0.516372 0.516079 0.515299 0.478618 0.478621 0.478618 0.443792 0.478847 0.478621 0.515299
1.20879e-06 6.03081e-07   0.0112892  8.1901e-07 1.20879e-06 1.12644e-05  0.00867819 1.20879e-06 1.20879e-06   0.0112892 8.16064e-07 6.00142e-07 1.12613e-05  0.00867819 6.03081e-07 1.20879e-06   0.0112892  8.1901e-07 1.20879e-06 1.12644e-05  0.00867819   0.0112892   0.0112892   0.0112892   0.0112891   0.0112892   0.0135971    0.011289  8.1901e-07 8.16064e-07  8.1901e-07   0.0112891 8.16064e-07 1.08672e-05    0.008678 1.20879e-06 6.00142e-07 1.20879e-06   0.0112892 8.16064e-07 1.12613e-05  0.00867819 1.12644e-05 1.12613e-05 1.12644e-05   0.0135971 1.08672e-05 1.12613e-05 1.06492e-05  0.00867819  0.00867819  0.00867819   0.0128238    0.008678  0.00867819   0.0120311
