8	12	8	1
 0  0  0  4  0  0  0  0  0  0  3  0
 0  1  0  0  0  0 11  0  8  0  3  0
 7  0  0  4  0  0  0  0  0  0  3  0
 7  1  0  0  0  6  0  0  0  0  3 12
 0  0  0  0  0  0  0  2  0  0  0  0
 0  1  0  0  5  0  0  2  8  0  0  0
 0  0  9  0  0  0  0  2  0 10  0  0
 0  1  9  0  5  6  0  2  0  0  0  0
0.1	0.6	0.5	0.2	0.3	0.2	0.2	0.8	0.7	0.3	0.8	0.9	
0.165	0.394	0.104	0.969	0.365	0.62	0.364	0.491	
------target--------
6
------result--------
2	
------details--------
 0.405883  0.560265  0.405859  0.404442  0.403117  0.604138  0.402359  0.402573
 0.408337 0.0912312  0.408319   0.40732  0.413142  0.224526  0.409771   0.41036
3.83381e-07    0.114663 5.00096e-07  4.2807e-06 4.22964e-05    0.076476 2.84526e-05 3.08979e-05
------result2--------
6	5	
------details2--------
 0.560257         0  0.404361  0.403039  0.604183  0.402279  0.402494  0.560257   0.56026  0.559239  0.601104  0.601104  0.599284  0.599727  0.405859   0.56026         0  0.403015  0.604206  0.402254  0.402469  0.404361  0.559239  0.404361  0.401588  0.603657  0.400818  0.401036  0.403039  0.601104  0.403015  0.401588         0         0         0  0.604183         0  0.604206  0.603657  0.604138  0.602309  0.602752  0.402279  0.599284  0.402254  0.400818  0.402359  0.602309  0.402359  0.402494  0.599727  0.402469  0.401036  0.402573  0.602752         0
0.0912964  0.405883  0.407243  0.413061  0.224483  0.409691   0.41028  0.560509  0.560382  0.561177  0.480026  0.480026  0.524866  0.517024         0  0.091328  0.405859  0.413035  0.224468  0.409665  0.410255  0.406851  0.091506  0.406851  0.411594  0.223805  0.408232   0.40882  0.405487 0.0789581  0.405467  0.404479  0.403117  0.403117  0.403117  0.602769  0.604138  0.602584  0.604563         0  0.608803   0.60933  0.404748 0.0796274  0.404729  0.403722         0         0         0  0.404955 0.0793902  0.404935  0.403936         0         0  0.402573
 0.560509         0  0.406851  0.405487  0.602769  0.404748  0.404955 0.0912964  0.091328  0.091506 0.0789581   0.64469 0.0796274 0.0793902   0.40826  0.560382  0.406851  0.405467  0.602584  0.404729  0.404935  0.407243  0.561177  0.407223  0.404479  0.604563  0.403722  0.403936  0.413061  0.480026  0.413035  0.411594         0         0         0  0.224483  0.480026  0.224468  0.223805         0         0         0  0.409691  0.524866  0.409665  0.408232  0.405044  0.608803  0.404733   0.41028  0.517024  0.410255   0.40882  0.405148   0.60933         0
0.0892021  0.408337  0.409714  0.415651  0.225871  0.412249   0.41284 0.0892021 0.0889541 0.0909826  0.149324 0.0289746  0.108069  0.113277  0.408337 0.0889541  0.409169  0.415642   0.22589  0.412237  0.412828  0.409714 0.0909826  0.409169  0.414539  0.225176  0.411161  0.411751  0.415651  0.149324  0.415642  0.414539  0.413142  0.413142  0.413142  0.225871 0.0289746   0.22589  0.225176  0.413142   0.33353  0.350463  0.412249  0.108069  0.412237  0.411161  0.413142   0.33353   0.41036   0.41284  0.113277  0.412828  0.411751  0.413142  0.350463   0.41036
   0.114663 3.83381e-07 4.67256e-06  4.2691e-05   0.0764762 2.88545e-05 3.12972e-05    0.114663    0.114663    0.114664    0.120366    0.159145    0.116929    0.117492 5.00187e-07    0.114663  6.0771e-07 4.28116e-05   0.0764763 2.89781e-05 3.14196e-05 4.67256e-06    0.114664 4.66716e-06 4.66605e-05    0.076477  3.2847e-05 3.52828e-05  4.2691e-05    0.120366 4.28116e-05 4.66605e-05 4.22964e-05 4.22964e-05 4.22964e-05   0.0764762    0.159021   0.0764763    0.076477    0.162156    0.130776    0.137878 2.88545e-05    0.116929 2.89781e-05  3.2847e-05 4.44707e-05    0.130776 3.14403e-05 3.12972e-05    0.117492 3.14196e-05 3.52828e-05 4.39419e-05    0.137878 3.08979e-05
