8	12	8	1
 0  0  0  2  3  0  5  0  4  0  7  0
 0  0  0  0  3  0  5  0  4 10  0  0
11  0  0  2  3  0  0  0  0  0  7  0
 0  0  0  0  3  0  0 12  0  0  0  8
 0  1  0  2  0  9  0  0  4  0  0  0
 0  1  0  0  0  0  0  0  4  0  0  0
 0  1  6  2  0  0  0  0  0  0  0  0
 0  1  6  0  0  0  0  0  0  0  0  8
0.3	0.3	1	0.5	0.1	0.6	0.4	0.3	1	0.5	1	0.1	
0.923	0.131	0.13	0.032	0.236	0.577	0.711	0.301	
------target--------
8
------result--------
4	
------details--------
0.642706   0.6437 0.644339 0.655076 0.643598 0.643796 0.644163 0.662633
0.645538 0.646001 0.645436 0.240523 0.645955  0.64604 0.645533 0.625438
3.37266e-06 2.88465e-06 6.39291e-07  0.00865349   3.031e-06 2.71637e-06 1.01997e-06 0.000753586
------result2--------
8	7	
------details2--------
0.642616        0  0.65312 0.642523 0.642706 0.642058 0.660879 0.642616  0.64256 0.654034 0.643503   0.6437 0.643057 0.661682  0.64265  0.64256 0.654679 0.642466  0.64265 0.643701 0.662315  0.65312 0.654034 0.654679 0.653944 0.654114 0.662503 0.662503 0.642523 0.643503 0.642466 0.653944 0.643598 0.642954 0.661608        0        0  0.64265 0.654114        0 0.643155 0.661745 0.642058 0.643057 0.643701 0.662503 0.642954 0.643155        0 0.660879 0.661682 0.662315        0 0.661608 0.661745 0.662633
 0.64426 0.642706 0.239974  0.64417        0 0.643444 0.623258 0.644669 0.644657 0.240287 0.645248        0 0.644436 0.624314 0.645636 0.645578 0.240273 0.645516 0.645636 0.645072 0.624908 0.655765 0.656214 0.655623 0.656164 0.656264 0.646737 0.646737 0.644562 0.645228  0.64455 0.240241        0 0.644334   0.6242 0.643796 0.643796 0.644757 0.240354 0.643796 0.644532 0.624428 0.644899 0.645363 0.644799 0.163477 0.645317 0.645402 0.644163 0.663247 0.663666 0.663072 0.662633 0.663613 0.663726        0
0.644669 0.645636 0.655765 0.644562  0.64477 0.644899 0.663247  0.64426 0.645578 0.656214 0.645228 0.645438 0.645363 0.663666 0.644332 0.644657 0.655623  0.64455 0.644757 0.644799 0.663072 0.239974 0.240287 0.240273 0.240241 0.240354 0.163477 0.676811  0.64417 0.645248 0.645516 0.656164  0.64535 0.645317 0.663613        0        0 0.645636 0.656264        0 0.645402 0.663726 0.643444 0.644436 0.645072 0.646737 0.644334 0.644532        0 0.623258 0.624314 0.624908 0.646737   0.6242 0.624428        0
0.646055 0.645459 0.240721 0.646063  0.64604 0.646278 0.626215 0.646055 0.647069 0.240785 0.646048  0.64604 0.646742 0.626676 0.645459 0.647069 0.240874 0.646977 0.647158 0.646174 0.626174 0.240721 0.240785 0.240874 0.240799 0.240734  0.53724 0.137017 0.646063 0.646048 0.646977 0.240799  0.64604 0.646696 0.626639  0.64604  0.64604 0.647158 0.240734  0.64604  0.64678 0.626696 0.646278 0.646742 0.646174  0.53724 0.646696  0.64678 0.645533 0.626215 0.626676 0.626174 0.137017 0.626639 0.626696 0.645533
 4.1774e-06  3.3851e-06  0.00865641  4.3531e-06  3.9955e-06  4.4075e-06  0.00075657  4.1774e-06 4.59856e-06  0.00865606 3.27052e-06 2.90739e-06 3.91652e-06 0.000756154 3.43735e-06 4.59856e-06  0.00865397 4.68331e-06 4.48586e-06 1.66303e-06 0.000754147  0.00865641  0.00865606  0.00865397  0.00865615  0.00865596   0.0101701   0.0114672  4.3531e-06 3.27052e-06 4.68331e-06  0.00865615 3.08806e-06 4.06386e-06 0.000756276 2.71637e-06 2.71637e-06 4.48586e-06  0.00865596 2.71637e-06 3.74697e-06 0.000756016  4.4075e-06 3.91652e-06 1.66303e-06   0.0101701 4.06386e-06 3.74697e-06 1.01997e-06  0.00075657 0.000756154 0.000754147    0.011465 0.000756276 0.000756016   0.0158141
