8	12	8	1
 0  5  0  1  2  3  0  0  0  0  0  0
10  0  0  1  2  3  0  0  0  0  0  9
 0  5  0  1  2  0 12  0  4  0  0  0
 0  0  0  1  2  0  0  6  4  0  0  9
 0  0  0  1  0  3  0  0  0  8  0  0
 0  0  7  1  0  3  0  0  0  8  0  0
 0  0  0  1  0  0  0  0  4  0 11  0
 0  0  7  1  0  0  0  6  4  0  0  0
0.9	0.9	0.4	0.1	0.6	0.3	0.3	1	1	0.5	0.4	0.2	
0.489	0.595	0.448	0.43	0.651	0.314	0.605	0.245	
------target--------
6
------result--------
5	
------details--------
0.634023 0.633895 0.633815 0.634576 0.715429 0.719689 0.634332 0.634524
0.636173 0.636014 0.636069 0.636496 0.490768 0.518694 0.636292 0.636824
2.21243e-06 2.31987e-06 2.64763e-06 6.07745e-07    0.024774   0.0212114 1.35719e-06 9.54217e-07
------result2--------
8	5	
------details2--------
0.633175        0 0.633861 0.714962 0.719261 0.633615 0.633809 0.633175 0.632963 0.633895 0.715061 0.719389 0.633484  0.63368 0.633815 0.632963 0.633652 0.714962 0.719289 0.633405 0.633601 0.633861        0 0.633652 0.715443 0.719725  0.63417 0.634364 0.714962 0.715061 0.714962 0.715443        0 0.715335 0.719689 0.719261 0.719389 0.719289 0.719725        0 0.719637 0.719689 0.633615 0.633484 0.633405  0.63417 0.715335 0.719637 0.634118 0.633809  0.63368 0.633601 0.634364 0.719689        0 0.634118
0.635303 0.634023 0.635792 0.490401 0.518288 0.635584 0.636116 0.635335 0.635231        0  0.49035 0.518241  0.63546  0.63599        0 0.635098 0.635591 0.490308 0.518191 0.635381 0.635911 0.636015 0.634576  0.63591 0.490693 0.518618 0.636136 0.636667 0.716364 0.715982 0.716099 0.715277 0.715429 0.715787 0.676688 0.720544  0.72014 0.720262 0.719295 0.719689 0.719886        0 0.635772 0.635613 0.635667 0.636103 0.490584 0.518497 0.636425 0.635963 0.635804 0.635858 0.636289 0.485781 0.634524 0.636083
0.635335        0 0.636015 0.716364 0.720544 0.635772 0.635963 0.635303 0.635098 0.635886 0.715982  0.72014 0.635613 0.635804 0.635617 0.635231  0.63591 0.716099 0.720262 0.635667 0.635858 0.635792        0 0.635591 0.715277 0.719295 0.636103 0.636289 0.490401  0.49035 0.490308 0.490693        0 0.490584 0.485781 0.518288 0.518241 0.518191 0.518618 0.676688 0.518497 0.485781 0.635584  0.63546 0.635381 0.636136 0.715787 0.719886 0.636083 0.636116  0.63599 0.635911 0.636667 0.676688        0 0.636425
 0.63746 0.636173 0.637942 0.491515 0.519521 0.637738 0.638272  0.63746 0.637356 0.636496 0.491412 0.519393  0.63758 0.638116 0.636173 0.637356 0.637841 0.491443 0.519432 0.637636 0.638171 0.637942 0.636496 0.637841 0.491609 0.519552 0.638063 0.638608 0.491515 0.491412 0.491443 0.491609 0.490768 0.491486 0.548376 0.519521 0.519393 0.519432 0.519552 0.490768 0.519466 0.636824 0.637738  0.63758 0.637636 0.638063 0.491486 0.519466 0.638397 0.638272 0.638116 0.638171 0.638608 0.548376 0.636824 0.638397
4.54878e-06 2.21243e-06 2.82623e-06   0.0247749   0.0212122 3.58114e-06 3.17324e-06 4.54878e-06 4.99177e-06 2.37285e-06   0.0247746   0.0212119 3.69391e-06 3.28361e-06 2.68936e-06 4.99177e-06 3.26519e-06   0.0247748    0.021212 4.02233e-06 3.61177e-06 2.82623e-06 6.07745e-07 3.26519e-06   0.0247741   0.0212115  1.9723e-06 1.56606e-06   0.0247749   0.0247746   0.0247748   0.0247741    0.024774   0.0247742   0.0252346   0.0212122   0.0212119    0.021212   0.0212115    0.025028   0.0212115   0.0245423 3.58114e-06 3.69391e-06 4.02233e-06  1.9723e-06   0.0247742   0.0212115 2.31849e-06 3.17324e-06 3.28361e-06 3.61177e-06 1.56606e-06   0.0252346 9.54217e-07 2.31849e-06
