8	12	8	1
 0  1  0  0  0 12  5  0  0  0  3  0
 0  0  0  2  4  0  5  0  6  0  3  0
 8  1  0  0  0  0  0 11  0  0  0  0
 8  0  0  2  0  0  0  0  6  7  0  0
 0  1  0  0  0  0  0  0  0  0  3  9
 0  0  0  2  4  0  0  0  0  0  3  0
 0  1 10  0  0  0  0  0  0  0  0  9
 0  0  0  2  0  0  0  0  0  7  0  0
0.1	0.8	0.6	1	0.4	1	0.3	0.7	0.6	0.2	0.5	0.9	
0.073	0.645	0.167	0.27	0.723	0.779	0.299	0.963	
------target--------
2
------result--------
4	
------details--------
0.392878 0.540923 0.390819 0.518224 0.391755 0.390821 0.391467 0.392582
 0.39537  0.23248 0.410902 0.197177 0.394596 0.398656 0.394453 0.395046
6.60137e-07   0.0510332 8.18617e-05    0.054043  4.1734e-06  2.5893e-05  4.6681e-06 1.83118e-06
------result2--------
2	6	
------details2--------
 0.540844  0.390683  0.518117   0.39162  0.390686  0.391332  0.392448  0.540844  0.540468         0  0.540187  0.540923  0.540154  0.541662  0.390683  0.540468  0.518174  0.389541  0.388377  0.389243  0.390077  0.518117   0.54115         0  0.517227   0.54115  0.517087  0.518224   0.39162  0.540187  0.389541  0.517227   0.38955         0  0.391319  0.390686         0  0.388377   0.54115   0.38955  0.389257  0.390381  0.391332  0.540154  0.389243  0.517087  0.391467  0.389257  0.391028  0.392448  0.541662  0.390077         0  0.391319  0.390381  0.391028
 0.232434  0.410774  0.197173  0.394462  0.398521   0.39432  0.394913   0.54231   0.54446  0.540923  0.541842         0  0.541633  0.537509  0.393212  0.230249  0.183246  0.392427   0.39711  0.392286  0.394278  0.520089  0.468466  0.518224   0.51947  0.468466  0.519275         0  0.394116  0.232055  0.409694  0.197162  0.397387  0.391755  0.393799  0.393195  0.390821   0.41075  0.183486  0.392414   0.39227  0.392884  0.393829  0.232001  0.409441  0.197282         0  0.397094  0.393516  0.394944  0.232201  0.412517  0.392582  0.394168  0.398218  0.394025
  0.54231  0.393212  0.520089  0.394116  0.393195  0.393829  0.394944  0.232434  0.230249  0.468466  0.232055         0  0.232001  0.232201  0.410774   0.54446  0.518699  0.409694   0.41075  0.409441  0.412517  0.197173  0.540002  0.183246  0.197162  0.183486  0.197282 0.0370601  0.394462  0.541842  0.392427   0.51947  0.392414         0  0.394168  0.398521         0   0.39711  0.468466  0.397387  0.397094  0.398218   0.39432  0.541633  0.392286  0.519275   0.39361   0.39227  0.394025  0.394913  0.537509  0.394278         0  0.393799  0.392884  0.393516
 0.233284  0.413205  0.197244  0.396969   0.40106  0.396827  0.397422  0.233284  0.251719 0.0743457   0.23302  0.398656  0.232931  0.233834  0.413205  0.251719  0.289189  0.412447  0.411295  0.412288  0.402155  0.197244 0.0743457  0.289189  0.197196  0.244692  0.197077  0.395046  0.396969   0.23302  0.412447  0.197196  0.400276  0.394596  0.396646   0.40106  0.398656  0.411295  0.244692  0.400276  0.400135  0.400782  0.396827  0.232931  0.412288  0.197077  0.394596  0.400135  0.396505  0.397422  0.233834  0.402155  0.395046  0.396646  0.400782  0.396505
  0.0510334 8.25363e-05   0.0540433 4.83844e-06 2.65667e-05 5.33413e-06 2.49495e-06   0.0510334   0.0510916    0.102068   0.0510342    0.123013    0.051034   0.0510363 8.25363e-05   0.0510916    0.055497 8.61283e-05 0.000110587  8.6646e-05 8.98525e-05   0.0540433    0.102068    0.055497   0.0540445   0.0562077   0.0540445   0.0964632 4.83844e-06   0.0510342 8.61283e-05   0.0540445  3.0153e-05  4.1734e-06 6.02818e-06 2.65667e-05  2.5893e-05 0.000110587   0.0562077  3.0153e-05 3.06689e-05 2.78092e-05 5.33413e-06    0.051034  8.6646e-05   0.0540445 4.79857e-06 3.06689e-05 6.52942e-06 2.49495e-06   0.0510363 8.98525e-05 1.83118e-06 6.02818e-06 2.78092e-05 6.52942e-06
