8	12	8	1
 0  0  1  8  0  0  0  0  0  6  0  4
 0  0  1  0  0  0  0  3  0  0  7  4
 0 11  0  8  0  0  2  0  0  0  0  4
 0  0  0  0  0 10  2  3  0  0  7  4
 0  0  1  0  5  0  0  0  0  6  0  0
12  0  1  0  0  0  0  3  0  0  0  0
 0  0  0  0  5  0  2  0  0  0  0  0
 0  0  0  0  0  0  2  3  9  0  0  0
0.3	0.1	0.3	0.8	0.3	0.5	1	0.1	0.7	0.6	0.4	0.7	
0.171	0.098	0.611	0.901	0.751	0.387	0.416	0.493	
------target--------
1
------result--------
3	
------details--------
0.876226 0.780895 0.860425 0.780443 0.780127 0.780811 0.780791 0.780591
0.632356 0.782169 0.310474 0.781809 0.782112 0.782107 0.782067 0.781954
  0.0406403 1.89136e-07   0.0904015 1.27111e-06 2.79319e-06 4.64474e-07 5.13268e-07 1.04979e-06
------result2--------
3	1	
------details2--------
0.876228        0 0.876255 0.875972 0.876261 0.875972 0.876174 0.876228 0.860407        0 0.780074 0.780758 0.780738 0.780538 0.875764 0.860407 0.860259 0.875507 0.860397 0.859811 0.860263 0.876255 0.780443 0.860259 0.779614 0.780303 0.780283 0.780082        0 0.780074 0.875507 0.779614 0.779987 0.780127 0.779765 0.876261 0.780758 0.860397 0.780303 0.779987 0.780653 0.780453 0.875972 0.780738 0.859811 0.780283        0 0.780653 0.780433 0.876174 0.780538 0.860263 0.780082 0.779765 0.780453 0.780433
0.876191 0.876226 0.876178 0.877753 0.875937 0.877753 0.876373 0.632336 0.310653 0.780895 0.782059 0.782055 0.782015 0.781902   0.8291 0.860842 0.860706 0.839993 0.860663  0.86481  0.86088 0.632177        0 0.312312 0.781608 0.781612 0.781571 0.781454 0.780127 0.781358 0.283062 0.780994 0.781297        0  0.78114 0.632325 0.782035 0.311201 0.781674 0.781976 0.781933 0.781819 0.640598 0.782015 0.312501 0.781654 0.780791 0.781954 0.781799 0.632187 0.781817  0.31129 0.781455 0.781756 0.781756 0.781715
0.632336   0.8291 0.632177        0 0.632325 0.640598 0.632187 0.876191 0.860842        0 0.781358 0.782035 0.782015 0.781817  0.88381 0.310653 0.312312 0.283062 0.311201 0.312501  0.31129 0.876178 0.781764 0.860706 0.780994 0.781674 0.781654 0.781455 0.877753 0.782059 0.839993 0.781608 0.781976 0.782131 0.781756 0.875937 0.782055 0.860663 0.781612 0.781297 0.781954 0.781756 0.877753 0.782015  0.86481 0.781571        0 0.781933 0.781715 0.876373 0.781902  0.86088 0.781454  0.78114 0.781819 0.781799
0.632815  0.12704 0.632666 0.756664 0.632626 0.551162 0.632837 0.632815 0.306262 0.782169 0.783346 0.783332 0.783292 0.783179  0.12704 0.306262 0.307269 0.362171 0.304153 0.296113 0.308136 0.632666 0.782169 0.307269 0.782985 0.782975 0.782934 0.782821 0.756664 0.783346 0.362171 0.782985 0.783288 0.782067 0.783128 0.632626 0.783332 0.304153 0.782975 0.783288 0.783231 0.783118 0.551162 0.783292 0.296113 0.782934 0.782067 0.783231 0.783078 0.632837 0.783179 0.308136 0.782821 0.783128 0.783118 0.783078
  0.0406403    0.127313   0.0406403    0.116418   0.0406403    0.041191   0.0406404   0.0406403   0.0904018 1.89136e-07 2.98579e-06 6.54595e-07  7.0347e-07 1.24042e-06    0.127323   0.0904018   0.0904037   0.0919626   0.0904031   0.0904211   0.0904024   0.0406403 1.28887e-06   0.0904037 4.08835e-06 1.74249e-06 1.79183e-06  2.3312e-06  0.00326642 2.98579e-06   0.0919626 4.08835e-06 3.26828e-06 2.79424e-06 3.85872e-06   0.0406403 6.54595e-07   0.0904031 1.74249e-06 3.26828e-06 9.81086e-07 1.51864e-06    0.041191  7.0347e-07   0.0904211 1.79183e-06 5.13268e-07 9.81086e-07 1.56782e-06   0.0406404 1.24042e-06   0.0904024  2.3312e-06 3.85872e-06 1.51864e-06 1.56782e-06
