8	12	8	1
 0  0  0  0  0  2  0  0  0  8 11  0
 0  0  0  0 10  0  6  3  0  0  0  9
 0  0  7  0  0  2  0  0  0  8  0  0
 0  0  7  4  0  0  0  3 12  0  0  9
 0  1  0  0  0  2  0  0  0  0  0  0
 0  1  0  0  0  0  6  3  0  0  0  0
 5  1  0  0  0  2  0  0  0  0  0  0
 5  1  0  4  0  0  0  3  0  0  0  0
0.4	0.1	0.6	1	0.7	0.8	0.2	0.3	0.9	0.8	1	0.8	
0.844	0.352	0.684	0.642	0.065	0.82	0.299	0.456	
------target--------
7
------result--------
8	
------details--------
0.647897 0.649144 0.648729 0.648933   0.6496 0.649446 0.721346 0.718284
0.650493 0.651101 0.650932 0.651027 0.651886  0.65133 0.476494 0.440021
3.07058e-06  1.7656e-06  2.6444e-06 2.27029e-06 6.13681e-07  9.9891e-07   0.0265807    0.030537
------result2--------
5	8	
------details2--------
0.647294 0.647897 0.647087 0.647897 0.647603 0.720204 0.720204 0.647294 0.648135  0.64834 0.649014 0.649144 0.721312 0.718212        0 0.648135 0.647925 0.648729  0.64844 0.720751 0.720751 0.647087  0.64834 0.647925 0.648803 0.648645  0.72094 0.717848        0 0.649014        0 0.648803 0.649316        0 0.721346 0.647603        0  0.64844 0.648645 0.649316 0.721413 0.718329 0.720204 0.721312 0.720751  0.72094 0.721346 0.721413        0 0.720204 0.718212 0.720751 0.717848 0.721346 0.718329        0
 0.64928        0 0.649199        0  0.64952 0.434314 0.434314 0.649907 0.650349 0.650445 0.651303        0 0.476084 0.439782 0.648729 0.650106 0.650029        0  0.65034 0.434233 0.434233 0.649696  0.65031 0.650138 0.651093 0.650544 0.476006 0.439674   0.6496 0.650972   0.6496 0.650898 0.651201   0.6496 0.434355  0.65021 0.649446  0.65065 0.650746 0.651603 0.476277 0.439908 0.721859 0.721424 0.722158 0.722003        0 0.720967 0.721346 0.717494 0.718449 0.715363  0.71899 0.671314 0.718032 0.718284
0.649907   0.6497 0.649696 0.650371  0.65021 0.721859 0.717494  0.64928 0.650106  0.65031 0.650972 0.650868 0.721424 0.718449        0 0.650349 0.650138 0.650796  0.65065 0.722158 0.715363 0.649199 0.650445 0.650029 0.650898 0.650746 0.722003  0.71899        0 0.651303        0 0.651093 0.651603        0 0.671314  0.64952        0  0.65034 0.650544 0.651201 0.720967 0.718032 0.434314 0.476084 0.434233 0.476006 0.434355 0.476277 0.671314 0.434314 0.439782 0.434233 0.439674 0.434355 0.439908        0
0.651872 0.650932 0.651797 0.651886 0.652103 0.490863 0.442486 0.651872 0.652312 0.652407 0.653267  0.65133 0.477474 0.440591 0.650932 0.652312 0.652237 0.651886 0.652541 0.513815  0.44729 0.651797 0.652407 0.652237  0.65319 0.652636   0.4773 0.440593 0.651886 0.653267 0.651886  0.65319 0.653499 0.651886 0.566831 0.652103  0.65133 0.652541 0.652636 0.653499  0.47775 0.440672 0.490863 0.477474 0.513815   0.4773 0.651886  0.47775 0.440021 0.442486 0.440591  0.44729 0.440593 0.566831 0.440672 0.440021
 4.8619e-06 3.61168e-06 5.36357e-06 3.33353e-06 4.08698e-06    0.026938   0.0305468  4.8619e-06 4.42952e-06  4.0541e-06 2.38234e-06 1.80073e-06   0.0265809   0.0305371  2.6444e-06 4.42952e-06 4.93263e-06 2.77389e-06 3.65635e-06   0.0275075   0.0305714 5.36357e-06  4.0541e-06 4.93263e-06 2.88695e-06 3.28143e-06   0.0265814   0.0305376 6.13681e-07 2.38234e-06 6.13681e-07 2.88695e-06 1.61458e-06 6.13681e-07    0.031153 4.08698e-06  9.9891e-07 3.65635e-06 3.28143e-06 1.61458e-06   0.0265809    0.030537    0.026938   0.0265809   0.0275075   0.0265814   0.0309516   0.0265809   0.0307971   0.0305468   0.0305371   0.0305714   0.0305376    0.031153    0.030537    0.030537
