8	12	8	1
 0  3  0  0  0  1  0  6  0  0  0  0
 0  3  2  0  7  1  0  6  0  0  0  0
 0  3  0  0  0  1  0  0  0 10  0  0
 0  3  2  0  0  1  0  0  0  0  0  0
11  0  0  5  0  1  0  0  4  0  8  0
 0  0  2  0  7  1  0  0  4  0  8  9
 0  0  0  5  0  1 12  0  4  0  0  0
 0  0  2  0  0  1  0  0  4  0  0  9
0.9	1	0.4	0.4	0.7	0.8	0.8	0.4	0.4	0.7	0.1	0.9	
0.363	0.565	0.479	0.733	0.988	0.502	0.578	0.456	
------target--------
6
------result--------
8	
------details--------
0.484289 0.482402  0.48404 0.484561 0.484711 0.674511 0.485354  0.64932
0.487431 0.487699 0.487326 0.487551 0.487484 0.358462 0.487899 0.314689
 4.7336e-06 1.14851e-05 4.91153e-06 4.44217e-06 3.83304e-06   0.0489617 2.84229e-06   0.0571185
------result2--------
6	8	
------details2--------
       0 0.483776 0.484289 0.482805 0.667907 0.483453 0.635307 0.482402 0.481933 0.482402 0.480909        0  0.48156 0.667907 0.483776 0.481933  0.48404 0.482553 0.668517 0.483202 0.636787        0        0        0 0.483081 0.668323 0.483728 0.636592 0.482805 0.480909 0.482553 0.483081 0.673923 0.483876 0.648439 0.667907 0.667907 0.668517 0.668323 0.673923 0.674223        0 0.483453  0.48156 0.483202 0.483728 0.483876 0.674223 0.648855 0.635307 0.667907 0.636787 0.636592 0.648439        0 0.648855
0.484289 0.485927        0 0.485593 0.384547 0.486011 0.320453        0 0.483914        0 0.483706 0.482402 0.484126 0.305029 0.485791 0.487588        0 0.485343 0.380471 0.485762 0.319456 0.484561 0.484561 0.484561 0.485864 0.381392 0.486281 0.319913  0.48596 0.486222 0.485856  0.48608 0.357578 0.486433 0.314063 0.678016 0.678016 0.677208 0.678774 0.675028 0.675104 0.674511 0.486604 0.486868   0.4865 0.486724 0.486658 0.357969 0.314341 0.658825 0.642325 0.656155 0.660384 0.650095  0.64932 0.650277
       0 0.485791 0.486354  0.48596 0.678016 0.486604 0.658825 0.489146 0.487588 0.488165 0.486222 0.678016 0.486868 0.642325 0.485927 0.483914 0.486219 0.485856 0.677208   0.4865 0.656155        0        0        0  0.48608 0.678774 0.486724 0.660384 0.485593 0.483706 0.485343 0.485864 0.675028 0.486658 0.650095 0.384547 0.305029 0.380471 0.381392 0.357578 0.357969 0.555383 0.486011 0.484126 0.485762 0.486281 0.486433 0.675104 0.650277 0.320453 0.305029 0.319456 0.319913 0.314063        0 0.314341
0.487431 0.487565 0.487551 0.488744 0.338553 0.489161 0.310978 0.487431 0.487723 0.487551 0.489016 0.375888 0.489435  0.31884 0.487565 0.487723 0.487551  0.48864 0.345268 0.489056 0.312185 0.487551 0.487551 0.487551 0.488864 0.336195  0.48928  0.31039 0.488744 0.489016  0.48864 0.488864 0.359253 0.489214 0.315248 0.338553 0.375888 0.345268 0.336195 0.359253 0.359494 0.314689 0.489161 0.489435 0.489056  0.48928 0.489214 0.359494 0.315417 0.310978  0.31884 0.312185  0.31039 0.315248 0.314689 0.315417
 4.7336e-06 5.67006e-06  4.8893e-06 8.60246e-06   0.0496545 7.60341e-06   0.0572922 1.20386e-05 1.18959e-05 1.15835e-05 1.53803e-05   0.0308893 1.43755e-05    0.057311 5.67006e-06 1.18959e-05 5.23535e-06 8.78208e-06   0.0493516 7.78267e-06   0.0572281 4.44217e-06 4.44217e-06 4.44217e-06 8.30456e-06   0.0496476 7.30683e-06   0.0573022 8.60246e-06 1.53803e-05 8.78208e-06 8.30456e-06   0.0489629 6.70129e-06   0.0571197   0.0496545     0.05021   0.0493516   0.0496476   0.0489629   0.0489625   0.0597187 7.60341e-06 1.43755e-05 7.78267e-06 7.30683e-06 6.70129e-06   0.0489625   0.0571193   0.0572922    0.057311   0.0572281   0.0573022   0.0571197   0.0571185   0.0571193
