8	12	8	1
 1  8  0  0  0  0  0  0  0  0  7  0
 1  8  0  0  0  4  5  0  0  0  0  0
 0  0  0 10  2  0  0  0  0  6  7  0
 0  0  0  0  2  4  0 12  0  0  0  0
 1  0  0  0  0  0  0  0  9  0  0  3
 1  0  0  0  0  0  5  0  0  0  0  3
 0  0  0  0  2  0  0  0  0  6  0  3
 0  0 11  0  2  0  0  0  0  0  0  3
0.2	0.6	0.9	0.9	0.7	1	0.5	0.5	0.5	0.7	0.1	1	
0.564	0.393	0.808	0.725	0.094	0.779	0.918	0.326	
------target--------
2
------result--------
1	
------details--------
0.652419 0.671816 0.566647  0.56795 0.568498  0.56739 0.567414 0.568112
0.429589 0.497181 0.569435 0.570174 0.570653 0.571147 0.569828 0.570383
  0.0237541   0.0152117 3.34935e-06 2.06215e-06 3.81315e-07 6.25041e-06  2.9678e-06 1.74303e-06
------result2--------
1	6	
------details2--------
       0 0.651073 0.652052 0.652364 0.671816  0.65155 0.652048        0 0.670946 0.671645 0.671787 0.671816 0.671203 0.671539 0.651073 0.670946 0.565993 0.566554  0.56543 0.566647 0.566162 0.652052 0.671645 0.565993 0.567859 0.566744 0.566767  0.56747 0.652364 0.671787 0.566554 0.567859 0.567298 0.567322 0.568021 0.671816        0  0.56543 0.566744 0.567298 0.566205 0.566909  0.65155 0.671203        0 0.566767 0.567322 0.566205 0.566932 0.652048 0.671539 0.566162  0.56747 0.568021 0.566909 0.566932
0.652419 0.653001 0.653324 0.653665 0.615512 0.653331 0.653809 0.671816 0.672189 0.672234 0.672464        0 0.672454 0.672847 0.428757 0.495945 0.568243 0.568729 0.569201        0 0.568448 0.429332 0.496794 0.568797 0.570024 0.570508 0.569192 0.569749 0.429552 0.497126 0.569344 0.570084 0.571056 0.569738 0.570293 0.410492  0.56739 0.568238 0.568983 0.569467 0.568633 0.569191 0.429078 0.496423 0.567414 0.569006  0.56949 0.569971 0.569213 0.429381 0.496872 0.568958   0.5697 0.570182  0.57067 0.569353
       0 0.428757 0.429332 0.429552 0.410492 0.429078 0.429381 0.615512 0.495945 0.496794 0.497126 0.410492 0.496423 0.496872 0.653001 0.672189 0.568797 0.569344 0.568238 0.568523 0.568958 0.653324 0.672234 0.568243 0.570084 0.568983 0.569006   0.5697 0.653665 0.672464 0.568729 0.570024 0.569467  0.56949 0.570182 0.615512        0 0.569201 0.570508 0.571056 0.569971  0.57067 0.653331 0.672454        0 0.569192 0.569738 0.568633 0.569353 0.653809 0.672847 0.568448 0.569749 0.570293 0.569191 0.569213
0.429589 0.429956 0.430235 0.430426  0.47953 0.430134 0.430378 0.429589 0.497727 0.498156 0.498454 0.571147 0.497989 0.498357 0.429956 0.497727  0.57103 0.571511 0.572009 0.569828 0.571239 0.430235 0.498156  0.57103  0.57225 0.572758 0.571423 0.571979 0.430426 0.498454 0.571511  0.57225 0.573239 0.571903 0.572458  0.47953 0.571147 0.572009 0.572758 0.573239 0.572404 0.572962 0.430134 0.497989 0.569828 0.571423 0.571903 0.572404 0.571632 0.430378 0.498357 0.571239 0.571979 0.572458 0.572962 0.571632
  0.0237541   0.0237554   0.0237547   0.0237542   0.0254608   0.0237554   0.0237549    0.024732   0.0152128   0.0152122   0.0152118   0.0228267   0.0152128   0.0152124   0.0237554   0.0152128 5.43875e-06 3.73552e-06  9.6474e-06 3.85811e-06 5.10936e-06   0.0237547   0.0152122 5.43875e-06 2.44704e-06 8.34792e-06 5.05209e-06 3.81728e-06   0.0237542   0.0152118 3.73552e-06 2.44704e-06 6.63799e-06 3.35307e-06 2.12651e-06   0.0254608 6.25041e-06  9.6474e-06 8.34792e-06 6.63799e-06 9.25699e-06 8.01468e-06   0.0237554   0.0152128  2.9678e-06 5.05209e-06 3.35307e-06 9.25699e-06 4.72494e-06   0.0237549   0.0152124 5.10936e-06 3.81728e-06 2.12651e-06 8.01468e-06 4.72494e-06
