8	12	8	1
 0  0  1  2  0  6  0  0  0  0  4  0
 0  0  1  0  0  0  0  0  0  0  4  0
 0  0  1  2  0  6  0  0  0  0  0 11
 0 10  1  0  0  0  0  0  0  0  0  0
 7  0  1  2  0  0  3  8  0  0  4  0
 0  0  1  0  0  0  3  8  0  9  4  0
 7  0  1  2  5  0  3  0  0  0  0 11
 0 10  1  0  5  0  3  0 12  9  0  0
0.3	0.1	0.5	0.2	0.1	0.9	0.7	0.4	0.8	0.6	0.5	0.1	
0.534	0.545	0.153	0.463	0.715	0.249	0.065	0.974	
------target--------
3
------result--------
7	
------details--------
0.800831 0.800983 0.812891 0.801279  0.80073 0.800628 0.810033 0.800628
0.801823 0.802224 0.772353 0.802461 0.802074 0.802001 0.297529 0.801921
7.72935e-07  9.8048e-07  0.00103103 1.89531e-07 1.40221e-06 1.47869e-06    0.010294 1.30167e-06
------result2--------
1	7	
------details2--------
0.800831        0 0.800776 0.800587  0.80049 0.812516 0.800095        0 0.812516 0.800928        0        0  0.80933 0.800248 0.812516 0.812516  0.81289 0.812398 0.812345        0 0.812432 0.800776 0.800928  0.81289 0.800675 0.800572 0.810018        0 0.800587  0.80073 0.812398 0.800675        0 0.809191  0.79997  0.80049 0.800628 0.812345 0.800572 0.800628 0.809136        0 0.812516  0.80933        0 0.810018 0.809191 0.809136 0.809527 0.800095 0.800248 0.812432 0.800628  0.79997  0.79997 0.809527
       0 0.800831 0.801974 0.801648 0.801559 0.248397 0.801423 0.800983 0.777126  0.80212 0.800983 0.800983 0.306637 0.801576 0.813677 0.813677 0.812914 0.813429 0.813358 0.812891 0.813276  0.80177 0.802172 0.772203 0.802021 0.801948 0.297539 0.801279 0.801049        0 0.776406 0.801878  0.80073 0.305948 0.801328 0.800938        0 0.776073  0.80178        0 0.305545 0.800628 0.807625 0.811827 0.810033 0.810364 0.811071 0.810885 0.810456 0.801129 0.801536 0.770837        0 0.801381 0.801381 0.296878
0.801318 0.813677  0.80177 0.801049 0.800938 0.807625 0.801129        0 0.813677 0.802172        0        0 0.811827 0.801536 0.248397 0.777126 0.772203 0.776406 0.776073 0.802415 0.770837 0.801974  0.80212 0.812914 0.801878  0.80178 0.810364        0 0.801648 0.801819 0.813429 0.802021        0 0.811071 0.801381 0.801559 0.801729 0.813358 0.801948 0.801498 0.810885 0.801381 0.248397 0.306637        0 0.297539 0.305948 0.305545 0.296878 0.801423 0.801576 0.813276 0.801872 0.801328 0.801283 0.810456
0.802224 0.791868 0.802952 0.802218 0.802197 0.372175 0.802424 0.802224 0.750505 0.803356 0.802224 0.802224 0.276042 0.802851 0.791868 0.750505 0.775579 0.765529 0.767776 0.297529 0.773609 0.802952 0.803356 0.775579 0.803209 0.803139 0.297282 0.802461 0.802218 0.802224 0.765529 0.803209 0.802074 0.287386 0.802699 0.802197 0.802224 0.767776 0.803139 0.802074 0.289995 0.802439 0.372175 0.276042 0.297529 0.297282 0.287386 0.289995 0.298095 0.802424 0.802851 0.773609 0.802461 0.802699 0.802439 0.298095
1.09513e-06 0.000189086 9.65125e-07 1.56755e-06 1.68393e-06   0.0104604 2.11218e-06  9.8048e-07  0.00111487 1.17248e-06  9.8048e-07  9.8048e-07    0.010306 2.34547e-06  0.00764193  0.00111487  0.00103143  0.00105402  0.00104543   0.0103631  0.00103299 9.65125e-07 1.17248e-06  0.00103143 1.59635e-06 1.67383e-06    0.010294 1.89531e-07 1.56755e-06 1.45607e-06  0.00105402 1.59635e-06 1.40221e-06   0.0103002 2.79897e-06 1.68393e-06  1.5766e-06  0.00104543 1.67383e-06 1.53795e-06   0.0102989 1.91783e-06   0.0104604    0.010306    0.010294    0.010294   0.0103002   0.0102989   0.0102947 2.11218e-06 2.34547e-06  0.00103299  1.3469e-06 2.79897e-06 2.57504e-06   0.0102947
