8	12	8	1
 0  6  0  0  0  0  2  3  0  0  0  0
 0  6  0  0 12  0  0  3  0  0  4  0
 0  0  0  9  0  0  2  0 11  0  0  0
 5  0  0  0  0  0  0  0  0  0  4  0
 0  0  0  0  0  1  2  3  0  0  0 10
 0  0  0  0  0  1  0  3  0  8  4  0
 0  0  7  9  0  1  2  0  0  0  0 10
 5  0  7  0  0  1  0  0  0  8  4  0
0.2	0.3	0.6	0.9	0.4	0.9	0.2	0.3	0.3	0.8	1	0.6	
0.445	0.879	0.038	0.317	0.323	0.46	0.963	0.31	
------target--------
8
------result--------
6	
------details--------
0.638056 0.637561 0.638291 0.638166 0.637234 0.768287 0.637234 0.770605
0.639971 0.639593 0.640205 0.640571 0.639327 0.449286 0.639327 0.473712
9.20572e-07 2.08244e-06 8.53851e-08 7.13528e-07  2.3694e-06   0.0532911  2.3694e-06   0.0475653
------result2--------
4	6	
------details2--------
       0 0.638035 0.637909 0.636972   0.7683 0.636972 0.770638 0.637561  0.63754 0.637412 0.636467 0.768331 0.636467 0.770708 0.638035  0.63754 0.638145 0.637213 0.768289 0.637213 0.770608 0.637909 0.637412 0.638145 0.637085 0.770605 0.637085        0 0.636972 0.636467 0.637213 0.637085 0.768085        0 0.770467   0.7683 0.768331 0.768289 0.770605 0.768085 0.768085        0 0.636972 0.636467 0.637213 0.637085        0 0.768085 0.770467 0.770638 0.770708 0.770608 0.770605 0.770467        0 0.770467
0.638056 0.639956  0.64032 0.639073 0.449181 0.639073 0.473657        0 0.639474 0.639834 0.638581 0.448977 0.638581 0.473553  0.63995 0.639573  0.64055 0.639306 0.449277 0.639306 0.473707 0.639828 0.639449 0.640063 0.639182 0.447447 0.639182 0.638166 0.638908 0.638524 0.639147 0.639508 0.448835 0.637234 0.473388 0.768203 0.768214 0.768136 0.734608 0.768476 0.768476 0.768287 0.638908 0.638524 0.639147 0.639508 0.637234 0.448835 0.473388 0.770391  0.77043 0.770303        0 0.770732 0.770605 0.770732
       0  0.63995 0.639828 0.638908 0.768203 0.638908 0.770391 0.639379 0.639573 0.639449 0.638524 0.768214 0.638524  0.77043 0.639956 0.639474 0.640063 0.639147 0.768136 0.639147 0.770303  0.64032 0.639834  0.64055 0.639508 0.734608 0.639508        0 0.639073 0.638581 0.639306 0.639182 0.768476        0 0.770732 0.449181 0.448977 0.449277 0.447447 0.448835 0.448835        0 0.639073 0.638581 0.639306 0.639182        0 0.768476 0.770732 0.473657 0.473553 0.473707 0.447447 0.473388 0.734608 0.473388
0.639971 0.641873 0.642257 0.640996 0.449975 0.640996 0.474071 0.639971 0.641499 0.641879 0.640619  0.44982 0.640619 0.473987 0.641873 0.641499 0.642494  0.64123 0.450071  0.64123   0.4741 0.642257 0.641879 0.642494 0.641603 0.480812 0.641603 0.640571 0.640996 0.640619  0.64123 0.641603 0.449715 0.639327  0.47402 0.449975  0.44982 0.450071 0.480812 0.449715 0.449715 0.449286 0.640996 0.640619  0.64123 0.641603 0.639327 0.449715  0.47402 0.474071 0.473987   0.4741 0.640571  0.47402 0.449286  0.47402
9.20572e-07 1.00661e-06 1.63928e-06 3.30374e-06   0.0532912 3.30374e-06   0.0475653  2.1473e-06 2.16931e-06 2.80785e-06  4.4832e-06   0.0532913  4.4832e-06   0.0475654 1.00661e-06 2.16931e-06 7.99407e-07 2.45609e-06   0.0532912 2.45609e-06   0.0475653 1.63928e-06 2.80785e-06 7.99407e-07 3.09302e-06   0.0534648 3.09302e-06 7.13528e-07 3.30374e-06  4.4832e-06 2.45609e-06 3.09302e-06   0.0532914  2.3694e-06   0.0475654   0.0532912   0.0532913   0.0532912   0.0534648   0.0532914   0.0532914   0.0532911 3.30374e-06  4.4832e-06 2.45609e-06 3.09302e-06  2.3694e-06   0.0532914   0.0475654   0.0475653   0.0475654   0.0475653   0.0515071   0.0475654   0.0534173   0.0475654
