8	12	8	1
 1  2  0  0  0  4  0  8  0  0  0 12
 1  2  0  0  0  0  0  0  0  0 10  0
 0  2  0  0  0  4  0  8  9  0  0  0
 0  2  0  0  0  0  0  0  9  0 10  0
 1  0  0  6  3  4  0  0  0  0  0  0
 1  0  5  6  3  0  0  0  0  0  0  0
 0  0  0  0  3  4  7  0  0  0  0  0
 0  0  5  0  3  0  7  0  0 11  0  0
0.2	1	0.1	0.3	0.7	0.5	0.4	0.1	0.3	0.9	0.6	0.4	
0.898	0.447	0.68	0.561	0.139	0.605	0.351	0.969	
------target--------
4
------result--------
2	
------details--------
0.445806 0.563901 0.445646  0.57527 0.446051 0.446051  0.44619 0.444896
0.448269 0.268851 0.450333 0.328821 0.448482 0.448482 0.448558 0.447742
 2.5267e-06   0.0433734 6.73906e-06   0.0309453 1.85951e-06 1.85951e-06 1.35789e-06 4.01503e-06
------result2--------
2	3	
------details2--------
0.563653 0.444924  0.57519  0.44533  0.44533 0.445472 0.444168 0.563653  0.57527        0 0.563798 0.563798  0.56376 0.562911 0.444924  0.57527        0 0.445171 0.445171 0.445313 0.444009  0.57519        0  0.57527 0.575294 0.575294 0.575198  0.57454  0.44533 0.563798 0.445171 0.575294        0 0.445719 0.444416  0.44533 0.563798 0.445171 0.575294        0 0.445719 0.444416 0.445472  0.56376 0.445313 0.575198 0.445719 0.445719        0 0.444168 0.562911 0.444009  0.57454 0.444416 0.444416 0.444896
0.268623 0.449618 0.328597  0.44778  0.44778 0.447854  0.44703 0.564504 0.520321 0.563901 0.564331 0.564331  0.56477 0.564641 0.447405 0.261393 0.445646  0.44762  0.44762 0.447695 0.446871 0.575463  0.57527        0 0.575172 0.575172  0.57571 0.575812 0.447808 0.268701 0.449864 0.328692 0.446051 0.448097 0.447275 0.447808 0.268701 0.449864 0.328692 0.446051 0.448097 0.447275 0.447944 0.268746 0.450004  0.32871 0.448158 0.448158  0.44619 0.446656 0.268287 0.448707 0.328158 0.446874 0.446874        0
0.564504 0.447405 0.575463 0.447808 0.447808 0.447944 0.446656 0.268623 0.261393        0 0.268701 0.268701 0.268746 0.268287 0.449618 0.520321        0 0.449864 0.449864 0.450004 0.448707 0.328597 0.520321 0.261393 0.328692 0.328692  0.32871 0.328158  0.44778 0.564331  0.44762 0.575172        0 0.448158 0.446874  0.44778 0.564331  0.44762 0.575172        0 0.448158 0.446874 0.447854  0.56477 0.447695  0.57571 0.448097 0.448097        0  0.44703 0.564641 0.446871 0.575812 0.447275 0.447275 0.447479
0.269419 0.452131 0.329377 0.450251 0.450251 0.450324 0.449506 0.269419 0.309363 0.268851 0.269493 0.269493  0.26951 0.269281 0.452131 0.309363 0.450333 0.452357 0.452357 0.452417 0.451584 0.329377 0.268851 0.450333  0.32937  0.32937 0.329517 0.329325 0.450251 0.269493 0.452357  0.32937 0.448482 0.450537 0.449719 0.450251 0.269493 0.452357  0.32937 0.448482 0.450537 0.449719 0.450324  0.26951 0.452417 0.329517 0.450537 0.450537 0.448558 0.449506 0.269281 0.451584 0.329325 0.449719 0.449719 0.448558
  0.0433737 9.31282e-06   0.0309455 4.41204e-06 4.41204e-06 3.89989e-06 6.57763e-06   0.0433737   0.0442758   0.0433734   0.0433736   0.0433736   0.0433737   0.0433746 9.31282e-06   0.0442758 6.73906e-06 8.63806e-06 8.63806e-06  8.1199e-06 1.08073e-05   0.0309455   0.0439773   0.0404826   0.0309454   0.0309454   0.0309454   0.0309461 4.41204e-06   0.0433736 8.63806e-06   0.0309454 1.85951e-06 3.22996e-06  5.9037e-06 4.41204e-06   0.0433736 8.63806e-06   0.0309454 1.85951e-06 3.22996e-06  5.9037e-06 3.89989e-06   0.0433737  8.1199e-06   0.0309454 3.22996e-06 3.22996e-06 1.35789e-06 6.57763e-06   0.0433746 1.08073e-05   0.0309461  5.9037e-06  5.9037e-06 4.26288e-06
