8	12	8	1
 0  0  2  0  0  4  0  0  0  0 11 12
 0  0  2  3  8  4  0  0  0  0  0  0
 0  0  0  0  0  4  0  5  0  0  0 12
 0  6  0  3  8  4  0  5  0  0  0  0
 1  0  2  0  0  0  7  0  0 10 11  0
 1  0  2  3  0  0  0  0  0 10  0  0
 1  0  0  0  0  0  7  5  9  0  0  0
 1  6  0  3  0  0  0  5  9  0  0  0
0.7	1	1	0.7	0.8	1	0.1	0.6	1	0.5	1	0.6	
0.38	0.743	0.417	0.019	0.454	0.289	0.511	0.187	
------target--------
1
------result--------
3	
------details--------
0.688457 0.573427 0.664678 0.573427 0.572665 0.574116  0.57334  0.57334
0.478024 0.575797 0.387826 0.575797 0.576994 0.576238 0.575799 0.575799
  0.0227616 2.78525e-06   0.0344064 2.78525e-06 9.21547e-06 1.08174e-06 3.03501e-06 3.03501e-06
------result2--------
3	5	
------details2--------
0.688071        0 0.688071 0.688037 0.688037 0.687916 0.687916 0.688071 0.664057        0 0.571677 0.573135 0.572354 0.572354        0 0.664057 0.664057 0.688037 0.663461 0.663918 0.663918 0.688071        0 0.664057 0.571677 0.573135 0.572354 0.572354        0 0.571677 0.688037 0.571677 0.572665 0.571591 0.571591 0.688037 0.573135 0.663461 0.573135        0 0.573049 0.573049 0.687916 0.572354 0.663918 0.572354 0.571591 0.573049        0 0.687916 0.572354 0.663918 0.572354 0.571591 0.573049        0
0.689002 0.688457 0.689002 0.690716 0.690716  0.68916  0.68916 0.477304 0.387453 0.573427 0.576013 0.575269 0.574823 0.574823 0.664678 0.665557 0.665557 0.633352 0.672462 0.665667 0.665667 0.477304 0.573427 0.387453 0.576013 0.575269 0.574823 0.574823 0.572665 0.574062 0.362685 0.574062        0 0.574063 0.574063 0.482123  0.57551 0.389009  0.57551 0.574116 0.575511 0.575511 0.477249 0.574735 0.387408 0.574735 0.575927 0.575182  0.57334 0.477249 0.574735 0.387408 0.574735 0.575927 0.575182  0.57334
0.477304 0.614237 0.477304 0.362685 0.482123 0.477249 0.477249 0.689002 0.665557        0 0.574062  0.57551 0.574735 0.574735        0 0.387453 0.387453 0.362685 0.389009 0.387408 0.387408 0.689002        0 0.665557 0.574062  0.57551 0.574735 0.574735 0.690716 0.576013 0.633352 0.576013  0.57738 0.575927 0.575927 0.690716 0.575269 0.672462 0.575269        0 0.575182 0.575182  0.68916 0.574823 0.665667 0.574823 0.574063 0.575511        0  0.68916 0.574823 0.665667 0.574823 0.574063 0.575511        0
0.479058 0.387826 0.479058  0.55219 0.447365 0.479048 0.479048 0.479058 0.388363 0.575797 0.578405 0.577641 0.577201 0.577201 0.387826 0.388363 0.388363 0.434625  0.38039  0.38838  0.38838 0.479058 0.575797 0.388363 0.578405 0.577641 0.577201 0.577201  0.55219 0.578405 0.434625 0.578405 0.576238 0.578405 0.578405 0.447365 0.577641  0.38039 0.577641 0.576238 0.577643 0.577643 0.479048 0.577201  0.38838 0.577201 0.578405 0.577643 0.575799 0.479048 0.577201  0.38838 0.577201 0.578405 0.577643 0.575799
  0.0227626   0.0361997   0.0227626   0.0321421   0.0228994   0.0227629   0.0227629   0.0227626   0.0344074 2.78525e-06 1.20424e-05 3.87773e-06 5.84298e-06 5.84298e-06   0.0344064   0.0344074   0.0344074   0.0363129   0.0344269   0.0344077   0.0344077   0.0227626 2.78525e-06   0.0344074 1.20424e-05 3.87773e-06 5.84298e-06 5.84298e-06  0.00239532 1.20424e-05   0.0363129 1.20424e-05 9.45567e-06 1.22911e-05 1.22911e-05   0.0228994 3.87773e-06   0.0344269 3.87773e-06 1.08174e-06 4.12701e-06 4.12701e-06   0.0227629 5.84298e-06   0.0344077 5.84298e-06 1.22911e-05 4.12701e-06 3.03501e-06   0.0227629 5.84298e-06   0.0344077 5.84298e-06 1.22911e-05 4.12701e-06 3.03501e-06
