8	12	8	1
 1  0 11  0  0  0  6  0  7  0  0  0
 1  0  0  0  0  0  0 10  7  0  0  0
 1  9  0  0  0  0  0  0  0  0  3  0
 1  9  0  0  0  0  0  0  0  0  3  0
 0  0  0  2  0  5  6  0  0  0  0  0
 0  0  0  2  0  0  0  0  0  8  0 12
 0  0  0  2  4  5  0  0  0  0  3  0
 0  0  0  2  4  0  0  0  0  8  3  0
0.7	0.9	0.4	0.4	1	0.3	0.9	0.7	0.5	0.9	1	1	
0.33	0.83	0.106	0.167	0.556	0.288	0.944	0.705	
------target--------
5
------result--------
1	
------details--------
 0.62656 0.446178 0.446793 0.446793 0.651817 0.445661 0.445187 0.446048
0.142612 0.448807 0.449318 0.449318 0.234037 0.448623 0.453328 0.448816
   0.119842  3.3714e-06 1.89461e-06 1.89461e-06   0.0913025 4.41541e-06  2.5307e-05 3.80122e-06
------result2--------
5	7	
------details2--------
 0.625888  0.626231  0.626231  0.646702  0.625408  0.646702   0.62566  0.625888  0.445722  0.445722  0.651464  0.444582  0.444105  0.444972  0.626231  0.445722         0  0.651597  0.445204  0.444729  0.445593  0.626231  0.445722         0  0.651597  0.445204  0.444729  0.445593         0  0.651464  0.651597  0.651597  0.651051  0.651817  0.651192  0.625408  0.444582  0.445204  0.445204  0.651051  0.443584  0.445661  0.646702  0.444105  0.444729  0.444729         0  0.443584  0.443976   0.62566  0.444972  0.445593  0.445593  0.651192         0  0.443976
 0.627538  0.628062  0.628062  0.574783  0.627557  0.574783  0.627734  0.142827  0.448255  0.448255  0.234154  0.447557  0.452246   0.44775   0.14266  0.448357  0.446793  0.234027  0.448172  0.452872  0.448364   0.14266  0.448357  0.446793  0.234027  0.448172  0.452872  0.448364  0.651817  0.652327  0.652815  0.652815  0.652476         0  0.652629  0.142779  0.447227  0.447738  0.447738  0.234007  0.451726         0  0.134596  0.446762  0.447275  0.447275  0.445187  0.446574  0.446768   0.14271  0.447613  0.448124  0.448124  0.233976  0.446048  0.452119
 0.142827   0.14266   0.14266  0.692365  0.142779  0.134596   0.14271  0.627538  0.448357  0.448357  0.652327  0.447227  0.446762  0.447613  0.628062  0.448255         0  0.652815  0.447738  0.447275  0.448124  0.628062  0.448255         0  0.652815  0.447738  0.447275  0.448124  0.574783  0.234154  0.234027  0.234027  0.234007         0  0.233976  0.627557  0.447557  0.448172  0.448172  0.652476  0.446574   0.44781  0.574783  0.452246  0.452872  0.452872         0  0.451726  0.452119  0.627734   0.44775  0.448364  0.448364  0.652629         0  0.446768
 0.142294  0.142392  0.142392 0.0423357  0.142465  0.173423  0.142483  0.142294  0.450894  0.450894  0.233864  0.450198  0.454943  0.450391  0.142392  0.450894  0.449318  0.234084  0.450709  0.455452  0.450901  0.142392  0.450894  0.449318  0.234084  0.450709  0.455452  0.450901 0.0423357  0.233864  0.234084  0.234084  0.234064  0.453328  0.234118  0.142465  0.450198  0.450709  0.450709  0.234064  0.454746  0.448816  0.173423  0.454943  0.455452  0.455452  0.453328  0.454746  0.454939  0.142483  0.450391  0.450901  0.450901  0.234118  0.448816  0.454939
   0.119843    0.119843    0.119843    0.182817    0.119844    0.121591    0.119844    0.119843 5.28111e-06 5.28111e-06   0.0913028 7.82203e-06 2.87774e-05 7.20167e-06    0.119843 5.28111e-06 1.89461e-06   0.0913028 6.32743e-06 2.72469e-05 5.71028e-06    0.119843 5.28111e-06 1.89461e-06   0.0913028 6.32743e-06 2.72469e-05 5.71028e-06     0.18258   0.0913028   0.0913028   0.0913028   0.0913031    0.183611   0.0913031    0.119844 7.82203e-06 6.32743e-06 6.32743e-06   0.0913031  2.9829e-05 4.58426e-06    0.121591 2.87774e-05 2.72469e-05 2.72469e-05  2.5307e-05  2.9829e-05 2.91949e-05    0.119844 7.20167e-06 5.71028e-06 5.71028e-06   0.0913031 3.80122e-06 2.91949e-05
