8	12	8	1
 0  0  1  0  2  0  0  0  8  0  0 10
 0  0  1  0  0  0  6  0  0  3  0 10
 0  0  1  9  2  0  0  0  8  0  0  0
 0  0  1  9  0  0  0  7  0  3  0  0
 0  0  0  0  2  0  0  0  0  0 11  0
 0  4  0  0  0  0  6  0  0  3  0  0
12  0  0  0  2  5  0  0  0  0  0  0
 0  4  0  0  0  5  0  7  0  3  0  0
0.8	0.2	0.5	0.9	1	0.4	0.7	0.5	0.6	0.9	0.5	0.2	
0.063	0.271	0.267	0.746	0.88	0.464	0.291	0.501	
------target--------
4
------result--------
3	
------details--------
 0.33772 0.336989 0.522863 0.552794 0.336946 0.337131 0.337362 0.335325
0.339642 0.339681 0.144486 0.212614 0.339503 0.339739 0.339921 0.346249
3.93222e-07 3.44833e-06    0.083959   0.0595492  3.2801e-06 2.94393e-06  2.1359e-06 4.68255e-05
------result2--------
3	8	
------details2--------
       0 0.522878  0.55288 0.336847 0.336989 0.337265 0.335228        0 0.522352  0.55258  0.33611 0.336989 0.336531 0.334491 0.522878 0.522352        0  0.52242 0.522356 0.522515 0.552794  0.55288  0.55258        0 0.552711 0.552491 0.552575 0.552794 0.336847  0.33611  0.52242 0.552711 0.336254 0.336488 0.334447 0.336989        0 0.522356 0.552491 0.336254 0.336674 0.334634 0.337265 0.336531 0.522515 0.552575 0.336488 0.336674 0.334867 0.335228 0.334491 0.552794        0 0.334447 0.334634 0.334867
 0.33772 0.144461 0.212593 0.339407 0.339689 0.339825 0.346144 0.336989 0.144281 0.212328  0.33868        0 0.339097 0.345389 0.522583 0.524005 0.522863 0.523714 0.524276 0.524465 0.445772 0.551203 0.553271 0.552794 0.552954 0.553634 0.553797        0 0.338786 0.338815 0.144276 0.212335 0.338872 0.339054  0.34534 0.339342 0.337131 0.144317 0.212363  0.33882 0.339238 0.345541 0.339192 0.339229 0.144374 0.212445  0.33905 0.339286  0.34578 0.337155 0.337196 0.137155 0.335325 0.337017 0.337254 0.337437
       0 0.522583 0.551203 0.338786 0.339342 0.339192 0.337155 0.339689 0.524005 0.553271 0.338815 0.339342 0.339229 0.337196 0.144461 0.144281        0 0.144276 0.144317 0.144374 0.137155 0.212593 0.212328 0.445772 0.212335 0.212363 0.212445 0.137155 0.339407  0.33868 0.523714 0.552954  0.33882  0.33905 0.337017 0.339689        0 0.524276 0.553634 0.338872 0.339286 0.337254 0.339825 0.339097 0.524465 0.553797 0.339054 0.339238 0.337437 0.346144 0.345389 0.445772        0  0.34534 0.345541  0.34578
0.339642 0.144955  0.21301 0.341348 0.341999 0.341765 0.348278 0.339642 0.144951 0.213264 0.341386 0.339739 0.341805 0.348219 0.144955 0.144951 0.144486 0.144895 0.144962 0.145008 0.179252  0.21301 0.213264 0.144486 0.213158 0.213323   0.2134 0.346249 0.341348 0.341386 0.144895 0.213158 0.341443 0.341625  0.34804 0.341999 0.339739 0.144962 0.213323 0.341443 0.341861 0.348261 0.341765 0.341805 0.145008   0.2134 0.341625 0.341861 0.348447 0.348278 0.348219 0.179252 0.346249  0.34804 0.348261 0.348447
3.93222e-07    0.083959   0.0595493 3.68059e-06 3.52753e-06 2.53226e-06 4.72407e-05 3.44854e-06   0.0839597   0.0595496 6.76285e-06 3.46171e-06 5.60113e-06 5.03786e-05    0.083959   0.0839597    0.083959   0.0839595   0.0839598   0.0839596   0.0868029   0.0595493   0.0595496   0.0863222   0.0595495   0.0595497   0.0595496   0.0779383 3.68059e-06 6.76285e-06   0.0839595   0.0595495  6.2494e-06 5.43377e-06 5.02174e-05 3.52753e-06 2.94393e-06   0.0839598   0.0595497  6.2494e-06 5.09281e-06 4.98474e-05 2.53226e-06 5.60113e-06   0.0839596   0.0595496 5.43377e-06 5.09281e-06 4.90161e-05 4.72407e-05 5.03786e-05   0.0868029 4.68255e-05 5.02174e-05 4.98474e-05 4.90161e-05
