8	12	8	1
 0  0  0 12  0  3  0  6  0  0  0  8
 0  0  2  0  0  3  0  0  0  0  0  8
 4  1  0  0  0  3  0  6  0 10  0  0
 0  1  2  0  0  3  0  0  0  0  0  0
 0  0  0  0 11  0  5  0  0  0  0  0
 0  0  2  0  0  0  0  0  0  0  0  0
 4  1  0  0  0  0  5  0  9  0  7  0
 0  1  2  0  0  0  0  0  0  0  7  0
0.9	0.5	0.3	0.5	0.6	0.2	0.3	0.1	0.1	0.1	0.3	1	
0.132	0.454	0.017	0.037	0.662	0.788	0.269	0.311	
------target--------
8
------result--------
7	
------details--------
0.633848  0.63363 0.634398 0.634128 0.633787  0.63414 0.682473 0.690117
0.635708  0.63539 0.636104 0.635355 0.635819 0.635342 0.174268 0.496757
1.57653e-06 1.64788e-06 4.67783e-08 5.75396e-07  1.8953e-06  5.4361e-07   0.0469337   0.0162058
------result2--------
8	6	
------details2--------
 0.633527  0.633844  0.633527   0.63322  0.633527  0.680488  0.689047         0  0.633627   0.63363  0.632998   0.63363  0.688716  0.689071  0.633844  0.633627  0.634125  0.633774  0.634125  0.682429  0.690105         0         0         0  0.633499  0.634128  0.689745  0.690103   0.63322  0.632998  0.633774  0.633499  0.633512  0.682116  0.689858  0.633527         0  0.634125         0  0.633512  0.689759         0  0.680488  0.688716  0.682429  0.689745  0.682116  0.689759  0.689759  0.689047  0.689071  0.690105  0.690103  0.689858  0.690117         0
 0.634825   0.63578  0.634825  0.635258  0.634825  0.178502  0.509713   0.63363  0.635573         0  0.635043         0  0.160691         0  0.635699  0.635378  0.635334  0.635807  0.635334  0.174407  0.497251  0.634128  0.634128  0.634128  0.635539         0  0.159044         0  0.635087   0.63477  0.635493  0.634739  0.634727  0.174652  0.496371   0.63543   0.63414  0.635912   0.63414  0.635551  0.158991   0.63414   0.68707  0.674833  0.688397  0.659356  0.683278  0.658624  0.658624  0.692368  0.692786  0.691497  0.692043  0.690696         0  0.690117
 0.635361  0.635699   0.63542  0.635087   0.63543   0.68707  0.692368  0.634825  0.635378  0.635428   0.63477  0.635439  0.674833  0.692786   0.63578  0.635573  0.636061  0.635493  0.635912  0.688397  0.691497  0.634825         0  0.635334  0.634739  0.635876  0.659356  0.692043  0.635258  0.635043  0.635807  0.635539  0.635551  0.683278  0.690696  0.634825         0  0.635334         0  0.634727  0.658624         0  0.178502  0.160691  0.174407  0.159044  0.174652  0.158991  0.703661  0.509713         0  0.497251         0  0.496371         0  0.658624
 0.635749  0.636163  0.636919  0.637125  0.637024  0.165065  0.458945  0.635749  0.636179  0.635355  0.636808  0.635342  0.195835  0.588132  0.636163  0.636179  0.636112   0.63752  0.637554   0.15662  0.396494  0.636919  0.635355  0.636112  0.636771  0.635342   0.26232   0.63412  0.637125  0.636808   0.63752  0.636771  0.636759   0.17338  0.497646  0.637024  0.635342  0.637554  0.635342  0.636759  0.266907  0.635342  0.165065  0.195835   0.15662   0.26232   0.17338  0.266907 0.0468758  0.458945  0.588132  0.396494   0.63412  0.497646  0.635342 0.0468758
2.05718e-06 1.58877e-06 2.27648e-06 3.48257e-06 2.28796e-06   0.0469657   0.0164923 1.84172e-06 1.66447e-06 1.64918e-06 3.56166e-06 1.65013e-06   0.0471285    0.051029 1.58877e-06 1.66447e-06 5.93704e-07 1.94271e-06 5.98212e-07   0.0469351   0.0162345 9.87509e-07 5.75396e-07 5.83328e-07 2.48124e-06  5.7861e-07   0.0476844   0.0676763 3.48257e-06 3.56166e-06 1.94271e-06 2.48124e-06 2.44898e-06   0.0469344   0.0162062 2.28796e-06  5.4361e-07 5.98212e-07  5.4361e-07 2.44898e-06   0.0477163  5.4361e-07   0.0469657   0.0471285   0.0469351   0.0476844   0.0469344   0.0477163   0.0654703   0.0164923    0.051029   0.0162345   0.0676763   0.0162062   0.0681136   0.0654621
