8	12	8	1
12  0  1  9  0  0  0  0  0  0  2  0
 0  0  1  0  0  4 10  0  0  7  0  0
 0  8  1  0  0  0  0  0  6  0  2  0
 0  0  1  0  0  0  0  0  6  7  0  0
 0  0  0  9  0  0  0  5  0  0  2  3
 0  0  0  0  0  4  0  5  0  0  0  3
 0  8  0  0  0  0  0  0  0  0  2  3
 0  0  0  0 11  0  0  0  0  0  0  3
1	0.4	0.2	0.7	0.8	0.4	0.9	0.6	1	0.2	0.1	1	
0.18	0.012	0.592	0.663	0.446	0.685	0.829	0.912	
------target--------
5
------result--------
1	
------details--------
0.638212 0.525594 0.524899  0.52561 0.673377 0.523531 0.524899 0.524677
0.239846  0.52787 0.527233 0.527882 0.368424 0.530533 0.527233 0.527239
  0.0665618 1.15058e-06 2.66338e-06 1.09408e-06   0.0473009  2.1935e-05 2.66338e-06 3.28126e-06
------result2--------
5	6	
------details2--------
0.638154 0.637844 0.638165 0.666781 0.666781 0.637844 0.637415 0.638154 0.524602 0.525594 0.673495 0.523238 0.524602 0.524382 0.637844 0.524602 0.524618  0.67351 0.522532        0 0.523678 0.638165        0 0.524618 0.673501 0.523254 0.524618 0.524398        0 0.673495  0.67351 0.673501 0.673377  0.67351 0.672983 0.666781 0.523238 0.522532 0.523254        0 0.522532 0.522309 0.637844 0.524602        0 0.524618  0.67351 0.522532 0.523678 0.637415 0.524382 0.523678 0.524398 0.672983 0.522309 0.523678
0.638606 0.638714 0.638553 0.589059 0.589059 0.638714 0.639104 0.239754 0.526948        0 0.368318 0.530237 0.526948 0.526953 0.239579 0.526908 0.526921 0.368034 0.529531 0.524899 0.526259 0.239758  0.52561 0.526964 0.368325 0.530253 0.526964 0.526968 0.673377 0.672575 0.673196 0.672483        0 0.673196 0.673816 0.213819 0.525532  0.52489 0.525544 0.523531  0.52489 0.524897 0.239579 0.526908 0.524899 0.526921 0.368034 0.529531 0.526259 0.239555  0.52668 0.526032 0.526693 0.367863 0.529317 0.526032
0.239754 0.239579 0.239758 0.721499 0.213819 0.239579 0.239555 0.638606 0.526908 0.527657 0.672575 0.525532 0.526908  0.52668 0.638714 0.526948 0.526964 0.673196  0.52489        0 0.526032 0.638553        0 0.526921 0.672483 0.525544 0.526921 0.526693 0.589059 0.368318 0.368034 0.368325        0 0.368034 0.367863 0.589059 0.530237 0.529531 0.530253        0 0.529531 0.529317 0.638714 0.526948        0 0.526964 0.673196  0.52489 0.526032 0.639104 0.526953 0.526259 0.526968 0.673816 0.524897 0.526259
0.240485 0.240217 0.240498 0.103408 0.315828 0.240217 0.240176 0.240485 0.529236 0.527882 0.369164 0.532606 0.529236 0.529239 0.240217 0.529236 0.529248 0.368965 0.531929 0.527233 0.528601 0.240498 0.527882 0.529248 0.369156 0.532621 0.529248 0.529251 0.103408 0.369164 0.368965 0.369156 0.530533 0.368965 0.369061 0.315828 0.532606 0.531929 0.532621 0.530533 0.531929 0.531917 0.240217 0.529236 0.527233 0.529248 0.368965 0.531929 0.528601 0.240176 0.529239 0.528601 0.529251 0.369061 0.531917 0.528601
  0.0665619   0.0665622   0.0665619     0.11419   0.0702009   0.0665622    0.066563   0.0665619 3.83695e-06 1.15123e-06   0.0473011 2.31294e-05 3.83695e-06 4.44866e-06   0.0665622 3.83695e-06 3.77996e-06   0.0473011 2.46847e-05 2.66338e-06 5.97831e-06   0.0665619 1.09408e-06 3.77996e-06   0.0473011 2.30718e-05 3.77996e-06  4.3917e-06    0.113809   0.0473011   0.0473011   0.0473011     0.13342   0.0473011   0.0473015   0.0702009 2.31294e-05 2.46847e-05 2.30718e-05  2.1935e-05 2.46847e-05 2.52903e-05   0.0665622 3.83695e-06 2.66338e-06 3.77996e-06   0.0473011 2.46847e-05 5.97831e-06    0.066563 4.44866e-06 5.97831e-06  4.3917e-06   0.0473015 2.52903e-05 5.97831e-06
