8	12	8	1
 0 10 12  7  1  0  0  0  0  0  0  5
 8  0  0  0  1  2  0  0  0  0  0  0
 0 10  0  0  0  0  6  3  0  0  0  5
 8  0  0  0  0  2  0  3  0  0  9  0
 0  0  0  7  1  0  0  0  0  4  0  5
 0  0  0  0  1  2  0  0  0  4  0  0
 0  0  0  0  0  0  6  3 11  4  0  5
 0  0  0  0  0  2  0  3  0  4  9  0
0.8	0.6	0.6	0.9	0.2	1	0.5	0.1	0.4	0.3	0.8	0.4	
0.844	0.446	0.677	0.719	0.151	0.336	0.037	0.496	
------target--------
4
------result--------
8	
------details--------
0.350345  0.34926 0.351265  0.54327 0.351072 0.351306 0.351276 0.502563
0.353329 0.359496 0.353889 0.264694  0.35675 0.360291 0.359563 0.238455
4.60563e-06 4.68423e-05 3.44479e-06   0.0358659 1.11627e-05  1.5671e-05 1.47443e-05   0.0375555
------result2--------
4	8	
------details2--------
0.347405 0.350345 0.542994 0.349393 0.349393 0.349362 0.501376 0.347405  0.34833        0 0.348075 0.348313 0.348283 0.542055        0  0.34833   0.5429 0.350128 0.350375 0.350344 0.501855 0.542994  0.54327   0.5429 0.542052 0.542055 0.542069        0        0 0.348075 0.350128 0.542052 0.351072 0.351043 0.502464 0.349393 0.348313 0.350375 0.542055        0        0        0 0.349362 0.348283 0.350344 0.542069 0.351043 0.351276 0.502559 0.501376 0.542055 0.501855        0 0.502464 0.502563 0.502559
0.357582        0 0.263397 0.358596 0.358596 0.357871 0.238361 0.350396 0.350958  0.34926 0.354074 0.357912 0.357118 0.225554 0.351265 0.358542 0.264152 0.355785  0.35935 0.358625 0.238096 0.543437        0 0.543939 0.547866 0.552908 0.551765  0.54327 0.351072 0.358528  0.35278 0.265577        0 0.353276 0.212592 0.352474  0.35876  0.35301 0.265846 0.351306 0.351306 0.351306 0.352444  0.35873 0.352981 0.265816 0.353177        0 0.212915  0.50328 0.429968 0.503846 0.502563  0.50337        0 0.502837
0.350396 0.352585 0.543437 0.352317 0.352474 0.352444  0.50328 0.357582 0.358542        0 0.358528  0.35876  0.35873 0.429968        0 0.350958 0.543939  0.35278  0.35301 0.352981 0.503846 0.263397 0.196732 0.264152 0.265577 0.265846 0.265816 0.429968 0.358596 0.354074 0.355785 0.547866 0.353208 0.353177  0.50337 0.358596 0.357912  0.35935 0.552908        0        0        0 0.357871 0.357118 0.358625 0.551765 0.353276 0.353525 0.502837 0.238361 0.225554 0.238096 0.552908 0.212592 0.212954 0.212915
0.360691 0.353889 0.265499 0.356288 0.361423 0.360684 0.238515 0.360691 0.361264 0.359496  0.36346 0.366237 0.365683 0.280098 0.353889 0.361264 0.265694 0.358623 0.362053 0.361319  0.23912 0.265499 0.359496 0.265694 0.260962 0.253375 0.255058 0.217749 0.356288  0.36346 0.358623 0.260962 0.360291  0.36023 0.310745 0.361423 0.366237 0.362053 0.253375 0.360291 0.360291 0.360291 0.360684 0.365683 0.361319 0.255058  0.36023 0.360291 0.351762 0.238515 0.280098  0.23912 0.217749 0.310745 0.360291 0.351762
5.15741e-05 5.17009e-06   0.0358678 1.52146e-05 2.05039e-05 1.95649e-05   0.0375562 5.15741e-05 5.03706e-05 4.68423e-05 5.81649e-05 6.27346e-05 6.17964e-05   0.0408522 3.44479e-06 5.03706e-05    0.035867 1.47775e-05 1.91634e-05 1.82377e-05   0.0375566   0.0358678   0.0471115    0.035867   0.0358753   0.0358965   0.0358916   0.0486479 1.15287e-05 5.81649e-05 1.47775e-05   0.0358753 1.65491e-05 1.66163e-05   0.0403793 2.05039e-05 6.27346e-05 1.91634e-05   0.0358965  1.5671e-05  1.5671e-05  1.5671e-05 1.95649e-05 6.17964e-05 1.82377e-05   0.0358916 1.66163e-05 1.58011e-05   0.0417977   0.0375562   0.0408522   0.0375566     0.04618   0.0403793   0.0420843   0.0417977
