8	12	8	1
 0  0  0  0  7  0  2  0  0  3  1  0
 0  9 10  4  0  0  2  0  0  0  1  0
 0  0  0  0  7  8  0 11  0  3  1  5
 0  9  0  4  0  8  0  0  0  0  1  5
 0  0  0  0  0  0  2  0  6  3  1  0
12  0  0  4  0  0  2  0  6  0  1  0
 0  0  0  0  0  0  0  0  0  3  1  5
 0  0  0  4  0  0  0  0  0  0  1  5
0.3	0.8	0.5	0.7	0.9	0.4	0.8	0.5	0.9	0.8	0.4	1	
0.618	0.452	0.996	0.386	0.278	0.501	0.474	0.813	
------target--------
4
------result--------
2	
------details--------
0.572976 0.643115  0.56643 0.725622 0.573615 0.573346 0.568176 0.568176
0.575509 0.393282 0.574884 0.533682 0.575881 0.575721 0.576242 0.576242
3.22321e-06   0.0253909 1.26404e-05   0.0129973 1.69794e-06 2.45335e-06 2.61292e-05 2.61292e-05
------result2--------
4	8	
------details2--------
0.641032        0 0.729699 0.572513 0.572241 0.566953 0.566953 0.641032 0.717537 0.718458 0.642675 0.642478 0.718458 0.718458  0.56643 0.717537 0.724777 0.565954 0.565672  0.56643  0.56643 0.729699        0 0.724777  0.72538 0.725458 0.725622 0.725622 0.572513 0.642675 0.565954  0.72538        0 0.567706 0.567706 0.572241 0.642478 0.565672 0.725458 0.573346 0.567432 0.567432 0.566953 0.718458        0        0 0.567706 0.567432        0 0.566953 0.718458        0        0 0.567706 0.567432        0
0.394723 0.572976 0.534994 0.574786 0.574627 0.574994 0.574994 0.645837 0.636267 0.619645  0.64484 0.644548 0.619645 0.619645        0 0.301739        0 0.568263 0.568097        0        0 0.721114 0.725622 0.726088 0.726562 0.725987        0        0  0.57505 0.393229 0.574422 0.533295 0.573615  0.57578  0.57578 0.574783 0.393325 0.574151 0.533061        0 0.575508 0.575508 0.569549 0.301531 0.568176 0.568176 0.570005 0.569837 0.568176 0.569549 0.301531 0.568176 0.568176 0.570005 0.569837 0.568176
0.645837        0 0.721114  0.57505 0.574783 0.569549 0.569549 0.394723 0.301739 0.757557 0.393229 0.393325 0.301531 0.301531 0.574308 0.636267 0.726088 0.574422 0.574151 0.569142 0.569142 0.534994 0.619645        0 0.533295 0.533061        0        0 0.574786  0.64484 0.568263 0.726562        0 0.570005 0.570005 0.574627 0.644548 0.568097 0.725987  0.57541 0.569837 0.569837 0.574994 0.619645        0        0  0.57578 0.575508        0 0.574994 0.619645        0        0  0.57578 0.575508        0
0.391401 0.575509 0.531888 0.577325 0.577166 0.577965 0.577965 0.391401 0.406474 0.334213 0.393495 0.393183 0.442807 0.442807 0.575509 0.406474 0.548211 0.576703 0.576546 0.576242 0.576242 0.531888 0.334213 0.548211 0.535207 0.535091 0.576242 0.576242 0.577325 0.393495 0.576703 0.535207 0.575881 0.578065 0.578065 0.577166 0.393183 0.576546 0.535091 0.575881 0.577911 0.577911 0.577965 0.442807 0.576242 0.576242 0.578065 0.577911 0.576242 0.577965 0.442807 0.576242 0.576242 0.578065 0.577911 0.576242
  0.0254014 3.22321e-06   0.0130108 4.93264e-06 5.69651e-06  3.0268e-05  3.0268e-05   0.0254014   0.0269418   0.0406013   0.0253921   0.0253924   0.0309319   0.0309319 1.33065e-05   0.0269418    0.029288 1.43638e-05 1.51403e-05 2.70533e-05 2.70533e-05   0.0130108    0.040478    0.029288   0.0129984   0.0129988   0.0601601   0.0601601 4.93264e-06   0.0253921 1.43638e-05   0.0129984 1.69794e-06 2.78604e-05 2.78604e-05 5.69651e-06   0.0253924 1.51403e-05   0.0129988 2.48459e-06 2.86408e-05 2.86408e-05  3.0268e-05   0.0309319 2.61292e-05 2.61292e-05 2.78604e-05 2.86408e-05 2.61292e-05  3.0268e-05   0.0309319 2.61292e-05 2.61292e-05 2.78604e-05 2.86408e-05 2.61292e-05
