8	12	8	1
 0  0  0  0  0  0  0  3  6  0  0  9
 1  0  0 10  0  0  0  0  0  0  0  9
 0  0  0  0  0  5  0  3  0  0  0  0
 1  0  0  0  0  5  0  0  0  0  0  0
 0  0  0  0  4  0  2  3  6  7  0  0
 1 11  0  0  0  0  2  0  0  7  8  0
 0  0  0  0  4  0  2  3  0  0  0  0
 1  0 12  0  0  0  2  0  0  0  8  0
0.4	0.8	0.7	0.1	0.9	0.7	0.6	0.1	0.4	0.2	0.2	1	
0.508	0.618	0.386	0.681	0.46	0.099	0.148	0.201	
------target--------
5
------result--------
6	
------details--------
0.510325 0.510197 0.510063 0.510063 0.558709 0.552079 0.511049 0.511058
0.512987 0.512939 0.512622 0.512622 0.307631 0.245612 0.513518 0.513404
3.32972e-06 3.64533e-06 3.27677e-06 3.27677e-06   0.0196826   0.0224969 1.22379e-06 1.12218e-06
------result2--------
5	7	
------details2--------
        0  0.509051  0.509051  0.557937  0.551253  0.510044  0.510053  0.510197   0.50892   0.50892  0.557989  0.551282  0.509916  0.509924  0.509051   0.50892         0   0.55801  0.551275   0.50978  0.509789  0.509051   0.50892         0   0.55801  0.551275   0.50978  0.509789  0.557937  0.557989   0.55801   0.55801         0  0.558709  0.558547  0.551253  0.551282  0.551275  0.551275  0.556405  0.556405  0.551896  0.510044  0.509916   0.50978   0.50978         0  0.556405  0.510778  0.510053  0.509924  0.509789  0.509789  0.558547  0.551896  0.510778
 0.510325   0.51162   0.51162  0.306807  0.244996  0.512521  0.512406         0  0.511494  0.511494  0.306419  0.244636  0.512394   0.51228  0.511723  0.511676  0.510063  0.306151  0.244433  0.512261  0.512147  0.511723  0.511676  0.510063  0.306151  0.244433  0.512261  0.512147  0.559983  0.559731  0.559421  0.559421  0.558709         0  0.559948  0.553442  0.553212  0.552898  0.552898  0.520507  0.520507  0.553478  0.512709  0.512661  0.512344  0.512344  0.511049  0.233028  0.513127  0.512718   0.51267  0.512353  0.512353  0.307337  0.245383  0.513251
        0  0.511723  0.511723  0.559983  0.553442  0.512709  0.512718  0.512433  0.511676  0.511676  0.559731  0.553212  0.512661   0.51267   0.51162  0.511494         0  0.559421  0.552898  0.512344  0.512353   0.51162  0.511494         0  0.559421  0.552898  0.512344  0.512353  0.306807  0.306419  0.306151  0.306151  0.520507         0  0.307337  0.244996  0.244636  0.244433  0.244433  0.594765  0.233028  0.245383  0.512521  0.512394  0.512261  0.512261         0  0.520507  0.513251  0.512406   0.51228  0.512147  0.512147  0.559948  0.553478  0.513127
 0.512987  0.514292  0.514292   0.30901  0.246644  0.515186  0.515075  0.512987  0.514245  0.514245  0.309386  0.247029   0.51514  0.515028  0.514292  0.514245  0.512622  0.309171  0.246843  0.514821   0.51471  0.514292  0.514245  0.512622  0.309171  0.246843  0.514821   0.51471   0.30901  0.309386  0.309171  0.309171 0.0435726  0.513518   0.30992  0.246644  0.247029  0.246843  0.246843 0.0435726  0.428306  0.247406  0.515186   0.51514  0.514821  0.514821  0.513518  0.428306    0.5156  0.515075  0.515028   0.51471   0.51471   0.30992  0.247406    0.5156
3.32972e-06 6.63062e-06 6.63062e-06   0.0196847   0.0224991  4.5608e-06 4.45992e-06 3.66532e-06 6.95357e-06 6.95357e-06   0.0196847    0.022499 4.87803e-06 4.77776e-06 6.63062e-06 6.95357e-06 3.27677e-06   0.0196844   0.0224986 4.50989e-06    4.41e-06 6.63062e-06 6.95357e-06 3.27677e-06   0.0196844   0.0224986 4.50989e-06    4.41e-06   0.0196847   0.0196847   0.0196844   0.0196844   0.0487319   0.0578344   0.0196832   0.0224991    0.022499   0.0224986   0.0224986   0.0488694   0.0234718   0.0224975  4.5608e-06 4.87803e-06 4.50989e-06 4.50989e-06 1.22379e-06   0.0234718 2.34906e-06 4.45992e-06 4.77776e-06    4.41e-06    4.41e-06   0.0196832   0.0224975 2.34906e-06
