8	12	8	1
 0  0  5  0  1 12  0  0  0  0  0  9
 0  0  0  0  1  0  0  0  6  0  8  9
11  0  5  0  0  0  2  0  0  7  0  0
 0  0  0  0  0  0  2  0  0  0  8  0
 0  0  0  4  1  0  0  3  0  0  0  0
 0  0  0  0  1  0  0  3  6  0  0  0
 0 10  0  4  0  0  2  3  0  7  0  0
 0  0  0  0  0  0  2  3  0  0  0  0
0.9	0.8	0.7	0.6	0.2	0.1	0.5	1	0.4	0.2	0.5	0.9	
0.891	0.155	0.726	0.536	0.399	0.411	0.869	0.627	
------target--------
2
------result--------
1	
------details--------
0.886157 0.899324 0.800021 0.800185 0.799613 0.799662 0.799164 0.799856
0.385274 0.633896  0.80137 0.801962  0.80123 0.801301 0.801017 0.801338
  0.0917918   0.0501592 1.38788e-06 1.73222e-06  1.9623e-06 2.06879e-06 1.91572e-06 1.71949e-06
------result2--------
1	2	
------details2--------
0.898818 0.885863 0.895055 0.883108 0.887321 0.883114 0.883151        0 0.899179 0.899324 0.897334 0.897309 0.897467 0.897309 0.885863 0.899179 0.799616  0.79904  0.79909 0.798586 0.799286 0.895055        0 0.799616 0.799211 0.799245 0.798758 0.799456 0.883108 0.897334  0.79904 0.799211 0.799422        0 0.799613 0.887321        0  0.79909 0.799245 0.799422  0.79898 0.799662 0.883114 0.897467 0.798586 0.798758 0.799164  0.79898 0.799164 0.883151 0.897309 0.799286 0.799456        0        0        0
0.857326 0.886564 0.857117 0.888175 0.885263 0.887077 0.889257 0.899324 0.899524        0 0.900515 0.901164 0.899843 0.901164 0.386529  0.63388 0.801399 0.800666 0.800737 0.800452 0.800773 0.368168 0.800185 0.800971 0.800827 0.800908 0.800615 0.800932 0.391949 0.658527 0.800399 0.800976 0.800791 0.799613        0 0.383186 0.799662 0.800448 0.801073 0.800542  0.80024        0 0.393331 0.657672 0.799951 0.800529        0 0.800303        0 0.391297 0.658832 0.800641 0.801217 0.799856 0.799856 0.799856
0.904951 0.386529 0.368168 0.391949 0.383186 0.393331 0.391297 0.857326  0.63388 0.373907 0.658527 0.584774 0.657672 0.658832 0.886564 0.899524 0.800971 0.800399 0.800448 0.799951 0.800641 0.857117        0 0.801399 0.800976 0.801073 0.800529 0.801217 0.888175 0.900515 0.800666 0.800827 0.800542        0 0.800744 0.885263 0.901164 0.800737 0.800908 0.800791 0.800303 0.801047 0.887077 0.899843 0.800452 0.800615 0.800242  0.80024 0.800441 0.889257 0.901164 0.800773 0.800932        0        0        0
 0.15878 0.383508 0.461053 0.380899 0.386939 0.382827 0.379195  0.15878 0.633919 0.801962 0.614722 0.662262  0.62572 0.602581 0.383508 0.633919 0.802754 0.802018 0.802089 0.801805 0.802125 0.461053 0.801962 0.802754 0.802623 0.802661 0.802404 0.802736 0.380899 0.614722 0.802018 0.802623 0.801357  0.80123 0.801338 0.386939 0.662262 0.802089 0.802661 0.801357 0.801362 0.801338 0.382827  0.62572 0.801805 0.802404  0.80123 0.801362 0.801338 0.379195 0.602581 0.802125 0.802736 0.801338 0.801338 0.801338
   0.138761   0.0917931   0.0932666   0.0918275   0.0917973   0.0918103   0.0918433    0.138751   0.0501593   0.0855175   0.0505469   0.0512818   0.0503194   0.0507969   0.0917931   0.0501593 3.13179e-06 3.36302e-06 3.46996e-06 3.31807e-06 3.11717e-06   0.0932666 1.73222e-06 3.13179e-06  3.7081e-06 3.81862e-06 3.66376e-06 3.46177e-06   0.0918275   0.0505469 3.36302e-06  3.7081e-06 2.40708e-06  1.9623e-06 2.06111e-06   0.0917973   0.0245792 3.46996e-06 3.81862e-06 2.40708e-06 2.71139e-06 2.08527e-06   0.0918103   0.0503194 3.31807e-06 3.66376e-06 2.31344e-06 2.71139e-06 2.36055e-06   0.0918433   0.0507969 3.11717e-06 3.46177e-06 1.71949e-06 1.71949e-06 1.71949e-06
