8	12	8	1
 0  0 11  0  2  0  0  0  1  0 10  5
 0  0  0 12  2  3  0  0  1  0 10  0
 0  4 11  0  2  0  0  0  1  0  0  5
 0  4  0  0  2  3  0  0  1  0  0  0
 0  0  0  0  0  0  0  7  1  9  0  5
 8  0  0  0  0  3  0  7  1  0  0  0
 0  4  0  0  0  0  6  0  1  9  0  5
 8  4  0  0  0  3  6  0  1  0  0  0
0.2	0.1	0.6	0.8	0.4	1	0.7	1	0.5	1	0.6	1	
0.734	0.562	0.452	0.532	0.972	0.625	0.85	0.395	
------target--------
7
------result--------
5	
------details--------
0.287131  0.28731  0.28697 0.287578 0.524126 0.287523  0.52642 0.287367
0.288366 0.288606 0.288451  0.29039 0.226973 0.288666 0.230851 0.288981
9.29516e-07 8.93657e-07 1.33666e-06 9.60892e-07   0.0325365 4.66305e-07   0.0306584 1.09851e-06
------result2--------
5	4	
------details2--------
0.286712        0  0.28697 0.523229 0.286926 0.525732 0.286757 0.286712 0.286551 0.287161 0.523798 0.287105 0.526109 0.286949        0 0.286551  0.28697 0.525732 0.286757 0.525732 0.286757  0.28697 0.287161        0  0.52642 0.287367        0        0 0.523229 0.523798 0.525732  0.52642 0.523987        0 0.526397 0.286926 0.287105 0.286757 0.287367 0.523987 0.526397        0 0.525732 0.526109 0.525732  0.52642        0 0.526397 0.526397 0.286757 0.286949 0.286757 0.287367 0.526397        0 0.526397
0.288011 0.287131 0.289871 0.226665  0.28807 0.230716 0.288412  0.28795 0.288034 0.289972 0.226715 0.288251 0.230595 0.288565  0.28697  0.28785        0 0.226363 0.287937 0.226363 0.287937 0.288228 0.288458 0.287578 0.226696 0.288544 0.287578 0.287578 0.525083 0.524812 0.522616 0.487412 0.524762 0.524126  0.51648 0.288162 0.288403 0.288252 0.290233 0.226867 0.230856 0.287523 0.527149 0.527071 0.527149        0  0.52642 0.526522 0.526522 0.288017 0.288248 0.288017        0 0.226577 0.287367 0.226577
 0.28795        0 0.288228 0.525083 0.288162 0.527149 0.288017 0.288011  0.28785 0.288458 0.524812 0.288403 0.527071 0.288248 0.289871 0.288034 0.288228 0.522616 0.288252 0.527149 0.288017 0.289871 0.289972        0 0.487412 0.290233        0        0 0.226665 0.226715 0.226363 0.226696 0.226867        0 0.226577  0.28807 0.288251 0.287937 0.288544 0.524762 0.526522        0 0.230716 0.230595 0.226363 0.226696 0.487412 0.230856 0.226577 0.288412 0.288565 0.287937 0.288544  0.51648 0.290233 0.526522
 0.28925 0.288366 0.291012 0.227304 0.289314 0.230996 0.289611  0.28925 0.289335 0.291284 0.227519 0.289551 0.231391 0.289867 0.288366 0.289335  0.29039  0.22756 0.289384 0.235045 0.289666 0.291012 0.291284  0.29039  0.23211 0.291264  0.29039  0.29039 0.227304 0.227519  0.22756  0.23211 0.227461 0.226973  0.22837 0.289314 0.289551 0.289384 0.291264 0.227461 0.230826 0.288666 0.230996 0.231391 0.235045  0.29039 0.226973 0.230826 0.244955 0.289611 0.289867 0.289666  0.29039  0.22837 0.288666 0.244955
1.82714e-06 9.29516e-07  1.9154e-06   0.0325371 1.39919e-06   0.0306586 2.04507e-06 1.82714e-06 2.23559e-06 1.85719e-06   0.0325369 1.36277e-06   0.0306587 1.99723e-06 1.48601e-06 2.23559e-06 1.87415e-06   0.0325383 1.81339e-06   0.0307014 2.23853e-06  1.9154e-06 1.85719e-06 9.60892e-07   0.0325742 1.44934e-06 9.60892e-07 9.60892e-07   0.0325371   0.0325369   0.0325383   0.0325742   0.0325366   0.0325365   0.0325448 1.39919e-06 1.36277e-06 1.81339e-06 1.44934e-06   0.0325366   0.0306584 4.66305e-07   0.0306586   0.0306587   0.0307014   0.0311934    0.032571   0.0306584   0.0307941 2.04507e-06 1.99723e-06 2.23853e-06 1.43183e-06   0.0325448 1.31173e-06   0.0307941
