8	12	8	1
 1  2  0 12  0  0  0  5  0  0  0  0
 1  0  3  0  0  0  0  5  0  7  0  0
 1  2  0  0  0  0  0  0  0  0  0  0
 1  0  3  0 11  0  0  0  0  7  0  9
 0  2  0  0  0  4  0  0  0  0  0  0
 0  0  3  0  0  4  0  0  6  0  0  0
 0  2  0  0  0  4  0  0  0  0  8  0
 0  0  3  0  0  4 10  0  6  0  8  9
0.4	0.4	0.2	0.9	0.1	0.8	0.5	0.1	0.2	0.7	1	0.6	
0.38	0.112	0.797	0.731	0.559	0.092	0.182	0.826	
------target--------
5
------result--------
6	
------details--------
 0.440216  0.444252   0.44061  0.444089   0.66555  0.632138  0.657713  0.610582
 0.449602  0.446717  0.453312  0.446619  0.254377 0.0269216  0.299231  0.319145
4.41485e-05 8.75525e-07 6.87965e-05 1.55867e-06   0.0874217    0.194742   0.0636543   0.0425675
------result2--------
6	5	
------details2--------
  0.440022   0.440216   0.439854    0.66144   0.660906   0.653579   0.638635   0.440022   0.440416          0   0.665459   0.631991   0.657615   0.610416          0   0.440416    0.44025          0   0.665005          0   0.642454   0.439854   0.444089    0.44025   0.665588   0.631984   0.657743   0.610394    0.66144   0.665459    0.66555   0.665588          0          0          0   0.660906   0.631991   0.665005   0.631984   0.665005   0.657139          0   0.653579   0.657615   0.657713   0.657743   0.657713   0.657139          0   0.638635   0.610416   0.642454   0.610394   0.642454   0.610582   0.642454
  0.442517          0   0.442414          0  0.0241936   0.140241   0.308461   0.449409   0.453118   0.444252   0.254345  0.0269374   0.299169   0.319083    0.44061   0.442909   0.442802    0.44061  0.0238663    0.44061   0.307814   0.449237          0   0.452936   0.254429  0.0270192   0.299197   0.319123   0.681145   0.666625          0   0.665317    0.66555    0.66555    0.66555   0.600896    0.63389   0.568933   0.633079   0.568933   0.598112   0.632138   0.673551   0.658875          0   0.657538          0   0.688559   0.657713   0.581362    0.61256   0.552805   0.611726   0.552805          0   0.552805
  0.449409   0.442065   0.449237   0.681145   0.600896   0.673551   0.581362   0.442517   0.442909          0   0.666625    0.63389   0.658875    0.61256          0   0.453118   0.452936          0   0.568933          0   0.552805   0.442414   0.446497   0.442802   0.665317   0.633079   0.657538   0.611726          0   0.254345          0   0.254429   0.568933          0   0.552805  0.0241936  0.0269374  0.0238663  0.0270192   0.695006   0.688559          0   0.140241   0.299169   0.140635   0.299197   0.721064   0.598112   0.552805   0.308461   0.319083   0.307814   0.319123    0.70011    0.66779   0.690749
  0.451926   0.453312   0.451881    0.38652   0.031267   0.398353   0.333867   0.451926   0.455667   0.446717   0.254755  0.0267317   0.299974   0.319893   0.453312   0.455667   0.455674   0.453312  0.0382781   0.453312   0.351192   0.451881   0.446717   0.455674   0.254051   0.026315   0.299442   0.319283    0.38652   0.254755   0.453312   0.254051 0.00834071   0.254377    0.13587   0.031267  0.0267317  0.0382781   0.026315 0.00834071  0.0107429  0.0269216   0.398353   0.299974   0.453312   0.299442   0.254377  0.0107429    0.21156   0.333867   0.319893   0.351192   0.319283    0.13587  0.0269216    0.21156
4.50525e-05 6.96072e-05  4.5792e-05     0.15633    0.196144   0.0877393   0.0435147 4.50525e-05 6.97042e-05 8.75525e-07   0.0874218    0.194743   0.0636545   0.0425678 6.87965e-05 6.97042e-05 7.04545e-05 6.87965e-05    0.197985 6.87965e-05   0.0446936  4.5792e-05 1.56206e-06 7.04545e-05   0.0874217    0.194743   0.0636543   0.0425677     0.15633   0.0874218    0.184529   0.0874217    0.216482   0.0874217    0.134325    0.196144    0.194743    0.197985    0.194743    0.216499    0.211848    0.194742   0.0877393   0.0636545   0.0997797   0.0636543   0.0878856    0.211848   0.0934736   0.0435147   0.0425678   0.0446936   0.0425677     0.13516    0.195889   0.0939313
