8	12	8	1
 0  0  1  2  0  0  0  0  0  0  0  0
 0  0  1  2  4  0  0  6  0  0  0  0
 5  0  1  0  0  0  9  0  0  0  0  0
 5 11  1  0  0  0  0  6  0  0  8  0
 0  0  0  2  0  3  0  0  7  0  0 12
 0  0  0  2  4  3  0  0  7 10  0  0
 0  0  0  0  0  3  0  0  0  0  0  0
 0  0  0  0  0  3  0  0  0  0  8  0
0.7	0.5	0.2	0.9	0.3	0.9	0.9	0.5	0.2	0.6	0.9	1	
0.991	0.591	0.278	0.175	0.344	0.855	0.615	0.601	
------target--------
8
------result--------
4	
------details--------
0.419193 0.417926 0.420342 0.563124 0.412902 0.412597 0.415678 0.645081
0.421782 0.421999 0.422899 0.201565 0.422174 0.421953 0.426458 0.306346
3.23107e-06 7.05478e-06 1.99097e-06    0.067267 2.22246e-05 1.93584e-05 5.94555e-05   0.0528171
------result2--------
8	7	
------details2--------
       0 0.418725 0.552841        0        0 0.413377   0.6416 0.417926 0.417455        0 0.411342 0.411067  0.41177 0.641231 0.418725 0.417455  0.56273 0.412427  0.41212 0.415209 0.644925 0.552841 0.552841  0.56273 0.634737 0.633205 0.641032 0.641032 0.412902 0.411342 0.412427 0.634737 0.412172 0.412902 0.638975 0.412597 0.411067  0.41212 0.633205 0.412172 0.412597 0.637387 0.413377  0.41177 0.415209 0.641032        0        0        0   0.6416 0.641231 0.644925        0 0.638975 0.637387 0.645081
0.419193 0.421288 0.258925 0.419193 0.419193 0.424771 0.316708        0 0.420027 0.417926 0.422133  0.42122 0.423757 0.316493 0.421318 0.421535 0.201466 0.421707 0.421486 0.425987 0.306059 0.568402 0.568402 0.564898 0.553977  0.55582 0.497772 0.497772        0 0.418249  0.41501 0.219878 0.414379        0        0        0 0.417872 0.414706 0.219638 0.414356        0        0 0.416928 0.417138 0.417781 0.164083 0.415678 0.415678 0.415678 0.646972 0.646512 0.645776 0.645081 0.647482 0.647444        0
       0 0.421318 0.568402        0        0 0.416928 0.646972 0.423613 0.421535 0.568402 0.418249 0.417872 0.417138 0.646512 0.421288 0.420027 0.564898  0.41501 0.414706 0.417781 0.645776 0.258925 0.100859 0.201466 0.219878 0.219638 0.164083 0.663354 0.423238 0.422133 0.421707 0.553977 0.414356 0.416766 0.647482 0.422372  0.42122 0.421486  0.55582 0.414379 0.416619 0.647444 0.424771 0.423757 0.425987 0.497772        0        0        0 0.316708 0.316493 0.306059 0.497772        0        0        0
0.421782 0.423885 0.157281 0.421782 0.421782 0.427606 0.299723 0.421782 0.424106 0.230353 0.422185 0.422167 0.427709 0.301904 0.423885 0.424106 0.202015 0.424288 0.424066 0.428597 0.307652 0.157281 0.230353 0.202015 0.196972 0.197962 0.265235 0.116409 0.421782 0.422185 0.424288 0.196972 0.422399 0.426458  0.33258 0.421782 0.422167 0.424066 0.197962 0.422399 0.426458 0.327763 0.427606 0.427709 0.428597 0.265235 0.426458 0.426458 0.426458 0.299723 0.301904 0.307652 0.116409  0.33258 0.327763 0.426458
3.23107e-06 5.23482e-06   0.0704167 3.23107e-06 3.23107e-06 6.44443e-05   0.0529286 7.56314e-06 9.06807e-06    0.042105 2.47629e-05 2.16804e-05  6.8904e-05   0.0528911 5.23482e-06 9.06807e-06   0.0672679 2.42526e-05 2.13853e-05 6.14977e-05   0.0528177   0.0704167   0.0713313   0.0672679   0.0681869   0.0679851   0.0764303    0.112708 2.29538e-05 2.47629e-05 2.42526e-05   0.0681869 2.56343e-05 6.27166e-05    0.072904 1.94875e-05 2.16804e-05 2.13853e-05   0.0679851 2.56343e-05 6.25868e-05   0.0693151 6.44443e-05  6.8904e-05 6.14977e-05   0.0764303 5.94555e-05 5.94555e-05 5.94555e-05   0.0529286   0.0528911   0.0528177    0.112653    0.072904   0.0693151    0.136256
