8	12	8	1
 0  0  1  0  5  0  0  4  0  0  0  0
 0  0  1  8  0  0  0  4  0  0  0  0
 2  0  1  0  0  0  0  4  0  0  0  0
 2  0  1  0  0  0  0  4  0 10  0  0
 0  6  1  0  5  3  0  0  0  0  0 12
 0  0  1  8  0  3  0  0  0  0 11  0
 2  6  1  0  0  3  7  0  9  0  0  0
 2  0  1  0  0  3  7  0  0  0  0  0
0.4	0.9	0.2	0.8	1	0.9	0.5	0.9	0.9	0.4	1	0.5	
0.351	0.345	0.978	0.167	0.542	0.95	0.986	0.997	
------target--------
1
------result--------
5	
------details--------
0.779044 0.593905 0.594138 0.594069 0.704835 0.598009  0.59765 0.598066
0.518492 0.600648 0.601463 0.601246 0.394318 0.598851 0.598893 0.599127
  0.0316217 2.04611e-05 2.68452e-05 2.52635e-05   0.0450089 3.54416e-07 6.82705e-07 5.71084e-07
------result2--------
1	3	
------details2--------
 0.77498 0.779044 0.778216        0 0.775293 0.778994 0.779022  0.77498 0.593905 0.593839 0.767993        0 0.593031 0.593451        0        0        0 0.771882 0.593273 0.593266 0.593686 0.778216 0.593839 0.594069 0.771084 0.593205 0.593196 0.593616 0.771882 0.767993 0.771882 0.771084 0.697641 0.704175 0.704495 0.775293 0.593273 0.593273 0.593205 0.697641 0.597141 0.597559 0.778994 0.593031 0.593266 0.593196 0.704175 0.597141  0.59765 0.779022 0.593451 0.593686 0.593616 0.704495 0.597559        0
0.794339        0 0.793661 0.779044 0.781232 0.779065 0.779072        0        0 0.595073 0.335015 0.593905 0.594287 0.594523 0.594138 0.594138 0.594138 0.332597  0.59464  0.59452 0.594755        0 0.594918        0 0.333106  0.59457 0.594451 0.594686 0.666362 0.679299 0.666362 0.669939 0.709719 0.705125   0.7053 0.528323 0.600775 0.600775 0.600582 0.402022 0.598389 0.598623 0.517912 0.599773 0.600586 0.600369 0.394581 0.597989        0 0.518192 0.600195 0.601008 0.600791 0.394458 0.598404 0.598066
       0        0        0 0.666362 0.528323 0.517912 0.518192 0.794339 0.594995 0.594918 0.679299 0.600775 0.599773 0.600195        0        0        0 0.666362 0.600775 0.600586 0.601008 0.793661 0.595073 0.595341 0.669939 0.600582 0.600369 0.600791 0.804536 0.335015 0.332597 0.333106 0.402022 0.394581 0.394458 0.781232 0.594459  0.59464  0.59457 0.709719 0.597989 0.598404 0.779065 0.594287  0.59452 0.594451 0.705125 0.598389 0.598532 0.779072 0.594523 0.594755 0.594686   0.7053 0.598623        0
0.580473 0.601463 0.595994  0.29385 0.511501 0.518748 0.518903 0.580473 0.601463  0.60142 0.429419 0.600574 0.601035 0.601272 0.601463 0.601463 0.601463 0.450358 0.601969 0.601851 0.602089 0.595994  0.60142 0.601463  0.44429 0.601731 0.601635 0.601872  0.29385 0.429419 0.450358  0.44429 0.389292 0.394201 0.394124 0.511501 0.600574 0.601969 0.601731 0.389292 0.599233 0.599466 0.518748 0.601035 0.601851 0.601635 0.394201 0.599233 0.599127 0.518903 0.601272 0.602089 0.601872 0.394124 0.599466 0.599127
  0.0905362    0.109784     0.10479   0.0788121   0.0317243   0.0316219   0.0316218   0.0905362  2.7012e-05 2.68048e-05   0.0491396 2.04746e-05 2.11626e-05  2.1048e-05 2.68452e-05 2.68452e-05 2.68452e-05   0.0516752 2.76416e-05 2.75476e-05 2.74329e-05     0.10479 2.68048e-05 2.69148e-05   0.0509632 2.60211e-05 2.59668e-05  2.5852e-05   0.0789785   0.0491396   0.0516752   0.0509632   0.0450921   0.0450092   0.0450091   0.0317243 2.07045e-05 2.76416e-05 2.60211e-05   0.0450921 1.03952e-06 9.27527e-07   0.0316219 2.11626e-05 2.75476e-05 2.59668e-05   0.0450092 1.03952e-06 8.04326e-07   0.0316218  2.1048e-05 2.74329e-05  2.5852e-05   0.0450091 9.27527e-07 5.71084e-07
