8	12	8	1
 9  0  0  0  0  0  7  0  0  2  1  0
 0  0  0  4  5  0  7  0  0  0  1  0
 9 10  0  0  0  0  0  8  3  2  1  0
 0 10  0  4  0  0  0  0  3  0  1  0
 0  0  0  0  0  6  0  0  0  2  1  0
 0  0 11  0  5  6  0  0  0  0  1  0
 0  0  0  0  0  0  0  8  3  2  1  0
 0  0 11  0  0  0  0  0  3  0  1 12
0.1	0.4	0.3	0.9	0.4	0.6	0.6	0.7	0.5	0.5	0.5	0.4	
0.893	0.669	0.486	0.551	0.616	0.109	0.629	0.339	
------target--------
3
------result--------
4	
------details--------
0.495258 0.495359 0.573749 0.553242 0.495558 0.495496 0.494957 0.495957
0.497732 0.497909  0.43958  0.35402 0.498007  0.49798 0.498774  0.49821
2.96079e-06 2.98764e-06  0.00881175   0.0163953 2.47681e-06 2.64769e-06 6.58067e-06 1.21996e-06
------result2--------
4	7	
------details2--------
0.495258        0 0.552679 0.494536 0.494473 0.493925 0.494938        0 0.572203 0.551565 0.494639 0.494577 0.494052 0.495041 0.572203 0.572203        0 0.573386 0.573383 0.573749 0.573669 0.552679 0.551565        0 0.552703 0.552673 0.572369 0.553052 0.494536 0.494639 0.573386 0.552703        0 0.494237 0.495218 0.494473 0.494577 0.573383 0.552673 0.495496 0.494174        0 0.493925 0.494052        0 0.572369 0.494237 0.494174 0.494639 0.494938 0.495041 0.573669 0.553052 0.495218 0.495218 0.494639
       0 0.495258 0.353615 0.496999 0.496972 0.497776 0.497207 0.495359 0.442046 0.355166   0.4971 0.497072 0.497838 0.497306   0.5763   0.5763 0.573749 0.574619 0.574544        0 0.574236 0.554046  0.55625 0.553242 0.554546 0.554487 0.520879 0.554402 0.497022 0.497198 0.439043 0.353761 0.495558 0.498061 0.497557 0.496961 0.497137 0.438996 0.353741        0    0.498 0.495496 0.496434 0.496575 0.494957 0.327063 0.496699 0.496671 0.496905 0.497419 0.497596 0.439344 0.353916 0.497714 0.497714  0.49846
0.496512   0.5763 0.554046 0.497022 0.496961 0.496434 0.497419        0   0.5763  0.55625 0.497198 0.497137 0.496575 0.497596 0.433412 0.442046 0.523516 0.439043 0.438996 0.352182 0.439344 0.353615 0.355166        0 0.353761 0.353741 0.327063 0.353916 0.496999   0.4971 0.574619 0.554546        0 0.496699 0.497714 0.496972 0.497072 0.574544 0.554487 0.497591 0.496671 0.497714 0.497776 0.497838        0 0.520879 0.498061    0.498  0.49846 0.497207 0.497306 0.574236 0.554402 0.497557 0.497549 0.496905
0.497909 0.447649 0.354617 0.499483 0.499456 0.500233 0.499689 0.497909 0.434865  0.35196 0.499658  0.49963 0.500468 0.499861 0.447649 0.434865  0.35402 0.440903 0.440883 0.498774 0.441055 0.354617  0.35196  0.35402 0.354661 0.354645 0.424596 0.354674 0.499483 0.499658 0.440903 0.354661 0.498007 0.500531 0.500048 0.499456  0.49963 0.440883 0.354645 0.498007 0.500503 0.499156 0.500233 0.500468 0.498774 0.424596 0.500531 0.500503 0.500738 0.499689 0.499861 0.441055 0.354674 0.500048 0.499156 0.500738
3.13765e-06  0.00323677   0.0163961  5.4649e-06 5.63894e-06 9.58225e-06 4.19828e-06 2.98764e-06  0.00882879   0.0164041 5.48621e-06 5.65933e-06 9.59332e-06 4.22083e-06  0.00887348  0.00882879   0.0172751  0.00881285  0.00881289   0.0149303  0.00881219   0.0163961   0.0164041   0.0163953   0.0163964   0.0163964   0.0184599   0.0163957  5.4649e-06 5.48621e-06  0.00881285   0.0163964 2.47681e-06 9.08837e-06 3.78899e-06 5.63894e-06 5.65933e-06  0.00881289   0.0163964 2.65441e-06 9.26244e-06 2.84267e-06 9.58225e-06 9.59332e-06 6.58067e-06   0.0184599 9.08837e-06 9.26244e-06 7.81942e-06 4.19828e-06 4.22083e-06  0.00881219   0.0163957 3.78899e-06 3.62883e-06 7.81942e-06
