8	12	8	1
 5  0  1  2  0  0  0  0  0  0  0  4
 0 10  1  0  0  0  0  0  0  7  0  4
 5  0  1  2  9  0  0  0  0  0  0  0
 0  0  1  0  9  0  0  0  0  7  0  0
 0  0  0  2  0  0  3  6  0  0  0  4
 0  0  0  0  0  0  3  0 12  0  0  4
 0  0  0  2  0  0  3  6  0  0  8  0
 0  0  0  0  0 11  3  0  0  0  8  0
0.6	0.1	0.4	0.2	0.5	0.5	1	0.5	1	0.7	0.1	0.7	
0.975	0.526	0.526	0.06	0.199	0.47	0.265	0.313	
------target--------
3
------result--------
4	
------details--------
 0.462456  0.464985  0.569055  0.537479   0.46488  0.464289   0.46482  0.464737
 0.468313  0.467377  0.386377 0.0881305  0.467295  0.466912  0.467271  0.467129
1.70808e-05 5.43559e-07   0.0165078   0.0635358 9.88495e-07 2.96202e-06  1.2381e-06 1.49427e-06
------result2--------
1	4	
------details2--------
 0.462334         0  0.569055  0.462227  0.461629  0.462166  0.462081  0.462334  0.569131  0.537453   0.46476  0.464168    0.4647  0.464616  0.569055  0.569131         0   0.56898  0.568552   0.56902  0.569006  0.569055  0.537453         0   0.53732  0.536778  0.537307  0.537255  0.462227   0.46476   0.56898   0.53732  0.464063         0  0.464503  0.461629  0.464168  0.568552  0.536778  0.464063  0.464002  0.463918  0.462166    0.4647   0.56902  0.537307   0.46482  0.464002         0  0.462081  0.464616  0.569006  0.537255  0.464503  0.463918  0.464503
 0.464745  0.462456 0.0691824  0.464667  0.464274  0.464642  0.464498  0.468192  0.386278 0.0881251  0.467179  0.466794  0.467156  0.467013         0  0.567642  0.569055  0.569773  0.570159  0.569321  0.569322  0.504124   0.53798  0.537479  0.539031   0.53903  0.538788  0.538711  0.468088  0.467158  0.386214 0.0881292  0.466688   0.46488  0.466928  0.467495  0.466573  0.385786 0.0881096  0.466485  0.466462  0.466319  0.468027  0.467103  0.386164 0.0881265         0  0.466629   0.46482  0.467943  0.467022  0.386103 0.0881264   0.46697  0.466546   0.46697
 0.468192         0  0.504124  0.468088  0.467495  0.468027  0.467943  0.464745  0.567642   0.53798  0.467158  0.466573  0.467103  0.467022 0.0691824  0.386278  0.504124  0.386214  0.385786  0.386164  0.386103 0.0691824 0.0881251         0 0.0881292 0.0881096 0.0881265 0.0881264  0.464667  0.467179  0.569773  0.539031  0.466485         0   0.46697  0.464274  0.466794  0.570159   0.53903  0.466688  0.466629  0.466546  0.464642  0.467156  0.569321  0.538788  0.467174  0.466462   0.46697  0.464498  0.467013  0.569322  0.538711  0.466928  0.466319   0.46688
 0.470668  0.468313  0.138151  0.470537  0.470143  0.470523  0.470378  0.470668  0.388308 0.0882371  0.469582  0.469197  0.469561  0.469419  0.468313  0.388308 0.0881305  0.387984  0.387698   0.38802  0.387905  0.138151 0.0882371 0.0881305 0.0881433 0.0881773 0.0881618 0.0881535  0.470537  0.469582  0.387984 0.0881433  0.469116  0.467295  0.469378  0.470143  0.469197  0.387698 0.0881773  0.469116  0.469092   0.46895  0.470523  0.469561   0.38802 0.0881618  0.467295  0.469092  0.467952  0.470378  0.469419  0.387905 0.0881535  0.469378   0.46895  0.467952
 1.7647e-05 1.70808e-05   0.0661903 1.80933e-05 2.00961e-05 1.83536e-05 1.86168e-05  1.7647e-05   0.0165082   0.0635358  1.5352e-06 3.51155e-06 1.78735e-06 2.04448e-06   0.0541837   0.0165082   0.0653139   0.0165082   0.0165093   0.0165083   0.0165084   0.0661903   0.0635358   0.0635358   0.0635362   0.0635376   0.0635361   0.0635362 1.80933e-05  1.5352e-06   0.0165082   0.0635362 3.95783e-06 9.88495e-07 2.52325e-06 2.00961e-05 3.51155e-06   0.0165093   0.0635376 3.95783e-06 4.21024e-06 4.46852e-06 1.83536e-05 1.78735e-06   0.0165083   0.0635361 1.23864e-06 4.21024e-06 1.28592e-06 1.86168e-05 2.04448e-06   0.0165084   0.0635362 2.52325e-06 4.46852e-06  2.4473e-06
