8	12	8	1
 0  0  0  1  0  0  0  6  7  0  4  9
 0  0  0  1  0  2  0  0  0  0  4  9
 0  0  0  1  0  0  3  6  0  0  0  0
 0  0  0  1  0  2  3  0  0  0  0  0
 0  8  0  0  5  0  0  0  7 10  4  0
11  0  0  0  5  2  0  0  0  0  4  0
 0  8  0  0  0  0  3  0  0  0  0  0
 0  0 12  0  0  2  3  0  0  0  0  0
0.6	0.5	0.8	0.3	0.5	0.6	0.3	0.3	0.2	0.7	0.4	0.7	
0.525	0.859	0.266	0.58	0.448	0.439	0.046	0.982	
------target--------
1
------result--------
2	
------details--------
0.614913 0.610626 0.467874 0.468158 0.467942 0.468049 0.468114 0.467054
0.376064 0.366702 0.470851 0.470505 0.470426  0.47051 0.470483 0.469762
  0.0273635   0.0292781 3.18941e-06 1.60258e-06 2.34159e-06 2.02831e-06 1.75234e-06 3.62842e-06
------result2--------
1	2	
------details2--------
       0 0.614718 0.614718 0.614637 0.614713 0.614712 0.614443        0 0.614718 0.610138 0.610317 0.610392 0.610132 0.609886        0 0.614718 0.467874 0.467234 0.467348  0.46783 0.466779 0.614718 0.610138        0 0.467519 0.467633        0        0 0.614637 0.610317 0.467234 0.467519 0.467417 0.467519 0.466412 0.614713 0.610392 0.467348 0.467633 0.467417 0.467589 0.466524 0.614712 0.610132  0.46783 0.468114        0 0.467589 0.467012 0.614443 0.609886 0.466779 0.467054 0.466412 0.466524 0.467012
0.614913 0.615776 0.615776 0.615719 0.615646 0.615709 0.615273 0.610626   0.5979 0.612894  0.61153 0.611489 0.612677 0.611201 0.467874 0.364757        0 0.469742  0.46982 0.469952 0.469129 0.377037 0.366668 0.468158 0.470024 0.470102 0.468158 0.468158 0.375686 0.366345 0.470231 0.469895 0.469886 0.469895 0.469136 0.375771 0.366413 0.470334 0.469991 0.469909 0.469968 0.469243 0.377004  0.36664 0.471846        0 0.468114 0.470059 0.469376 0.376119 0.365924   0.4707        0  0.46892 0.469003 0.469065
0.555876 0.364757 0.377037 0.375686 0.375771 0.377004 0.376119        0 0.364757 0.366668 0.366345 0.366413  0.36664 0.365924 0.615776   0.5979 0.471893 0.470231 0.470334 0.471846   0.4707 0.615776 0.612894        0 0.469895 0.469991        0        0 0.615719  0.61153 0.469742 0.470024 0.469909 0.470005  0.46892 0.615646 0.611489  0.46982 0.470102 0.469886 0.470059 0.469003 0.615709 0.612677 0.469952 0.470248 0.469895 0.469968 0.469065 0.615273 0.611201 0.469129 0.469422 0.469136 0.469243 0.469376
0.366702 0.407347 0.371329  0.37719 0.377165 0.371989  0.37602 0.366702 0.373319 0.366867 0.367768 0.367791 0.366967  0.36732 0.407347 0.373319 0.470505 0.472752 0.472813  0.47053 0.470874 0.371329 0.366867 0.470505 0.472394  0.47246 0.470505 0.470505  0.37719 0.367768 0.472752 0.472394  0.47238 0.471786 0.471636 0.377165 0.367791 0.472813  0.47246  0.47238 0.472438 0.471715 0.371989 0.366967  0.47053 0.470505 0.471786 0.472438 0.470552  0.37602  0.36732 0.470874 0.470505 0.471636 0.471715 0.470552
  0.0294814   0.0278225   0.0273696   0.0273642    0.027364   0.0273686   0.0273636   0.0292781   0.0293398    0.029279   0.0292788   0.0292786    0.029279    0.029279  0.00434279   0.0293398 3.35839e-06 5.58032e-06 5.23982e-06 3.47876e-06  5.3038e-06   0.0273696    0.029279 1.60258e-06 3.98084e-06 3.64426e-06 1.60258e-06 1.60258e-06   0.0273642   0.0292788 5.58032e-06 3.98084e-06 4.38404e-06 3.87035e-06 6.00685e-06    0.027364   0.0292786 5.23982e-06 3.64426e-06 4.38404e-06 3.79506e-06 5.68137e-06   0.0273686    0.029279 3.47876e-06  1.7544e-06 2.04824e-06 3.79506e-06 4.04463e-06   0.0273636    0.029279  5.3038e-06 3.91246e-06 6.00685e-06 5.68137e-06 4.04463e-06
