8	12	8	1
 0  0  1  0  0  3  6  0  4  0  0  0
 0 11  1  2  0  0  0  7  4  0  0  0
 0  0  1  0  0  3  6  0  4  0  9  0
 0  0  1  2  8  0  0  7  4  0  0  0
 0  0  1  0  0  3  0  0  0  0  0  5
10  0  1  2  0  0  0  0  0 12  0  5
 0  0  1  0  0  3  0  0  0  0  9  5
10  0  1  2  8  0  0  0  0  0  0  5
0.5	0.5	1	0.6	0.8	0.2	0.9	0.7	0.9	0.4	1	0.6	
0.759	0.551	0.558	0.799	0.406	0.321	0.331	0.545	
------target--------
8
------result--------
6	
------details--------
0.454345 0.455071 0.453349 0.452453 0.454058 0.524329 0.453245 0.564931
0.457095 0.457534 0.456512  0.45929 0.460861 0.355113 0.457526 0.402904
3.79503e-06 2.13962e-06 4.06034e-06 2.34351e-05 1.65601e-05   0.0140529 9.11619e-06   0.0116097
------result2--------
6	5	
------details2--------
0.453781        0 0.451151 0.452781 0.523211 0.451534 0.564184 0.453781  0.45278 0.451887 0.453496 0.523931  0.45268 0.564799 0.453349  0.45278 0.450219 0.451534 0.521624        0 0.562764 0.451151 0.451887 0.450219 0.450342 0.560017 0.449531        0 0.452781 0.453496 0.451534 0.450342        0        0        0 0.523211 0.523931 0.521624 0.560017 0.524329 0.523099 0.560017 0.451534  0.45268        0 0.449531 0.453245 0.523099 0.563719 0.564184 0.564799 0.562764 0.564931 0.564931        0 0.563719
0.456257 0.454345 0.458001 0.459561 0.353909 0.456133 0.401717 0.456539 0.455955 0.458728 0.460298 0.354827 0.456968  0.40245        0 0.455263 0.456912 0.458583 0.361878 0.453349 0.403898  0.45393 0.454373 0.453312 0.459218  0.32312 0.454731 0.452453 0.455517 0.455971 0.454989  0.45826 0.454058 0.454058 0.454058 0.525602 0.525677 0.525325 0.489731        0 0.526005 0.489731  0.45475 0.455161 0.453245  0.45742        0 0.215649   0.3726 0.565777 0.565377 0.565722        0        0 0.564931 0.566572
0.456539        0  0.45393 0.455517 0.525602  0.45475 0.565777 0.456257 0.455263 0.454373 0.455971 0.525677 0.455161 0.565377  0.45544 0.455955 0.453312 0.454989 0.525325  0.45475 0.565722 0.458001 0.458728 0.456912  0.45826 0.489731  0.45742        0 0.459561 0.460298 0.458583 0.459218        0        0        0 0.353909 0.354827 0.361878  0.32312 0.215727 0.215649 0.608455 0.456133 0.456968 0.458583 0.454731 0.455163 0.526005 0.566572 0.401717  0.40245 0.403898 0.278301 0.372752 0.489731   0.3726
0.459014 0.457095 0.460774 0.462343 0.356494 0.459493 0.404266 0.459014  0.45843 0.461232 0.462815 0.356104 0.459452 0.404469 0.457095  0.45843  0.46022 0.461891 0.352296 0.457369 0.402507 0.460774 0.461232  0.46022 0.462882 0.402898 0.460816  0.45929 0.462343 0.462815 0.461891 0.462882 0.460861 0.460861 0.460861 0.356494 0.356104 0.352296 0.402898 0.460861 0.401134  0.33269 0.459493 0.459452 0.457369 0.460816 0.460861 0.401134 0.421468 0.404266 0.404469 0.402507  0.45929 0.460861  0.33269 0.421468
5.95534e-06 3.79503e-06 2.73018e-05  2.0346e-05    0.014056 1.44905e-05   0.0116124 5.95534e-06 6.22497e-06 2.56292e-05 1.87383e-05   0.0140538   1.129e-05   0.0116107 4.96836e-06 6.22497e-06 2.75775e-05  2.1298e-05    0.014073 6.25507e-06   0.0116114 2.73018e-05 2.56292e-05 2.75775e-05 4.23226e-05    0.016873 3.32992e-05 2.34351e-05  2.0346e-05 1.87383e-05  2.1298e-05 4.23226e-05 1.65601e-05 1.65601e-05 1.65601e-05    0.014056   0.0140538    0.014073    0.016873   0.0275404   0.0200759   0.0203048 1.44905e-05   1.129e-05 9.30205e-06 3.32992e-05 1.79526e-05   0.0200759   0.0124027   0.0116124   0.0116107   0.0116114    0.021746   0.0140462    0.020162   0.0124027
