8	12	8	1
 1  0  0  0  0  0  0  0  0  0  0  0
 1  0  5  0  0  0  3  7  0  0  0  0
 0  0  0  0  9  0  0  0  8  4  0  0
 0  0  0  0  9  0  3  7  0  4  0  0
 1  0  0  0  0  2  0  0  0  0  0 12
 1  0  5  6  0  2  3  0  0  0  0  0
 0 11  0  0  0  2  0  0  8  4 10  0
 0  0  0  6  0  2  3  0  0  4 10  0
0.2	0.5	0.2	0.7	0.1	0.9	0.1	0.6	0.8	1	0.9	0.5	
0.171	0.503	0.45	0.651	0.066	0.952	0.633	0.337	
------target--------
8
------result--------
7	
------details--------
0.613809 0.613265 0.613728 0.613146 0.613752 0.610655 0.726483 0.775817
0.615684 0.615366 0.615452 0.615322 0.615697 0.617266 0.424103 0.495602
2.60088e-07 1.92267e-06 4.96794e-07 2.22858e-06 4.81965e-07 2.30375e-05   0.0449325   0.0418116
------result2--------
8	6	
------details2--------
       0 0.613659 0.613064        0        0 0.726216 0.775695 0.613265 0.613064        0 0.613208 0.610114  0.72593 0.775658 0.613659 0.613064        0 0.613602 0.610502 0.726448 0.775946 0.613064 0.613064        0 0.613006 0.609909 0.726196 0.775956 0.613752 0.613208 0.613602 0.613006 0.610597 0.726188 0.775699 0.610655 0.610114 0.610502 0.609909 0.610597 0.767593        0 0.726216  0.72593 0.726448 0.726196 0.726188 0.767593 0.767717 0.775695 0.775658 0.775946 0.775956 0.775699 0.775695        0
0.613809 0.615384 0.615265 0.613809 0.613809 0.424387 0.497176        0 0.615067 0.613265 0.615168 0.616839 0.424332   0.4966 0.615533 0.615262 0.613728 0.615548  0.61711 0.424272 0.495589 0.615122 0.615122 0.613146  0.61506 0.616507 0.424187 0.494722        0 0.615263 0.615328 0.615208 0.617335 0.424392 0.497122        0 0.612152 0.612237 0.612101 0.612546 0.385524 0.610655  0.73357 0.727822 0.726851 0.727047 0.730755 0.688344 0.684654 0.778468 0.776193 0.774484 0.775546 0.777341 0.778468 0.775817
       0 0.615533 0.615122        0        0  0.73357 0.778468 0.615321 0.615262 0.615122 0.615263 0.612152 0.727822 0.776193 0.615384 0.615067        0 0.615328 0.612237 0.726851 0.774484 0.615265 0.615067 0.615277 0.615208 0.612101 0.727047 0.775546 0.615713 0.615168 0.615548  0.61506 0.612546 0.730755 0.777341 0.617393 0.616839  0.61711 0.616507 0.617335 0.688344 0.778468 0.424387 0.424332 0.424272 0.424187 0.424392 0.385524 0.799963 0.497176   0.4966 0.495589 0.494722 0.497122        0 0.684654
0.615684 0.617314 0.617216 0.615684 0.615684  0.41656 0.446107 0.615684 0.617239 0.615391 0.615947 0.618178 0.423538 0.493114 0.617314 0.617239 0.615452 0.617306 0.618934 0.422275 0.495744 0.617216 0.615391 0.615452 0.617202 0.618795 0.423932 0.497352 0.615684 0.615947 0.617306 0.617202 0.616655 0.419885  0.47135 0.615684 0.618178 0.618934 0.618795 0.616655  0.47429 0.610886  0.41656 0.423538 0.422275 0.423932 0.419885  0.47429 0.274482 0.446107 0.493114 0.495744 0.497352  0.47135 0.610886 0.274482
2.60088e-07 7.57908e-07 2.53302e-06 2.60088e-07 2.60088e-07   0.0449372   0.0419022 1.93154e-06 2.58574e-06 1.92637e-06 2.12285e-06 2.43107e-05   0.0449338   0.0418145 7.57908e-07 2.58574e-06 4.96794e-07 9.80834e-07 2.35655e-05   0.0449328   0.0418118 2.53302e-06  2.4692e-06 2.23276e-06  2.7565e-06 2.53965e-05   0.0449328   0.0418134 4.81993e-07 2.12285e-06 9.80834e-07  2.7565e-06 2.31977e-05   0.0449354   0.0418544 2.32455e-05 2.43107e-05 2.35655e-05 2.53965e-05 2.31977e-05   0.0488957  0.00116732   0.0449372   0.0449338   0.0449328   0.0449328   0.0449354   0.0488957   0.0918846   0.0419022   0.0418145   0.0418118   0.0418134   0.0418544    0.129012    0.091643
