8	12	8	1
 1  0  0  0  7  8  0  0  0  3  4  9
 0  0  0  5  0  8  0  0  0  3  4  0
 1  0  0  0  7  0  0  2  0  0  4  0
 0  0 11  5  0  0  0  2  0  0  4  0
 1  0  0  0  0  0  0  0  0  3  0  9
 0  0  0  0  0  0  0  0  6  3  0  0
 1  0  0  0  0  0 10  2  0  0  0  0
 0 12  0  0  0  0  0  2  6  0  0  0
0.3	0.9	1	0.8	0.3	1	0.1	0.7	0.3	0.6	0.8	0.7	
0.536	0.014	0.212	0.395	0.885	0.499	0.443	0.986	
------target--------
1
------result--------
5	
------details--------
0.607265   0.4605 0.460302 0.459878 0.602015 0.460222 0.460465 0.458964
0.373061 0.466337 0.464598 0.462467 0.363289 0.462567 0.462862 0.461747
  0.0259604 7.64978e-07 2.13842e-06 2.63168e-06   0.0278605 1.38463e-06  4.6312e-07 3.80647e-06
------result2--------
1	5	
------details2--------
0.607265 0.607265 0.606809        0 0.607271 0.607337 0.606634        0 0.460235 0.459812 0.603169 0.460156 0.460399 0.458898        0 0.460235 0.459613 0.606048 0.459957 0.460201 0.458697 0.606809 0.459812 0.459613 0.601521 0.459531 0.459776 0.458268        0 0.603169 0.606048 0.601521 0.601981 0.602068 0.601257 0.607271 0.460156 0.459957 0.459531 0.601981  0.46012        0 0.607337 0.460399 0.460201 0.459776 0.602068  0.46012  0.45886 0.606634 0.458898 0.458697 0.458268 0.601257 0.458964  0.45886
       0        0 0.608513 0.607265  0.60723 0.605671 0.607724   0.4605 0.464551 0.462401 0.362803 0.462501 0.462796 0.461681 0.460302 0.466178 0.462205 0.361642 0.462307 0.462604 0.461484 0.372651 0.465642  0.46391 0.362889 0.461884 0.462184 0.461059 0.602015 0.519488 0.548535 0.603367 0.602208 0.600811 0.602566 0.372876 0.465987 0.464255 0.462125 0.363099 0.462532 0.460222 0.373006 0.466234 0.464498 0.462367 0.363229  0.46247 0.461647 0.372137 0.464709 0.462996 0.460869 0.362367        0   0.4613
0.371349  0.36312 0.372651 0.544072 0.372876 0.373006 0.372137        0 0.466178 0.465642 0.519488 0.465987 0.466234 0.464709        0 0.464551  0.46391 0.548535 0.464255 0.464498 0.462996 0.608513 0.462401 0.462205 0.603367 0.462125 0.462367 0.460869        0 0.362803 0.361642 0.362889 0.363099 0.363229 0.362367  0.60723 0.462501 0.462307 0.461884 0.602208  0.46247        0 0.605671 0.462796 0.462604 0.462184 0.600811 0.462532   0.4613 0.607724 0.461681 0.461484 0.461059 0.602566 0.461466 0.461647
0.466337 0.464598   0.3742 0.363289 0.374148 0.374333 0.373749 0.466337 0.468875 0.468281 0.413614 0.468409 0.468742 0.467556 0.464598 0.468875 0.466531 0.391423 0.466655 0.467006  0.46581   0.3742 0.468281 0.466531 0.364403 0.464482 0.464777  0.46366 0.363289 0.413614 0.391423 0.364403 0.364409 0.364694 0.363976 0.374148 0.468409 0.466655 0.464482 0.364409 0.464877 0.462567 0.374333 0.468742 0.467006 0.464777 0.364694 0.464877 0.464057 0.373749 0.467556  0.46581  0.46366 0.363976 0.462567 0.464057
  0.0261687   0.0271505   0.0259615   0.0281159   0.0259607   0.0259606   0.0259615 7.64978e-07 2.90948e-06 3.39816e-06   0.0279708 2.15079e-06 1.22858e-06 4.57403e-06 2.13842e-06 2.90948e-06 4.77931e-06   0.0281005 3.53265e-06 2.60641e-06 5.96338e-06   0.0259615 3.39816e-06 4.77931e-06   0.0278616  4.0272e-06 3.09926e-06 6.46167e-06   0.0278605   0.0279708   0.0281005   0.0278616   0.0278608   0.0278606   0.0278616   0.0259607 2.15079e-06 3.53265e-06  4.0272e-06   0.0278608 1.85343e-06 1.38463e-06   0.0259606 1.22858e-06 2.60641e-06 3.09926e-06   0.0278606 1.85343e-06 4.27982e-06   0.0259615 4.57403e-06 5.96338e-06 6.46167e-06   0.0278616  4.0726e-06 4.27982e-06
