8	12	8	1
 5  0  0  0  0  0  0  0  0  7  0  0
 5  0  0  0  0  0  0  0  6  0  0  9
 0  0  0  3 11  0  0  1  0  0  0  0
 0 10  0  3  0  0  4  1  6  0  0  0
 0  0  8  0  0  0  0  0  0  7  2  0
 0  0  0  0  0  0  0  0  0  0  2  9
 0  0  8  0  0 12  0  1  0  0  2  0
 0  0  0  0  0  0  4  1  0  0  2  0
1	0.9	1	0.6	0.1	0.1	0.1	1	0.8	0.6	0.9	0.8	
0.451	0.563	0.414	0.715	0.41	0.396	0.833	0.398	
------target--------
5
------result--------
7	
------details--------
 0.55134 0.552281 0.553417  0.55245 0.791111 0.552281 0.760976 0.553418
0.560648 0.554778 0.555612 0.554905 0.280097 0.554778 0.130412 0.555603
3.12842e-05 3.15222e-06 3.66115e-07   2.985e-06     0.13747 3.15222e-06     0.19102 3.57561e-07
------result2--------
7	5	
------details2--------
 0.550106  0.551254  0.550278         0  0.550106  0.789986  0.551255  0.550106  0.552193  0.551217  0.790908         0  0.760371  0.552194  0.551254  0.552193  0.552362  0.791173  0.552193  0.760983  0.553332  0.550278  0.551217  0.552362   0.79095  0.551217  0.760464   0.55245  0.791111  0.790908  0.791173   0.79095  0.790908         0  0.791172  0.550106         0  0.552193  0.551217  0.790908  0.760371  0.552194  0.789986  0.760371  0.760983  0.760464  0.789986  0.760371  0.760983  0.551255  0.552194  0.553332         0  0.791172  0.552194  0.760983
 0.552623   0.55345   0.55275   0.55134  0.552623  0.120665  0.553441  0.559404  0.554416  0.553686  0.280064  0.552281  0.131233  0.554406  0.560556  0.554693   0.55482  0.280142  0.554693  0.130754  0.555525  0.559574  0.553728  0.554585  0.280078  0.553728   0.13131         0         0  0.791321  0.789604  0.791324  0.791321  0.791111  0.789609  0.559404  0.552281  0.554416  0.553686  0.280064  0.131233  0.554406  0.680011  0.761605   0.76082  0.761655  0.680011  0.761605   0.76082  0.560558  0.554695  0.555536  0.553418  0.280141  0.554695  0.130745
 0.559404  0.560556  0.559574         0  0.559404  0.680011  0.560558  0.552623  0.554693  0.553728  0.791321         0  0.761605  0.554695   0.55345  0.554416  0.554585  0.789604  0.554416   0.76082  0.555536   0.55275  0.553686   0.55482  0.791324  0.553686  0.761655  0.554836         0  0.280064  0.280142  0.280078  0.280064  0.680011  0.280141  0.552623         0  0.554693  0.553728  0.791321  0.761605  0.554695  0.120665  0.131233  0.130754   0.13131  0.804646  0.131233  0.130745  0.553441  0.554406  0.555525         0  0.789609  0.554406   0.76082
 0.561966  0.562971    0.5621  0.560648  0.561966  0.178652   0.56296  0.561966  0.556898   0.55619   0.28013  0.554778  0.129546  0.556889  0.562971  0.556898  0.557026   0.27897  0.556898  0.121786  0.557727    0.5621   0.55619  0.557026  0.280122   0.55619  0.129202  0.555603  0.560648   0.28013   0.27897  0.280122   0.28013 0.0343091  0.278974  0.561966  0.554778  0.556898   0.55619   0.28013  0.129546  0.556889  0.178652  0.129546  0.121786  0.129202 0.0343091  0.129546  0.121893   0.56296  0.556889  0.557727  0.555603  0.278974  0.556889  0.121893
3.45126e-05 3.16681e-05 3.43425e-05 3.12842e-05 3.45126e-05    0.195813 3.16592e-05 3.45126e-05 3.52469e-06  6.1651e-06     0.13747 3.15222e-06    0.191021 3.51599e-06 3.16681e-05 3.52469e-06 3.35803e-06     0.13747 3.52469e-06    0.191024 7.26421e-07 3.43425e-05  6.1651e-06 3.35803e-06     0.13747  6.1651e-06    0.191022 3.02675e-06    0.253917     0.13747     0.13747     0.13747     0.13747    0.259242     0.13747 3.45126e-05 3.15222e-06 3.52469e-06  6.1651e-06     0.13747    0.191021 3.51599e-06    0.195813    0.191021    0.191024    0.191022    0.259267    0.191021    0.191024 3.16592e-05 3.51599e-06 7.26421e-07 3.57561e-07     0.13747 3.51599e-06    0.191024
