8	12	8	1
 1  0  0  0  0  4  0 11  8  9  0  0
 0  0  6  3  5  4  0  0  8  0  0 12
 1  0  0  0  0  4  0  0  0  0  0  0
 0  0  6  3  0  4  0  0  0  0  0  0
 1  2  0  0  0  0  0  0  0  9 10  0
 0  2  0  3  5  0  0  0  0  0  0  0
 1  2  0  0  0  0  7  0  0  0 10  0
 0  2  0  3  0  0  7  0  0  0  0  0
0.1	0.7	0.3	0.5	0.5	0.7	1	0.8	0.9	0.9	0.1	0.8	
0.226	0.913	0.17	0.979	0.953	0.725	0.408	0.671	
------target--------
7
------result--------
5	
------details--------
0.549866 0.549079 0.550018 0.549731 0.561971 0.549813 0.570327 0.549703
0.551034 0.550557 0.551093 0.550911 0.454573 0.550918 0.531472 0.550729
5.24479e-07 8.60338e-07 2.75987e-07 6.54923e-07  0.00226689 5.35207e-07 0.000761807 5.26449e-07
------result2--------
8	5	
------details2--------
0.548928 0.549866  0.54958 0.561691 0.549512 0.570074 0.549403 0.548928 0.549079 0.549079 0.561054 0.549079 0.569597 0.548611        0        0        0 0.561831 0.549665 0.570198 0.549556  0.54958        0 0.549731 0.561606 0.549366 0.570037 0.549266 0.561691 0.561054 0.561831 0.561606 0.561662        0 0.570327 0.549512        0 0.549665 0.549366 0.561662 0.570068 0.549349 0.570074 0.569597 0.570198 0.570037        0 0.570068 0.570327 0.549403 0.548611 0.549556 0.549266 0.570327 0.549349        0
0.550282        0  0.55065 0.454406 0.550619 0.531173 0.550431 0.550018        0        0 0.454053        0 0.530282 0.549645 0.550018 0.550018 0.550018 0.454487 0.550769 0.531326 0.550582 0.550674 0.549731        0 0.454365 0.550489 0.530994 0.550296 0.562785 0.562301 0.562856 0.562597 0.562631 0.561971 0.552142 0.550681 0.549813 0.550737 0.550563 0.454399 0.531099 0.550378 0.571061 0.570588 0.571141 0.570822 0.570327 0.570877        0 0.550573 0.550095 0.550632 0.550451 0.405256 0.550457 0.549703
0.550018 0.550966 0.550674 0.562785 0.550681 0.571061 0.550573 0.550282 0.550434 0.550202 0.562301 0.550281 0.570588 0.550095        0        0        0 0.562856 0.550737 0.571141 0.550632  0.55065        0 0.550804 0.562597 0.550563 0.570822 0.550451 0.454406 0.454053 0.454487 0.454365 0.454399        0 0.405256 0.550619        0 0.550769 0.550489 0.562631 0.570877 0.550457 0.531173 0.530282 0.531326 0.530994 0.552142 0.531099 0.405256 0.550431 0.549645 0.550582 0.550296 0.552142 0.550378        0
0.551203 0.551093  0.55122 0.455066 0.551805 0.532345   0.5516 0.551203 0.551093 0.550911 0.454766 0.550918 0.531904 0.551123 0.551093 0.551093 0.551093 0.455121 0.551883 0.532391 0.551659  0.55122 0.550911 0.551093 0.454939 0.551695 0.532297 0.551477 0.455066 0.454766 0.455121 0.454939 0.454953 0.454573 0.536722 0.551805 0.550918 0.551883 0.551695 0.454953 0.532272 0.551483 0.532345 0.531904 0.532391 0.532297 0.454573 0.532272 0.550729   0.5516 0.551123 0.551659 0.551477 0.536722 0.551483 0.550729
1.19991e-06 5.26583e-07 8.96552e-07  0.00226732 1.06611e-06 0.000762262 1.05246e-06 1.19991e-06 9.58042e-07 1.04716e-06  0.00226746 1.00816e-06  0.00076253 1.39004e-06 2.75987e-07 2.75987e-07 2.75987e-07  0.00226713 8.16462e-07 0.000762049 8.03174e-07 8.96552e-07 6.54923e-07 6.69514e-07  0.00226732 1.21154e-06 0.000762358 1.18384e-06  0.00226732  0.00226746  0.00226713  0.00226732  0.00226727  0.00226689  0.00331303 1.06611e-06 5.35207e-07 8.16462e-07 1.21154e-06  0.00226727 0.000762257 1.06357e-06 0.000762262  0.00076253 0.000762049 0.000762358  0.00241535 0.000762257  0.00329506 1.05246e-06 1.39004e-06 8.03174e-07 1.18384e-06  0.00331303 1.06357e-06 5.26449e-07
