8	12	8	1
 8  0  0  0  0  0  0 12  0  0  7  1
 8  0 10  0  0  0  4  0  5  0  0  1
 0  0  0  0  0  0  0  0  0  0  7  1
 0  0  0 11  0  0  4  0  0  0  0  1
 0  0  0  0  2  3  0  0  0  0  0  0
 0  9  0  0  2  0  0  0  5  0  0  0
 0  0  0  0  0  3  0  0  0  6  0  0
 0  0  0  0  0  0  0  0  0  6  0  0
0.6	0.7	1	0.1	1	0.2	0.5	0.9	1	1	0.2	0.8	
0.562	0.767	0.408	0.739	0.762	0.644	0.843	0.08	
------target--------
7
------result--------
8	
------details--------
 0.296782  0.296478   0.29759  0.297612  0.296484  0.296931  0.548193  0.536565
 0.299421  0.299299  0.299997  0.300043  0.305547   0.29952  0.109043 0.0442908
3.91113e-06 4.72739e-06 9.99637e-07  8.9898e-07 2.39461e-05 3.52804e-06    0.116625    0.165458
------result2--------
5	8	
------details2--------
 0.295474  0.296782  0.296612  0.295478  0.295927  0.547853  0.536025  0.295474  0.296287  0.296309  0.295175  0.295624  0.547371  0.535566         0  0.296287  0.297422  0.296292  0.296739   0.54828  0.536582  0.296612  0.296309  0.297422  0.296315  0.296762  0.548342  0.536634  0.295478  0.295175  0.296292  0.296315  0.295628         0  0.548193  0.295927  0.295624  0.296739  0.296762  0.295628  0.547849  0.536066  0.547853  0.547371   0.54828  0.548342  0.548193  0.547849         0  0.536025  0.535566  0.536582  0.536634  0.548193  0.536066         0
 0.298303         0  0.299068  0.304523  0.298526  0.109117 0.0442089  0.298121  0.298708  0.298758  0.304223   0.29822  0.108963 0.0441826   0.29759  0.299111  0.299864  0.305348  0.299333   0.10913 0.0442755  0.299257  0.299134   0.29984  0.305365  0.299356  0.109169 0.0442756  0.298136  0.298011  0.298727  0.298773  0.298235  0.296484 0.0433783  0.298575  0.298451   0.29916   0.29921  0.304681  0.109069 0.0442233  0.548747  0.549144  0.547184  0.546213         0  0.548891  0.548193  0.537449  0.537727  0.536375  0.535642  0.477881  0.537583  0.536565
 0.298121   0.29927  0.299257  0.298136  0.298575  0.548747  0.537449  0.298303  0.299111  0.299134  0.298011  0.298451  0.549144  0.537727         0  0.298708   0.29984  0.298727   0.29916  0.547184  0.536375  0.299068  0.298758  0.299864  0.298773   0.29921  0.546213  0.535642  0.304523  0.304223  0.305348  0.305365  0.304681         0  0.477881  0.298526   0.29822  0.299333  0.299356  0.298235  0.548891  0.537583  0.109117  0.108963   0.10913  0.109169 0.0433783  0.109069  0.477881 0.0442089 0.0441826 0.0442755 0.0442756 0.0433783 0.0442233         0
 0.300958  0.299997  0.301707  0.307281   0.30118   0.10892  0.044427  0.300958  0.301536  0.301581  0.307126  0.301057  0.109137 0.0444182  0.299997  0.301536  0.302288  0.307994  0.301758  0.108004 0.0444728  0.301707  0.301581  0.302288  0.308186  0.301804  0.107294 0.0445009  0.307281  0.307126  0.307994  0.308186  0.307368  0.305547  0.051054   0.30118  0.301057  0.301758  0.301804  0.307368  0.108989 0.0444303   0.10892  0.109137  0.108004  0.107294  0.305547  0.108989 0.0442908  0.044427 0.0444182 0.0444728 0.0445009  0.051054 0.0444303 0.0442908
8.67406e-06 3.98933e-06 4.82703e-06 2.79569e-05 7.47135e-06    0.116625    0.165459 8.67406e-06 5.74004e-06 5.63951e-06 2.87572e-05  8.2868e-06    0.116625     0.16546 9.99637e-07 5.74004e-06 1.90739e-06 2.49938e-05 4.54023e-06    0.116625    0.165458 4.82703e-06 5.63951e-06 1.90739e-06 2.49047e-05 4.44004e-06    0.116626    0.165459 2.79569e-05 2.87572e-05 2.49938e-05 2.49047e-05 2.75551e-05 2.39461e-05    0.166197 7.47135e-06  8.2868e-06 4.54023e-06 4.44004e-06 2.75551e-05    0.116625    0.165459    0.116625    0.116625    0.116625    0.116626     0.14886    0.116625    0.166163    0.165459     0.16546    0.165458    0.165459    0.166197    0.165459    0.165458
