8	12	8	1
 0  0  0  0  4  6  0  0  0  3  0  1
 5  7  0  0  4  6 11  0  0  3  0  1
 0  0  0  0  0  0  0  0  2  3  0  1
 0  7  8  0  0  0  0 12  2  3  0  1
 0  0  0  0  4  0  0  0  0  0  0  1
 5  0  0  0  4  0  0  0  0  0  9  1
 0  0  0 10  0  0  0  0  2  0  0  1
 0  0  8 10  0  0  0  0  2  0  9  1
0.9	0.5	1	0.2	1	0.5	0.9	0.5	0.4	0.8	0.8	0.7	
0.667	0.089	0.449	0.186	0.788	0.205	0.536	0.443	
------target--------
8
------result--------
7	
------details--------
 0.52226 0.522195 0.524366 0.524205 0.523462 0.523231  0.56582 0.569175
0.525913 0.525881 0.526688 0.526626 0.526363 0.526236 0.322839 0.387562
4.82694e-06 4.75654e-06 2.24708e-06 2.67169e-06 4.18056e-06 4.32707e-06    0.016741   0.0122089
------result2--------
8	7	
------details2--------
       0  0.52226 0.522096  0.52226  0.52204 0.562162  0.56684 0.522195 0.522195 0.522033 0.522195 0.521978  0.56215 0.566823        0        0        0 0.522709 0.522479 0.565357 0.568699 0.522096 0.522033 0.524205 0.522543 0.522313 0.565275 0.568626        0        0 0.522709 0.522543        0 0.562845 0.567502  0.52204 0.521978 0.522479 0.522313 0.523231 0.567502        0 0.562162  0.56215 0.565357 0.565275 0.562845 0.567502        0  0.56684 0.566823 0.568699 0.568626 0.567502 0.567502        0
 0.52226        0 0.524187        0 0.523771 0.326021 0.408286        0        0 0.524118        0 0.523695 0.325955 0.408057 0.524366 0.524366 0.524366 0.525682 0.525552  0.32241 0.386256 0.525265 0.525224        0 0.525522 0.525392 0.322352 0.386095 0.523462 0.523462 0.525137 0.525067 0.523462 0.326745  0.41034 0.524534 0.524479 0.524904 0.524834        0 0.313978 0.523231 0.566949 0.566886 0.566925 0.566831 0.568286 0.564738  0.56582  0.56985 0.569816 0.570314 0.570196 0.570439 0.570439 0.569175
       0 0.525426 0.525265 0.524774 0.524534 0.566949  0.56985 0.523615 0.525386 0.525224  0.52472 0.524479 0.566886 0.569816        0        0        0 0.525137 0.524904 0.566925 0.570314 0.524187 0.524118 0.526291 0.525067 0.524834 0.566831 0.570196        0        0 0.525682 0.525522        0 0.568286 0.570439 0.523771 0.523695 0.525552 0.525392 0.525039 0.564738 0.570439 0.326021 0.325955  0.32241 0.322352 0.326745 0.313978        0 0.408286 0.408057 0.386256 0.386095  0.41034 0.313978 0.532032
0.525913 0.526688 0.526762 0.526363 0.526365 0.321846 0.379768 0.525913 0.526688 0.526759 0.526363 0.526362 0.321922  0.38033 0.526688 0.526688 0.526688 0.528097 0.527956 0.323885 0.390691 0.526762 0.526759 0.526688 0.528019  0.52788 0.323765  0.39031 0.526363 0.526363 0.528097 0.528019 0.526363 0.319643 0.362684 0.526365 0.526362 0.527956  0.52788 0.526363 0.329017 0.416706 0.321846 0.321922 0.323885 0.323765 0.319643 0.329017 0.322839 0.379768  0.38033 0.390691  0.39031 0.362684 0.416706 0.322839
4.82694e-06 5.40475e-06  5.8191e-06  5.6122e-06 5.93845e-06   0.0167492   0.0122937 4.86821e-06 5.37726e-06 5.79387e-06 5.62602e-06  5.9515e-06   0.0167487   0.0122868 2.24708e-06 2.24708e-06 2.24708e-06 6.62158e-06 6.74961e-06    0.016742   0.0122118  5.8191e-06 5.79387e-06 2.68618e-06 7.04767e-06 7.17681e-06   0.0167421   0.0122118 4.18056e-06 4.18056e-06 6.62158e-06 7.04767e-06 4.18056e-06   0.0167582   0.0125025 5.93845e-06  5.9515e-06 6.74961e-06 7.17681e-06 4.51133e-06   0.0167651  0.00589048   0.0167492   0.0167487    0.016742   0.0167421   0.0167582   0.0167651    0.016741   0.0122937   0.0122868   0.0122118   0.0122118   0.0125025   0.0133293   0.0169321
