8	12	8	1
 1  0  0  0  0  0  0  0  0  0 11  0
 1  5  0  0  0  0  0  0  0  8  0  0
 1  0  2  0  4  0  0  0  0  0  0  0
 1  5  2  0  4  0  0  0  0  0  0  0
 0  0  0  0  0  3  6  0  0  0  0 12
 0  0  0  9  0  3  0  0  0  8  0  0
 0  0  2  0  0  3  6 10  7  0  0  0
 0  0  2  0  0  3  0  0  7  0  0  0
0.5	0.4	0.2	0.3	0.5	0.3	0.5	0.3	0.1	0.7	0.8	0.3	
0.018	0.337	0.866	0.775	0.898	0.438	0.993	0.461	
------target--------
2
------result--------
6	
------details--------
 0.61679 0.755552 0.616039 0.615144 0.616354 0.739045  0.61625 0.616723
0.618785 0.340235 0.618121 0.618347 0.618369 0.276092 0.618285 0.618723
9.67189e-08   0.0810423 2.14168e-06 5.41327e-06 1.51128e-06   0.0875438 1.75566e-06 3.64448e-07
------result2--------
6	2	
------details2--------
 0.755546  0.616016  0.615121  0.616331  0.739034  0.616226    0.6167  0.755546  0.753397  0.753397  0.755683         0  0.755762  0.755616  0.616016  0.753397         0  0.615573  0.734926  0.615466  0.615947  0.615121         0  0.615144  0.614671  0.749651  0.614563   0.61505  0.616331  0.755683  0.615573  0.614671  0.739017  0.615781  0.616262  0.739034  0.751801  0.734926  0.749651  0.739017  0.739048  0.739069  0.616226  0.755762  0.615466  0.614563  0.615781  0.739048   0.61625    0.6167  0.755616  0.615947   0.61505  0.616262  0.739069         0
 0.340225  0.618098  0.618323  0.618346  0.276099  0.618262    0.6187  0.756087  0.758617  0.758617  0.755113  0.755552   0.75501  0.754226  0.618019  0.389717  0.616039  0.617605   0.28065  0.617521   0.61797  0.617133  0.615144         0  0.616719  0.265654  0.616635  0.617089  0.618333  0.340222  0.617667  0.617888  0.276622  0.617836  0.618284  0.739975  0.687548  0.746066  0.729646  0.739139  0.739036   0.73855  0.618229  0.340275  0.617564  0.617784  0.617818  0.276844         0  0.618697  0.340276  0.618033  0.618257  0.618282  0.276275  0.616723
 0.756087  0.618019  0.617133  0.618333  0.739975  0.618229  0.618697  0.340225  0.389717         0  0.340222  0.687548  0.340275  0.340276  0.618098  0.758617         0  0.617667  0.746066  0.617564  0.618033  0.618323  0.758617  0.618907  0.617888  0.729646  0.617784  0.618257  0.618346  0.755113  0.617605  0.616719  0.739139  0.617818  0.618282  0.276099   0.78464   0.28065  0.265654  0.276622  0.276844  0.276275  0.618262   0.75501  0.617521  0.616635  0.617836  0.739036    0.6182    0.6187  0.754226   0.61797  0.617089  0.618284   0.73855         0
 0.341095  0.620103  0.620334  0.620351  0.275484  0.620269  0.620703  0.341095   0.21888  0.461684   0.34028 0.0702369   0.34013  0.339342  0.620103   0.21888  0.618121  0.619688  0.268566  0.619605   0.62004  0.620334  0.461684  0.618121  0.619926  0.286699  0.619844  0.620293  0.620351   0.34028  0.619688  0.619926  0.274257  0.619857  0.620291  0.275484 0.0702369  0.268566  0.286699  0.274257   0.27408  0.272089  0.620269   0.34013  0.619605  0.619844  0.619857   0.27408  0.618723  0.620703  0.339342   0.62004  0.620293  0.620291  0.272089  0.618723
  0.0810423 2.23918e-06 5.51153e-06 1.60869e-06   0.0875438 1.85321e-06 4.61368e-07   0.0810423   0.0857404    0.125332   0.0810424     0.15671   0.0810425   0.0810425 2.23918e-06   0.0857404 2.14168e-06 3.67321e-06   0.0876218 3.92236e-06 2.51249e-06 5.51153e-06   0.0246162 5.55287e-06 6.96647e-06   0.0878074 7.22133e-06 5.79154e-06 1.60869e-06   0.0810424 3.67321e-06 6.96647e-06   0.0875444  3.2929e-06 1.88287e-06   0.0875438    0.156911   0.0876218   0.0878074   0.0875444   0.0875448   0.0875443 1.85321e-06   0.0810425 3.92236e-06 7.22133e-06  3.2929e-06   0.0875448  1.7775e-06 4.61368e-07   0.0810425 2.51249e-06 5.79154e-06 1.88287e-06   0.0875443 3.64448e-07
