8	12	8	1
 0  5  8  0  0  0  0  0  0  0  7  2
 0  5  0  0  0  4  1  0  0  0  0  2
 0  0  8  0  0  0  0  0  0 10  0  0
 0  0  0 12  0  4  1  6  0  0  0  0
11  0  0  0  0  0  0  0  0  0  7  2
 0  0  0  0  3  0  1  0  0  0  0  2
 0  0  0  0  0  0  0  0  9  0  0  0
 0  0  0  0  3  0  1  6  0  0  0  0
0.1	0.7	0.6	0.1	0.6	0.4	1	0.2	0.2	0.9	0.2	0.5	
0.443	0.192	0.591	0.769	0.201	0.582	0.924	0.289	
------target--------
8
------result--------
4	
------details--------
0.658085 0.658504 0.657753 0.687241 0.658694 0.658381 0.658425  0.69643
0.660086  0.66038 0.659793 0.428771 0.660533 0.659593 0.660277  0.58086
1.94365e-06 8.26359e-07 2.30922e-06   0.0137814 1.41568e-07 6.69093e-07 1.04585e-06  0.00643538
------result2--------
8	6	
------details2--------
0.658085        0  0.68677 0.658049 0.657732 0.657777 0.696066        0 0.657468 0.687068 0.658469 0.658154 0.658199 0.696289 0.657468 0.657468 0.686526 0.657717 0.657399 0.657443 0.695878  0.68677 0.687068 0.686526 0.687238 0.695542  0.68714 0.695542 0.658049 0.658469 0.657717 0.687238 0.658345 0.658389 0.696442 0.657732 0.658154 0.657399 0.695542 0.658345 0.658073        0 0.657777 0.658199 0.657443  0.68714 0.658389 0.658073 0.696434 0.696066 0.696289 0.695878        0 0.696442  0.69643 0.696434
       0 0.658085 0.428847 0.659905 0.658955 0.659644 0.580163 0.658504 0.659592 0.428773 0.660313  0.65937 0.660056 0.580628 0.659566 0.659566 0.428892 0.659579 0.658625 0.659315 0.579799 0.688233 0.688515 0.688019 0.687427 0.667558 0.687755 0.667558 0.660051 0.660345 0.659758 0.428878 0.659558 0.660244 0.580787  0.65974 0.660035 0.659446 0.390878 0.660195 0.659936 0.658381 0.659786 0.660081 0.659492 0.429261 0.660248 0.659294 0.580351 0.697193 0.697458 0.697028  0.69643 0.695829        0 0.696409
0.659912 0.659566 0.688233 0.660051  0.65974 0.659786 0.697193        0 0.659566 0.688515 0.660345 0.660035 0.660081 0.697458 0.659308 0.659592 0.688019 0.659758 0.659446 0.659492 0.697028 0.428847 0.428773 0.428892 0.428878 0.390878 0.429261 0.708004 0.659905 0.660313 0.659579 0.687427 0.660195 0.660248 0.695829 0.658955  0.65937 0.658625 0.667558 0.659558 0.659294        0 0.659644 0.660056 0.659315 0.687755 0.660244 0.659936 0.696409 0.580163 0.580628 0.579799 0.667558 0.580787        0 0.580351
 0.66038 0.660233 0.428607 0.661898 0.660955 0.661645 0.582352  0.66038 0.661559 0.428761  0.66219 0.661248 0.661937 0.582587 0.660233 0.661559 0.428636 0.661606 0.660663 0.661352 0.582035 0.428607 0.428761 0.428636 0.422846 0.569677 0.426123 0.213716 0.661898  0.66219 0.661606 0.422846 0.661398 0.662093 0.584742 0.660955 0.661248 0.660663 0.569677 0.661398 0.661146 0.659593 0.661645 0.661937 0.661352 0.426123 0.662093 0.661146 0.583519 0.582352 0.582587 0.582035 0.213716 0.584742 0.659593 0.583519
1.98043e-06 1.99844e-06   0.0137823  2.0873e-06 2.62179e-06 3.00313e-06  0.00643652 8.26359e-07 3.28791e-06   0.0137818 9.68691e-07 1.49897e-06 1.87729e-06  0.00643588 3.13618e-06 3.28791e-06   0.0137825 2.45328e-06 2.98899e-06 3.37127e-06  0.00643674   0.0137823   0.0137818   0.0137825   0.0137815   0.0153091   0.0137818   0.0281388  2.0873e-06 9.68691e-07 2.45328e-06   0.0137815 8.11876e-07 1.19021e-06  0.00643559 2.62179e-06 1.49897e-06 2.98899e-06   0.0153091 8.11876e-07 1.72284e-06 6.69093e-07 3.00313e-06 1.87729e-06 3.37127e-06   0.0137818 1.19021e-06 1.72284e-06  0.00643629  0.00643652  0.00643588  0.00643674   0.0281223  0.00643559   0.0440344  0.00643629
