8	12	8	1
 0  0  0  0  0  6  0  0  0  7  0  4
 0  0  3  9  0  0  0  0  0  0  0  0
 0  2  0  0  0  6  0 11  0  0  0  4
 0  2  3  9  5  0  0  0 12  0  0  0
 1  0  0  0  0  0  0  0  0  7  8  4
 1  0  3  0  0  0  0  0  0  0  8  0
 1  2  0  0  0  0 10  0  0  0  0  4
 1  2  3  0  5  0  0  0  0  0  0  0
1	0.8	0.8	1	0.7	1	0.8	0.1	0.6	0.3	0.9	0.9	
0.325	0.697	0.654	0.579	0.795	0.37	0.517	0.958	
------target--------
5
------result--------
6	
------details--------
0.318607 0.318055 0.319293 0.316348  0.54867 0.538661 0.318668 0.318197
0.327468 0.320998 0.321746 0.320268 0.180025 0.155705 0.321293 0.320817
1.53531e-05  4.9612e-06 7.88653e-07 5.89107e-06   0.0729609    0.083797 3.29187e-06 3.93526e-06
------result2--------
1	6	
------details2--------
0.317216 0.318456   0.3155        0  0.54867  0.31783 0.317357 0.317216 0.317904        0 0.547632   0.5375 0.317277 0.316721 0.318456 0.317904  0.31619 0.548814 0.538754 0.318517 0.318045   0.3155 0.316348  0.31619 0.547223 0.536806 0.315559 0.316348  0.54867 0.547632 0.548814 0.547223        0 0.548299 0.548197  0.54867   0.5375 0.538754 0.536806        0 0.538191 0.538009  0.31783 0.317277 0.318517 0.315559 0.548299 0.538191 0.317417 0.317357 0.316721 0.318045        0 0.548197 0.538009 0.317417
0.320165  0.32092 0.319434 0.318607 0.153693 0.320463 0.319985 0.326054 0.320373 0.318055 0.179533 0.155251 0.319907  0.31945 0.327306 0.320849 0.320119 0.180003 0.155654 0.321146  0.32067 0.324292        0 0.318702 0.179042 0.154715 0.318201        0        0 0.549824 0.546504 0.549051  0.54867 0.549549 0.549188 0.461992 0.539954 0.537247  0.53915 0.538661 0.539776 0.539374 0.326676 0.320224 0.320985 0.319493 0.179781 0.155461 0.320044  0.32619 0.319764 0.320525 0.318197 0.179647 0.155312 0.320051
0.326054 0.327306 0.324292        0 0.461992 0.326676  0.32619 0.320165 0.320849        0 0.549824 0.539954 0.320224 0.319764  0.32092 0.320373 0.318702 0.546504 0.537247 0.320985 0.320525 0.319434 0.319188 0.320119 0.549051  0.53915 0.319493 0.319439 0.153693 0.179533 0.180003 0.179042 0.461992 0.179781 0.179647 0.153693 0.155251 0.155654 0.154715        0 0.155461 0.155312 0.320463 0.319907 0.321146 0.318201 0.549549 0.539776 0.320051 0.319985  0.31945  0.32067        0 0.549188 0.539374 0.320044
0.329081 0.330083 0.328341 0.327468 0.179379   0.3294 0.328911 0.329081  0.32332 0.320998 0.180582 0.156218 0.322865 0.322452 0.330083  0.32332 0.322593 0.180371 0.156502 0.323617 0.323137 0.328341 0.320998 0.322593 0.180291 0.155972 0.322134 0.320817 0.327468 0.180582 0.180371 0.180291 0.155705 0.180615 0.180447 0.179379 0.156218 0.156502 0.155972 0.155705 0.156294 0.156143   0.3294 0.322865 0.323617 0.322134 0.180615 0.156294 0.322684 0.328911 0.322452 0.323137 0.320817 0.180447 0.156143 0.322684
 2.0359e-05 1.61671e-05 2.13173e-05 1.53531e-05   0.0845551  1.8685e-05  1.9341e-05  2.0359e-05 5.76006e-06  4.9612e-06   0.0729624   0.0837988 8.27944e-06 9.17016e-06 1.61671e-05 5.76006e-06 6.69805e-06   0.0729611   0.0837972 4.09013e-06 4.73709e-06 2.13173e-05 7.31999e-06 6.69805e-06   0.0729619   0.0837984 9.22188e-06 6.71587e-06   0.0801507   0.0729624   0.0729611   0.0729619    0.084455   0.0729614   0.0729614   0.0845551   0.0837988   0.0837972   0.0837984    0.083797   0.0837978   0.0837978  1.8685e-05 8.27944e-06 4.09013e-06 9.22188e-06   0.0729614   0.0837978 7.25471e-06  1.9341e-05 9.17016e-06 4.73709e-06 3.93526e-06   0.0729614   0.0837978 7.25471e-06
