8	12	8	1
 7  8  0  0  0  0  0  1  2  0  0  4
 0  8  0 10  0  0  6  1  0  0  0  4
 0  0  9  0 12  0  0  1  2  0  0  0
 0  0  9 10  0  0  0  1  0  0  0  0
 7  0  0  0  0  0  0  0  2  3  0  4
 0  0  0  0  0  5  6  0  0  3  0  4
 0  0  0  0  0  0  0  0  2  3 11  0
 0  0  0  0  0  5  0  0  0  3  0  0
1	0.3	0.5	0.2	0.3	0.5	0.6	0.1	0.7	0.2	0.2	0.6	
0.915	0.491	0.882	0.087	0.359	0.102	0.489	0.02	
------target--------
2
------result--------
4	
------details--------
0.488474 0.533832 0.488969  0.52598 0.488734 0.489368 0.489293 0.489483
0.490698 0.391419 0.491334 0.100367 0.491368 0.491433  0.49164 0.491824
2.46103e-06  0.00875562 1.96131e-06   0.0324884 2.87625e-06 5.30898e-07 9.08267e-07 1.01729e-07
------result2--------
2	4	
------details2--------
        0  0.487928  0.530093  0.488474  0.488332  0.488257  0.488452  0.532112  0.533689         0  0.532112  0.533817  0.533813  0.533817  0.487928  0.533689  0.525724  0.488194   0.48883  0.488753  0.488947  0.530093         0  0.525724  0.523256  0.527647  0.525908  0.525958         0  0.532112  0.488194  0.523256  0.488596  0.488519  0.488712  0.488332         0   0.48883  0.527647  0.488596  0.489154  0.489368  0.488257  0.533813  0.488753  0.525908  0.488519  0.489154  0.489271  0.488452  0.533817  0.488947  0.525958  0.488712         0  0.489271
 0.488474  0.490312  0.092305         0  0.490442  0.490624    0.4908  0.537181  0.534313  0.533832  0.537181  0.535297  0.534012  0.535297  0.490166  0.390858  0.100378  0.490834  0.490906   0.49112  0.491297  0.521328   0.52598   0.52685  0.532636  0.503806  0.526707    0.5283  0.488734  0.410379  0.490566  0.104619   0.49066  0.490874  0.491057  0.490564  0.489368  0.491198 0.0970499   0.49123  0.491505         0  0.490487  0.391173  0.491127  0.100372  0.491157  0.491225  0.491616  0.490676  0.391485  0.491313  0.100381  0.491346  0.489483  0.491619
 0.537181  0.490166  0.521328  0.489549  0.490564  0.490487  0.490676  0.243883  0.390858  0.502005  0.410379  0.368717  0.391173  0.391485  0.490312  0.534313   0.52685  0.490566  0.491198  0.491127  0.491313  0.092305         0  0.100378  0.104619 0.0970499  0.100372  0.100381         0  0.537181  0.490834  0.532636   0.49123  0.491157  0.491346  0.490442  0.535297  0.490906  0.503806   0.49066  0.491225  0.491369  0.490624  0.534012   0.49112  0.526707  0.490874  0.491505  0.491619    0.4908  0.535297  0.491297    0.5283  0.491057         0  0.491616
 0.443487  0.492544  0.112207  0.491368  0.492614  0.492851  0.493034  0.443487  0.393382  0.100367  0.310872  0.486547  0.393968   0.38387  0.492544  0.393382  0.100329   0.49321  0.493271  0.493488  0.493668  0.112207  0.100367  0.100329  0.091319  0.201328   0.10032  0.098927  0.491368  0.310872   0.49321  0.091319    0.4933  0.493516  0.493699  0.492614  0.486547  0.493271  0.201328    0.4933  0.493576  0.491824  0.492851  0.393968  0.493488   0.10032  0.493516  0.493576  0.493973  0.493034   0.38387  0.493668  0.098927  0.493699  0.491824  0.493973
 0.00204147 4.44938e-06   0.0325683 3.17546e-06 3.00104e-06 3.38351e-06  2.5638e-06    0.014013  0.00875643   0.0328332  0.00978488   0.0101436  0.00875603  0.00875597 4.44938e-06  0.00875643   0.0324888 4.85153e-06 2.49716e-06 2.88386e-06 2.06399e-06   0.0325683   0.0324884   0.0324888   0.0325402    0.032684   0.0324885   0.0324885 2.87625e-06  0.00978488 4.85153e-06   0.0325402 3.40723e-06  3.7914e-06  2.9786e-06 3.00104e-06 2.91147e-05 2.49716e-06    0.032684 3.40723e-06 1.44169e-06  5.3423e-07 3.38351e-06  0.00875603 2.88386e-06   0.0324885  3.7914e-06 1.44169e-06 1.01049e-06  2.5638e-06  0.00875597 2.06399e-06   0.0324885  2.9786e-06 1.01729e-07 1.01049e-06
