8	12	8	1
12  0  0  2  0  0  6  0  8  3  4  0
 0  0  0  2  0  0  0  7  0  3  0  0
 0  1  9  2  0  0  6  0  0  0  4  0
 0  1  0  2  0  5  0  0  0  0  0  0
 0  0  0  0 10  0  0  0  8  3  4 11
 0  0  0  0  0  0  0  7  0  3  0 11
 0  1  9  0 10  0  0  0  0  0  4  0
 0  1  0  0  0  5  0  0  0  0  0  0
0.1	0.3	0.7	0.8	0.7	0.4	0.4	0.4	0.4	1	0.5	0.5	
0.267	0.842	0.885	0.066	0.196	0.323	0.333	0.44	
------target--------
7
------result--------
5	
------details--------
0.616213  0.61577 0.613949 0.615908 0.700796  0.60896 0.736109 0.615908
 0.61821 0.617482 0.619075  0.61793 0.402353 0.626104 0.515255  0.61793
 2.1003e-07 1.27105e-06 1.37613e-05 1.25389e-06   0.0376142 0.000152099   0.0260496 1.25389e-06
------result2--------
7	3	
------details2--------
0.615718 0.613897 0.615856 0.700787 0.608901 0.736145 0.615856 0.615718 0.613459  0.61541 0.700495        0 0.736138  0.61541 0.613897 0.613459 0.613586 0.733418 0.605319        0 0.613586 0.615856  0.61541 0.613586  0.70061 0.608567 0.736118        0 0.700787 0.700495 0.733418  0.70061        0 0.733418  0.70061 0.608901  0.60896 0.605319 0.608567        0 0.733467 0.608567 0.736145 0.736138 0.736109 0.736118        0 0.733467 0.736118 0.615856  0.61541 0.613586        0  0.70061 0.608567 0.736118
0.617432 0.619023 0.617881 0.402373 0.626052 0.515221 0.617881 0.617737 0.618559 0.617444 0.417033  0.61577 0.515014 0.617444 0.615907 0.615146 0.615631 0.358568 0.625507 0.613949 0.615631 0.617867 0.617131 0.618717 0.402353 0.625746 0.515027 0.615908 0.701138 0.701488 0.665283 0.701665 0.700796 0.665283 0.701665 0.611166        0 0.613356 0.610777  0.60896 0.506499 0.610777 0.734767 0.736038        0 0.736066 0.736109 0.739562 0.736066 0.617867 0.617131 0.618717 0.615908 0.402353 0.625746 0.515027
0.617737 0.615907 0.617867 0.701138 0.611166 0.734767 0.617867 0.617432 0.615146 0.617131 0.701488        0 0.736038 0.617131 0.619023 0.618559 0.618717 0.665283 0.613356        0 0.618717 0.617881 0.617444 0.615631 0.701665 0.610777 0.736066        0 0.402373 0.417033 0.358568 0.402353        0 0.748111 0.402353 0.626052 0.644156 0.625507 0.625746 0.701488 0.739562 0.625746 0.515221 0.515014        0 0.515027 0.665283 0.506499 0.515027 0.617881 0.617444 0.615631        0 0.701665 0.610777 0.736066
 0.61943 0.621091 0.619886 0.401563 0.628154 0.516556 0.619886  0.61943 0.620363 0.619159 0.358079 0.617482 0.515855 0.619159 0.621091 0.620363 0.620773 0.472895 0.626834 0.619075 0.620773 0.619886 0.619159 0.620773  0.40235  0.62781 0.516334  0.61793 0.401563 0.358079 0.472895  0.40235 0.547263 0.257159  0.40235 0.628154 0.617482 0.626834  0.62781 0.547263 0.527357  0.62781 0.516556 0.515855 0.619075 0.516334 0.257159 0.527357 0.516334 0.619886 0.619159 0.620773  0.61793  0.40235  0.62781 0.516334
1.48437e-06 1.39796e-05 1.46662e-06   0.0376142 0.000152354   0.0260497 1.46662e-06 1.48437e-06 1.50762e-05 2.53716e-06   0.0380009 1.27105e-06   0.0260498 2.53716e-06 1.39796e-05 1.50762e-05 1.50499e-05   0.0414051 0.000171786 1.37613e-05 1.50499e-05 1.46662e-06 2.53716e-06 1.50499e-05   0.0376145 0.000153515   0.0260499 1.25389e-06   0.0376142   0.0380009   0.0414051   0.0376145   0.0850962   0.0694944   0.0376145 0.000152354 0.000294241 0.000171786 0.000153515   0.0055829   0.0261755 0.000153515   0.0260497   0.0260498    0.101806   0.0260499   0.0694561   0.0261755   0.0260499 1.46662e-06 2.53716e-06 1.50499e-05 1.25389e-06   0.0376145 0.000153515   0.0260499
