8	12	8	1
 0  0  0  0  3  0  0  0  1  0  0  0
 8  0  0  0  3  0  2  0  1  0  0  0
 0  0  0  5  3  0  0  0  1  0 11  4
 0  0  0  0  3  0  2  0  1  0  0  4
 0  0  0  0  0  0  0  0  1 10  0  0
 0  9  0  0  0  0  2  0  1  0  0  0
 0  0  0  5  0 12  0  6  1  0  0  4
 0  0  7  0  0  0  2  6  1  0  0  4
0.2	0.9	0.1	0.6	0.2	0.4	0.3	0.7	1	0.6	0.2	0.7	
0.345	0.09	0.303	0.651	0.445	0.842	0.525	0.419	
------target--------
4
------result--------
8	
------details--------
 0.387729  0.387691  0.641138  0.643602  0.387992  0.387196  0.627657  0.637166
 0.399372   0.39766  0.102086 0.0632992  0.390539  0.390036  0.143567 0.0374634
 1.8432e-05 1.62555e-05    0.166742     0.19934 2.30421e-06 4.23026e-06    0.130797    0.218374
------result2--------
8	4	
------details2--------
         0          0          0   0.387177   0.386377   0.632976   0.642608   0.387691   0.641109   0.643575   0.387139   0.386339   0.632948    0.64258   0.641138   0.641109   0.641138   0.641068   0.640661   0.630313   0.640108   0.643602   0.643575          0   0.643548   0.643158          0          0   0.387177   0.387139   0.641068   0.643548   0.386642   0.627506   0.637049   0.386377   0.386339   0.640661   0.643158   0.386642   0.627019   0.636601   0.632976   0.632948   0.630313   0.632976   0.627506   0.627019   0.626564   0.642608    0.64258   0.640108   0.642608   0.637049   0.636601   0.626564
  0.387729   0.387729   0.387729   0.389739   0.389231   0.141972  0.0369914          0  0.0501907          0   0.389701   0.389193   0.142004  0.0370234          0   0.642847          0    0.64139   0.641664   0.694305   0.666668          0   0.645205   0.643602   0.643797   0.644093   0.643602   0.643602   0.398812   0.397104   0.102253  0.0634166   0.389489   0.143636   0.037584   0.398008   0.396301   0.102295  0.0634536     0.3892   0.143581   0.037638   0.566339   0.577443   0.609486   0.566339   0.628201    0.62836   0.654856   0.574275    0.58564   0.617019   0.574275    0.63759   0.637789   0.689312
         0          0          0   0.398812   0.398008   0.566339   0.574275   0.389974   0.642847   0.645205   0.397104   0.396301   0.577443    0.58564   0.050171  0.0501907   0.688665   0.102253   0.102295   0.609486   0.617019          0          0          0  0.0634166  0.0634536   0.566339   0.574275   0.389739   0.389701    0.64139   0.643797     0.3892   0.628201    0.63759   0.389231   0.389193   0.641664   0.644093   0.389489    0.62836   0.637789   0.141972   0.142004   0.694305   0.695787   0.143636   0.143581   0.689312  0.0369914  0.0370234   0.666668   0.668333   0.037584   0.037638   0.654856
  0.399372   0.399372   0.399372   0.401464   0.400923   0.168894  0.0454849   0.399372   0.369017    0.36703    0.39974   0.399204     0.1629   0.043203   0.399372   0.369017  0.0632992   0.101466   0.101851  0.0210416 0.00457139   0.399372    0.36703  0.0632992  0.0628663  0.0631257   0.012384 0.00266748   0.401464    0.39974   0.101466  0.0628663    0.39205   0.143311  0.0370193   0.400923   0.399204   0.101851  0.0631257    0.39205   0.143551  0.0372674   0.168894     0.1629  0.0210416   0.012384   0.143311   0.143551 0.00692859  0.0454849   0.043203 0.00457139 0.00266748  0.0370193  0.0372674 0.00692859
 1.8432e-05  1.8432e-05  1.8432e-05 2.07741e-05 2.27161e-05    0.131222    0.218819 1.85994e-05    0.192888    0.253219 1.85992e-05 2.05419e-05    0.131139    0.218735    0.194949    0.192888    0.199479    0.166742    0.166743    0.237474    0.260087    0.256181    0.253219     0.19934    0.199341    0.199341    0.248785     0.26399 2.07741e-05 1.85992e-05    0.166742    0.199341 6.55713e-06    0.130797    0.218374 2.27161e-05 2.05419e-05    0.166743    0.199341 6.55713e-06    0.130798    0.218375    0.131222    0.131139    0.237474    0.249476    0.130797    0.130798    0.256409    0.218819    0.218735    0.260087    0.264021    0.218374    0.218375    0.256409
