8	12	8	1
 0  1  0  3  0  0  0  5  0  0  0  0
 0  1  9  3  0  4  0  0  6  0  0  7
 2  1  0  3  0  0  0  0  0  0  0  0
 2  1  0  3  0  4  0  0  0  0 11  7
 0  1  0  0  8  0  0  5  0  0  0  0
 0  1  0  0  0  4  0  0  6 10  0  0
 2  1  0  0  0  0  0  0  0  0  0  0
 2  1  0  0  0  4 12  0  0  0  0  0
0.3	0.7	0.3	0.5	0.9	1	0.7	0.3	0.7	0.6	0.5	0.8	
0.55	0.241	0.376	0.184	0.544	0.702	0.732	0.696	
------target--------
3
------result--------
2	
------details--------
0.682246 0.685339 0.699302 0.695865 0.567632 0.580198 0.579828 0.579252
0.322157 0.186433 0.362913 0.405639 0.600601 0.582425 0.584781 0.582796
  0.0538976    0.086892   0.0531897   0.0415458 0.000537882  2.2156e-06 8.60488e-06 6.42162e-06
------result2--------
3	7	
------details2--------
 0.679911  0.693772  0.690179         0  0.681906  0.693772  0.691566  0.679911  0.697005  0.693505  0.681273   0.68502  0.697005  0.694753         0         0         0  0.695296  0.699147  0.699302  0.697017  0.690179  0.693505  0.695865  0.691714  0.695687  0.695865  0.693596  0.683598  0.681273  0.695296  0.691714   0.56679  0.565696  0.565228  0.681906   0.68502  0.699147  0.695687   0.56679  0.579107  0.578526  0.693772  0.697005         0         0  0.565696  0.579107         0  0.691566  0.694753  0.697017  0.693596  0.565228  0.578526  0.579252
 0.716224  0.644455  0.662435  0.682246  0.682964  0.644455  0.672054  0.716188  0.647003  0.664907  0.691109  0.686015  0.647003  0.675019  0.699302  0.699302  0.699302  0.704962   0.69963         0  0.704214  0.728005  0.730051         0  0.701724  0.696241         0  0.700756         0  0.172551  0.345236   0.38775  0.569407  0.574529  0.570345  0.322337  0.186713  0.362889  0.405531  0.599951   0.58407  0.582086  0.308143  0.174781  0.579828  0.579828  0.600738  0.581354  0.579828  0.310533  0.176897         0  0.185194  0.599859  0.580781         0
 0.716188  0.730568  0.728005         0  0.322337  0.308143  0.310533  0.716224  0.732585  0.730051  0.172551  0.186713  0.174781  0.176897  0.644455  0.647003         0  0.345236  0.362889         0         0  0.662435  0.664907  0.746329   0.38775  0.405531  0.185409  0.185194  0.679234  0.691109  0.704962  0.701724  0.599951  0.600738  0.599859  0.682964  0.686015   0.69963  0.696241  0.569407  0.581354  0.580781  0.644455  0.647003         0         0  0.574529   0.58407         0  0.672054  0.675019  0.704214  0.700756  0.570345  0.582086  0.581058
0.0363304  0.105968  0.128867  0.503394  0.321766  0.386265  0.336798 0.0363304 0.0499894 0.0619392  0.210838   0.18583  0.246635  0.198926  0.105968 0.0499894  0.362913  0.391619  0.362966  0.584781  0.487453  0.128867 0.0619392  0.362913   0.43428  0.405872  0.584781  0.501109  0.503394  0.210838  0.391619   0.43428  0.602003  0.600109  0.601456  0.321766   0.18583  0.362966  0.405872  0.602003  0.586323  0.584327  0.386265  0.246635  0.584781  0.584781  0.600109  0.586323  0.584781  0.336798  0.198926  0.487453  0.501109  0.601456  0.584327  0.584781
   0.134862    0.112523    0.104646    0.105934    0.053898   0.0551751   0.0541645    0.134862    0.130847    0.125573   0.0871658   0.0868925   0.0881571   0.0871519    0.112252    0.130727   0.0531897   0.0536094   0.0531897    0.135502    0.102218    0.104646    0.125573   0.0534464   0.0420005    0.041546    0.075564   0.0600782     0.10594   0.0871658   0.0536094   0.0420005 0.000540466   0.0005542 0.000546353    0.053898   0.0868925   0.0531897    0.041546 0.000540466 1.08628e-05 8.68019e-06   0.0551751   0.0881571 8.60488e-06 8.60488e-06   0.0005542 1.08628e-05 8.60488e-06   0.0541645   0.0871519    0.102218   0.0600782 0.000546353 8.68019e-06 9.74089e-06
