8	12	8	1
 0  0  0  4  0  0  0  0  0  0  0  0
 0  0  0  0  5  0  0  0  0 12  9  2
10  1  3  0  0  0  0  0  0  0  0  0
10  1  0  0  5  0  0  0  0  0  0  2
 0  0  0  4  0  6  7  0  0  0  0  0
 0  0  0  0  0  6  0  0  8  0  9  2
 0  1  3  0  0  0  7  0  0  0  0  0
 0  1  0  0  0  0  0 11  8  0  0  2
0.4	0.1	0.2	0.7	0.6	1	0.5	0.8	0.5	1	0.6	0.5	
0.669	0.973	0.815	0.372	0.348	0.157	0.177	0.769	
------target--------
5
------result--------
7	
------details--------
0.604338 0.604203  0.60491  0.60491 0.695474 0.605489 0.673913 0.604743
0.608056 0.606717 0.606999 0.606999 0.512649 0.607477 0.287502 0.607003
6.66659e-06 3.21253e-06 2.12037e-06 2.12037e-06   0.0175946 7.01817e-07   0.0448286  2.5934e-06
------result2--------
1	7	
------details2--------
0.602852 0.603563 0.603563        0  0.60415 0.695474 0.603396 0.602852 0.603423 0.603423 0.694762 0.604203 0.672853 0.603258 0.603563 0.603423        0  0.69546 0.604722 0.673586 0.603967 0.603563 0.603423        0  0.69546 0.604722 0.673586 0.603967 0.695474 0.694762  0.69546  0.69546   0.6954        0 0.695077  0.60415        0 0.604722 0.604722   0.6954 0.673789 0.604555 0.695474 0.672853 0.673586 0.673586        0 0.673789 0.673276 0.603396 0.603258 0.603967 0.603967 0.695077 0.604555 0.673276
0.605384 0.605669 0.605669 0.604338 0.606151 0.252192 0.605673 0.606585 0.605535 0.605535  0.51155        0 0.287312 0.605535 0.607291 0.605954  0.60491 0.512038  0.60672 0.287435 0.606243 0.607291 0.605954  0.60491 0.512038  0.60672 0.287435 0.606243        0 0.695973 0.695499 0.695499 0.696183 0.695474 0.696035 0.607871 0.605489 0.606814 0.606814  0.51251 0.287482 0.606818 0.639038 0.674661 0.674476 0.674476 0.673913 0.675106 0.674818 0.607125 0.605786 0.606073 0.606073 0.511951 0.606552 0.287393
0.606585 0.607291 0.607291        0 0.607871 0.639038 0.607125 0.605384 0.605954 0.605954 0.695973 0.606573 0.674661 0.605786 0.605669 0.605535        0 0.695499 0.606814 0.674476 0.606073 0.605669 0.605535        0 0.695499 0.606814 0.674476 0.606073 0.252192  0.51155 0.512038 0.512038  0.51251 0.639038 0.511951 0.606151        0  0.60672  0.60672 0.696183 0.675106 0.606552 0.252192 0.287312 0.287435 0.287435        0 0.287482 0.287393 0.605673 0.605535 0.606243 0.606243 0.696035 0.606818 0.674818
 0.60911   0.6094   0.6094 0.608056 0.609873 0.391037 0.609398  0.60911 0.608051 0.608051 0.513436 0.607477 0.287638 0.608055   0.6094 0.608051 0.606999 0.513722 0.608811 0.287619 0.608338   0.6094 0.608051 0.606999 0.513722 0.608811 0.287619 0.608338 0.608056 0.513436 0.513722 0.513722  0.51401 0.287502 0.513654 0.609873 0.607477 0.608811 0.608811  0.51401 0.287697 0.608814 0.391037 0.287638 0.287619 0.287619 0.287502 0.287697 0.287659 0.609398 0.608055 0.608338 0.608338 0.513654 0.608814 0.287659
9.91814e-06 8.82523e-06 8.82523e-06 6.66659e-06 7.37781e-06   0.0477475  9.2936e-06 9.91814e-06 5.36102e-06 5.36102e-06   0.0175959 3.34707e-06   0.0448301 5.83116e-06 8.82523e-06 5.36102e-06 2.12037e-06   0.0175952 2.82909e-06    0.044829 4.73834e-06 8.82523e-06 5.36102e-06 2.12037e-06   0.0175952 2.82909e-06    0.044829 4.73834e-06   0.0428095   0.0175959   0.0175952   0.0175952   0.0175948    0.046229   0.0175955 7.37781e-06 7.01817e-07 2.82909e-06 2.82909e-06   0.0175948   0.0448289 3.30129e-06   0.0477475   0.0448301    0.044829    0.044829   0.0448286   0.0448289   0.0448297  9.2936e-06 5.83116e-06 4.73834e-06 4.73834e-06   0.0175955 3.30129e-06   0.0448297
