8	12	8	1
 0  0  0  1  0  0  0  7  0  4  0 12
 0 11  0  0  0  0  0  0  0  4  5  0
 0  0  0  1  0  0  3  0  0  4  0  0
 0  0  0  0  0  0  3  0  0  4  5  0
 0  0  8  1  2  0  0  7  0  0  0  0
 6  0  0  0  2  0  0  0  9  0  5  0
 0  0  0  1  2  0  3  0  0  0  0  0
 6  0  0  0  2 10  3  0  0  0  5  0
0.4	0.2	0.6	0.9	0.6	0.9	0.3	0.7	0.4	0.5	0.4	0.7	
0.189	0.609	0.588	0.211	0.071	0.261	0.337	0.738	
------target--------
4
------result--------
6	
------details--------
 0.73384 0.796222 0.733499  0.80243 0.735164 0.787309 0.734888 0.778634
0.737984 0.639896 0.738381 0.637808 0.736682 0.451009 0.737897 0.692773
9.81397e-06    0.014695 1.39883e-05   0.0166171 2.13792e-07   0.0340359 2.28706e-06  0.00475298
------result2--------
4	3	
------details2--------
0.795907 0.733371 0.802105 0.733782 0.795689 0.733371 0.787664 0.795907 0.800318 0.800318 0.796197 0.793879 0.800318 0.785462        0        0        0 0.733441 0.800115 0.733499  0.78794 0.802105        0  0.80243 0.802413        0  0.80243        0 0.733782 0.796197 0.733441 0.802413 0.787275 0.734831 0.778599 0.795689 0.793879 0.800115 0.800115 0.787275 0.789956 0.776071 0.733371 0.800318        0        0 0.734831 0.789956        0 0.787664 0.785462  0.78794  0.78794 0.778599 0.776071 0.778634
0.442687  0.73711 0.461165 0.735316 0.422956  0.73711 0.684145 0.799102 0.768938 0.768938 0.796873 0.819045 0.768938 0.807973 0.733499 0.733499 0.733499 0.734984 0.410727        0 0.667195 0.805392  0.80243        0 0.802863  0.80243        0  0.80243 0.737927 0.639866 0.738324 0.637772 0.451027 0.737841 0.692726  0.77118 0.774872 0.765035 0.765035 0.788175 0.766741 0.800012 0.737777 0.638373 0.734888 0.734888 0.736356 0.442185 0.734888 0.762048 0.766293 0.754818 0.754818 0.779526 0.803644        0
0.799102 0.734663 0.805392 0.737927  0.77118 0.737777 0.762048 0.442687 0.431104  0.82062 0.639866 0.774872 0.638373 0.766293  0.73711 0.768938        0 0.738324 0.765035 0.738601 0.754818 0.461165 0.768938        0 0.637772 0.765035 0.600719 0.754818 0.735316 0.796873 0.734984 0.802863 0.788175 0.736356 0.779526 0.422956 0.819045 0.410727 0.824954 0.451027 0.442185 0.803644  0.73711 0.768938        0        0 0.737841 0.766741        0 0.684145 0.807973 0.667195  0.82423 0.692726 0.800012 0.680171
0.724522 0.738775 0.723647 0.739463 0.521172 0.740345 0.711597 0.724522 0.729474 0.606054 0.640675 0.237989 0.657663 0.535967 0.738775 0.729474 0.738381 0.739863 0.552077 0.737897 0.727699 0.723647 0.606054 0.738381 0.638738 0.244302 0.737897  0.57747 0.739463 0.640675 0.739863 0.638738 0.450549 0.739371 0.693997 0.521172 0.237989 0.552077 0.244302 0.450549 0.539665 0.302211 0.740345 0.657663 0.737897 0.737897 0.739371 0.539665 0.737897 0.711597 0.535967 0.727699  0.57747 0.693997 0.302211 0.737897
  0.0285264  1.4692e-05   0.0297965 1.00324e-05    0.034988 1.28561e-05  0.00516031   0.0285264   0.0303996   0.0205757    0.014695   0.0601718   0.0149225    0.026319 1.44453e-05   0.0002672 1.39883e-05 1.42086e-05   0.0360186 1.40855e-05  0.00613476   0.0297965   0.0205025   0.0812082   0.0166172   0.0602315   0.0200073   0.0230679 1.00324e-05    0.014695 1.42086e-05   0.0166172    0.034036 2.50267e-06   0.0047531    0.034988   0.0601718   0.0360186   0.0603314    0.034036    0.034414   0.0515053 1.28561e-05   0.0149225 2.28706e-06 2.28706e-06 2.50267e-06    0.034414 2.28706e-06  0.00516031    0.026319  0.00613476   0.0236637   0.0047531   0.0515053  0.00544327
