8	12	12	1
 0 11  0  0  0  4  0  6  3  8  0  0
 0  0  0  0  0  4  5  0  3  0  0  0
 0  0  2  0  0  0  0  0  3  8  0 10
 0  0  2  0  0  0  0  0  3  0  0  0
 1  0  0  0  7  0  0  6  0  0  0  0
 1  0  0  0  0  0  5  0  0  0  9  0
 1  0  2 12  7  0  0  0  0  0  0 10
 1  0  2  0  0  0  0  0  0  0  9  0
0.7	0.9	0.6	0.7	0.5	1	0.7	0.5	0.5	0.4	0.2	0.7	
0.717	0.262	0.42	0.714	0.225	0.144	0.65	0.016	
------target--------
6
------result--------
8	
------details--------
 0.810133  0.810477  0.810304  0.810531  0.810823  0.833384  0.810339  0.831378
 0.811498  0.811553  0.811596  0.811723   0.81195  0.669444  0.811547 0.0922188
1.46433e-06 9.28658e-07  1.3615e-06 1.05033e-06  4.0149e-07  0.00917283 1.18825e-06   0.0351908
------result2--------
6	8	
------details2--------
 0.810087  0.809926  0.810133  0.810008   0.83291  0.809453  0.830593  0.810087  0.810254  0.810477  0.810353         0  0.809786  0.833079  0.809926  0.810254  0.810304  0.810177  0.832985         0  0.830651         0         0         0  0.810408  0.833079  0.809838  0.830731  0.810008  0.810353  0.810177  0.810408  0.833326         0  0.831311   0.83291  0.833079  0.832985  0.833079  0.833326  0.833125         0  0.809453  0.809786  0.809838  0.809838  0.810339  0.833125  0.831144  0.830593  0.833079  0.830651  0.830731  0.831311         0  0.831144
 0.810433  0.810853         0  0.811144  0.689312  0.810746 0.0934777  0.811119  0.811235         0  0.811484  0.810477  0.811096 0.0854901  0.810933  0.810627         0  0.811319   0.69115  0.810304 0.0936479  0.810531  0.810531  0.810531  0.811537  0.693279  0.811153 0.0938375  0.811376  0.811431  0.811474  0.811601  0.669218  0.810823 0.0922224  0.833693  0.833913  0.833768  0.833913   0.83386  0.833644  0.833384  0.810896  0.810978  0.811155  0.811155         0  0.662658 0.0918693  0.831911  0.829189  0.832113  0.832592  0.831925  0.831378  0.831609
 0.811119  0.810933  0.811183  0.811376  0.833693  0.810896  0.831911  0.810433  0.810627  0.810882  0.811431  0.833913  0.810978  0.829189  0.810853  0.811235    0.8113  0.811474  0.833768  0.811155  0.832113         0         0         0  0.811601  0.833913  0.811155  0.832592  0.811144  0.811484  0.811319  0.811537   0.83386         0  0.831925  0.689312 0.0854901   0.69115  0.693279  0.669218  0.662658  0.815519  0.810746  0.811096   0.81104  0.811153  0.811435  0.833644  0.831609 0.0934777 0.0854901 0.0936479 0.0938375 0.0922224         0 0.0918693
 0.811709  0.811761  0.811723  0.812507  0.651889  0.812135 0.0913567  0.811709  0.811721  0.811723  0.812561  0.752568    0.8122  0.103059  0.811761  0.811721  0.811723  0.812616  0.638483  0.811867 0.0907751  0.811723  0.811723  0.811723  0.812731  0.590271  0.812402 0.0892545  0.812507  0.812561  0.812616  0.812731   0.67133   0.81195 0.0921889  0.651889  0.752568  0.638483  0.590271   0.67133   0.67586 0.0922188  0.812135    0.8122  0.811867  0.812402   0.81195   0.67586 0.0925777 0.0913567  0.103059 0.0907751 0.0892545 0.0921889 0.0922188 0.0925777
1.63785e-06 1.95033e-06 1.60194e-06 1.87006e-06  0.00928132 2.75934e-06   0.0351924 1.63785e-06 1.46152e-06  1.0911e-06 1.33287e-06  0.00180349 2.24331e-06   0.0352156 1.95033e-06 1.46152e-06 1.42246e-06 1.77396e-06  0.00938033 1.55602e-06    0.035193 1.05033e-06 1.05033e-06 1.05033e-06 1.45394e-06  0.00974341 2.40353e-06   0.0351943 1.87006e-06 1.33287e-06 1.77396e-06 1.45394e-06  0.00917305  4.0149e-07   0.0351909  0.00928132   0.0240117  0.00938033  0.00974341  0.00917305   0.0091865   0.0352989 2.75934e-06 2.24331e-06 2.11705e-06 2.40353e-06 1.26205e-06   0.0091865    0.035191   0.0351924   0.0352156    0.035193   0.0351943   0.0351909   0.0351908    0.035191
