8	12	12	1
 9  4  0  0  0  0  1  0  5  2  3  0
 0  4  0  0  0  0  1  0  0  0  3  0
 0  0  0  0  0  0  0  0  0  2  3  8
 0  0  0  0  6  0  0 12  0  0  3  8
 0  0  0  0  0  0  1  0  5  2  0  0
 0  0  0 11  0  7  1  0  0  0  0  0
 0  0  0  0  0  0  0  0  0  2  0  0
 0  0 10  0  6  7  0  0  0  0  0  0
0.2	0.6	0.1	1	0.3	0.5	0.9	0.1	0.7	0.6	0.4	0.6	
0.306	0.978	0.123	0.897	0.778	0.28	0.358	0.805	
------target--------
3
------result--------
4	
------details--------
 0.83698 0.837645 0.903131 0.895046 0.837494 0.837898 0.837881 0.838027
 0.83849 0.838702 0.659301 0.491596 0.838668 0.838945  0.83893 0.839022
1.60584e-06 1.01037e-06   0.0384193   0.0565583 1.26906e-06 6.30518e-07 6.72359e-07 2.51888e-07
------result2--------
3	7	
------details2--------
 0.83698 0.902164 0.901562  0.83698 0.836773  0.83698 0.836901        0 0.903198 0.894927 0.837014  0.83744 0.837421 0.837568 0.902164 0.903198        0 0.902145 0.903076 0.903131 0.903181 0.901562 0.894927 0.902539 0.901555 0.894954 0.902539 0.895065        0 0.837014 0.902145 0.901555 0.837289 0.837494 0.837418 0.836773  0.83744 0.903076 0.894954 0.837289 0.837678 0.837824        0 0.837421        0 0.902539        0 0.837678 0.837806 0.836901 0.837568 0.903181 0.895065 0.837418 0.837824 0.837806
       0        0 0.474188        0 0.837832        0 0.837928 0.837645 0.660022 0.493175 0.838216 0.838492 0.838476 0.838578   0.9036 0.903045 0.903131 0.904685  0.90336        0 0.902516 0.892816 0.895201 0.867964 0.889069 0.895426 0.867964 0.894804 0.837494 0.838103        0 0.472242 0.838342        0 0.838427 0.838288   0.8385 0.659178 0.491933 0.838467 0.838729 0.838823 0.837881 0.838483 0.837881 0.468282 0.837881 0.838726 0.838805 0.838416 0.838629 0.659262 0.492811 0.838595 0.838872 0.838857
0.838196   0.9036 0.892816 0.838082 0.838288 0.838317 0.838416        0 0.903045 0.895201 0.838103   0.8385 0.838483 0.838629        0 0.660022 0.867964        0 0.659178        0 0.659262 0.474188 0.493175 0.909712 0.472242 0.491933 0.468282 0.492811        0 0.838216 0.904685 0.889069 0.838467  0.83849 0.838595 0.837832 0.838492  0.90336 0.895426 0.838342 0.838726 0.838872        0 0.838476        0 0.867964        0 0.838729 0.838857 0.837928 0.838578 0.902516 0.894804 0.838427 0.838823 0.838805
0.838702 0.708825 0.498235 0.838668 0.839338  0.83893  0.83942 0.838702 0.658329 0.489467 0.839285 0.839549 0.839546 0.839626 0.708825 0.658329 0.177199 0.757676 0.659821  0.83893 0.659798 0.498235 0.489467 0.177199 0.511807 0.490169 0.608553   0.4755 0.838668 0.839285 0.757676 0.511807 0.839516  0.83893 0.839596 0.839338 0.839549 0.659821 0.490169 0.839516 0.839777 0.839868  0.83893 0.839546  0.83893 0.608553  0.83893 0.839777 0.839862  0.83942 0.839626 0.659798   0.4755 0.839596 0.839868 0.839862
1.77602e-06   0.0598753   0.0566582 1.80506e-06   2.244e-06 1.81442e-06 1.86511e-06 1.01037e-06   0.0384197   0.0565594 2.32084e-06 1.64579e-06 1.69493e-06 1.26691e-06   0.0598753   0.0384197   0.0992373   0.0810054   0.0384194    0.116984   0.0384194   0.0566582   0.0565594   0.0992539    0.056847   0.0565586   0.0582158   0.0565639 1.26906e-06 2.32084e-06   0.0810054    0.056847 1.90531e-06 1.35824e-06 1.52607e-06   2.244e-06 1.64579e-06   0.0384194   0.0565586 1.90531e-06 1.30567e-06 8.84242e-07 6.72359e-07 1.69493e-06 6.72359e-07   0.0582158 6.72359e-07 1.30567e-06 9.26604e-07 1.86511e-06 1.26691e-06   0.0384194   0.0565639 1.52607e-06 8.84242e-07 9.26604e-07
