8	12	12	1
 0  0  2  0  0  0  5  0  0  0  0  3
 0  0  2  4  0  0  5  0  0  0  8  0
 0  1  2  0 10  0  0  0  0  0  0  3
 9  1  2  0  0  0  0  0  0  0  8  0
 0  0  0  0  0 11  0  6  0  0  0  3
 0  0  0  4  0  0  0  0 12  0  0  0
 0  1  0  0  0  0  0  6  0  7  0  3
 9  1  0  0  0  0  0  0  0  7  0  0
0.1	0.4	0.7	0.7	0.9	0.7	1	0.6	0.7	0.6	1	0.4	
0.391	0.127	0.962	0.899	0.608	0.339	0.919	0.387	
------target--------
2
------result--------
4	
------details--------
0.832921 0.931666 0.832832 0.917404 0.833115 0.833258 0.833249 0.826448
0.834896 0.648545 0.834028 0.464533 0.834199 0.834311 0.833735 0.840912
2.76891e-06   0.0626373 1.28552e-06   0.0901226 9.10013e-07 6.04592e-07 2.06905e-07 0.000188394
------result2--------
2	1	
------details2--------
       0 0.832296 0.931323  0.83258 0.832725  0.83274 0.824994 0.931666 0.931591        0 0.931656 0.931658 0.931566  0.93127 0.832296 0.931591 0.917155 0.832489 0.832634 0.832625 0.825702 0.931323 0.931323 0.917155  0.91729 0.917337 0.917206        0  0.83258 0.931656 0.832489  0.91729 0.832918 0.832909 0.826031 0.832725 0.931658 0.832634 0.917337 0.832918 0.833053 0.826208  0.83274 0.931566 0.832625 0.917206 0.832909 0.833053        0 0.824994  0.93127 0.825702        0 0.826031 0.826208 0.826448
0.832921 0.833497 0.435667  0.83367 0.833783 0.833169 0.841339        0 0.931734 0.931666 0.931686 0.931697 0.931802 0.932078 0.834275 0.648352 0.466094 0.833581 0.833695 0.833114 0.840336 0.881837 0.881837 0.917633 0.917656 0.917698 0.917667 0.917404 0.834558  0.64846  0.83369 0.465637 0.833976 0.833397 0.840603 0.834701 0.648495 0.833833  0.46514 0.834005  0.83354 0.840733  0.83462 0.649151 0.833822 0.492216 0.833994 0.834106 0.833249 0.830372 0.634909  0.82713 0.826448 0.827358  0.82749        0
       0 0.834275 0.881837 0.834558 0.834701  0.83462 0.830372        0 0.648352 0.881837  0.64846 0.648495 0.649151 0.634909 0.833497 0.931734 0.917633  0.83369 0.833833 0.833822  0.82713 0.435667 0.934634 0.466094 0.465637  0.46514 0.492216        0  0.83367 0.931686 0.833581 0.917656 0.834005 0.833994 0.827358 0.833783 0.931697 0.833695 0.917698 0.833976 0.834106  0.82749 0.833169 0.931802 0.833114 0.917667 0.833397  0.83354        0 0.841339 0.932078 0.840336 0.917667 0.840603 0.840733 0.888599
0.834896 0.835476 0.568304 0.835649 0.835762 0.835281 0.839749 0.834896 0.648725 0.194676 0.648734 0.648766 0.647704 0.663664 0.835476 0.648725 0.463067 0.834777 0.834889 0.834314 0.841451 0.568304 0.194676 0.463067 0.462057 0.461821 0.419925  0.64096 0.835649 0.648734 0.834777 0.462057 0.835061 0.834486   0.8416 0.835762 0.648766 0.834889 0.461821 0.835061 0.834599 0.841706 0.835281 0.647704 0.834314 0.419925 0.834486 0.834599 0.833735 0.839749 0.663664 0.841451  0.64096   0.8416 0.841706 0.833735
2.76891e-06 4.06683e-06   0.0937337 3.68858e-06 3.37986e-06  2.9908e-06 0.000199591    0.166812   0.0626373    0.146261   0.0626373   0.0626373   0.0626377   0.0627951 4.06683e-06   0.0626373   0.0901238 2.20431e-06 1.89588e-06 1.49715e-06 0.000189871   0.0937337    0.146266   0.0901238   0.0901238   0.0901233   0.0905842    0.130436 3.68858e-06   0.0626373 2.20431e-06   0.0901238 1.51919e-06  1.1207e-06 0.000189463 3.37986e-06   0.0626373 1.89588e-06   0.0901233 1.51919e-06 8.13976e-07 0.000189102  2.9908e-06   0.0626377 1.49715e-06   0.0905842  1.1207e-06 8.13976e-07 2.06905e-07 0.000199591   0.0627951 0.000189871    0.025144 0.000189463 0.000189102 0.000858999
