8	12	12	1
 0  2  1 12  0  8  0  0  0  0  0  0
 3  2  1  0  0  8  0  6  0  0  0  0
 0  2  1  0  0  0  0  0  0  5  0 10
 3  2  1  0  0  0  0  0  0  5  0 10
 0  0  1  0  0  0  4  0  0  0  9  0
 3  0  1  0  0  0  4  6  0  0  0  0
 0  0  1  0 11  0  4  0  7  5  9  0
 3  0  1  0  0  0  4  0  7  5  0  0
0.2	0.6	0.9	0.2	0.8	0.7	0.3	0.2	0.3	0.9	0.9	0.2	
0.183	0.144	0.603	0.886	0.907	0.292	0.396	0.05	
------target--------
2
------result--------
1	
------details--------
0.884054 0.885683 0.811171 0.811171 0.810733  0.81142 0.810521 0.811444
0.247788 0.335512 0.812318 0.812318   0.8121 0.812147 0.812001 0.812557
   0.102383    0.090531 8.12693e-07 8.12693e-07 1.51938e-06 9.09525e-08 1.65929e-06 5.86812e-08
------result2--------
2	6	
------details2--------
 0.885176  0.884161  0.884161  0.883817  0.885176  0.883814  0.884057         0  0.885819  0.885819  0.885477  0.885683  0.885488  0.885687  0.884161  0.885819         0  0.810437  0.811129  0.810222  0.811154  0.884161  0.885819         0  0.810437  0.811129  0.810222  0.811154  0.883817  0.885477  0.810437  0.810437  0.810691         0  0.810716  0.885176         0  0.811129  0.811129  0.810691  0.810479  0.811403  0.883814  0.885488  0.810222  0.810222  0.810521  0.810479  0.810521  0.884057  0.885687  0.811154  0.811154  0.810716  0.811403         0
 0.865524  0.883738  0.883738  0.884262  0.865524  0.884192  0.883866  0.885683  0.885283  0.885283  0.885864         0  0.885795  0.885406  0.249142  0.336993  0.811171  0.811812  0.811867  0.811713  0.812277  0.249142  0.336993  0.811171  0.811812  0.811867  0.811713  0.812277  0.248458  0.336185  0.811598  0.811598  0.811428  0.810733  0.811848  0.245753   0.81142  0.812279  0.812279  0.812059  0.811961  0.812517  0.248904  0.336658   0.81139   0.81139         0  0.811221         0  0.247839  0.335567  0.812302  0.812302  0.812083  0.812131  0.811444
 0.899931  0.249142  0.249142  0.248458  0.245753  0.248904  0.247839  0.865524  0.336993  0.336993  0.336185         0  0.336658  0.335567  0.883738  0.885283         0  0.811598  0.812279   0.81139  0.812302  0.883738  0.885283         0  0.811598  0.812279   0.81139  0.812302  0.884262  0.885864  0.811812  0.811812  0.812059         0  0.812083  0.865524         0  0.811867  0.811867  0.811428  0.811221  0.812131  0.884192  0.885795  0.811713  0.811713   0.81149  0.811961  0.811988  0.883866  0.885406  0.812277  0.812277  0.811848  0.812517         0
0.0178272  0.243653  0.243653  0.247189  0.290606  0.247133  0.244295 0.0178272   0.33098   0.33098  0.334911  0.812147  0.334839   0.33173  0.243653   0.33098  0.812318  0.812962   0.81302  0.812865  0.813421  0.243653   0.33098  0.812318  0.812962   0.81302  0.812865  0.813421  0.247189  0.334911  0.812962  0.812962  0.812792    0.8121  0.813216  0.290606  0.812147   0.81302   0.81302  0.812792  0.812695  0.813253  0.247133  0.334839  0.812865  0.812865    0.8121  0.812695  0.812557  0.244295   0.33173  0.813421  0.813421  0.813216  0.813253  0.812557
    0.14913    0.102385    0.102385    0.102383    0.102495    0.102383    0.102383    0.149098   0.0905333   0.0905333   0.0905313     0.14968   0.0905313   0.0905311    0.102385   0.0905333 8.12693e-07 2.34356e-06 9.06626e-07 2.48645e-06 8.72337e-07    0.102385   0.0905333 8.12693e-07 2.34356e-06 9.06626e-07 2.48645e-06 8.72337e-07    0.102383   0.0905313 2.34356e-06 2.34356e-06  1.6123e-06 1.51938e-06 1.58011e-06    0.102495 9.09525e-08 9.06626e-07 9.06626e-07  1.6123e-06 1.75271e-06 1.49794e-07    0.102383   0.0905313 2.48645e-06 2.48645e-06 1.76358e-06 1.75271e-06  1.6745e-06    0.102383   0.0905311 8.72337e-07 8.72337e-07 1.58011e-06 1.49794e-07 5.86812e-08
