8	12	12	1
 0  0  0  0  0  0  0  0  7  1  0 10
 4  0  8  3  0  0  0  0  0  1  0 10
 0  0  0  0  2  0  0  0  7  1  0  0
 0  0  8  3  2  6  0  0  0  1  0  0
 0  0  0  0  0  0 11  0  0  1  9  0
 4  5  0  3  0  0  0 12  0  1  0  0
 0  0  0  0  2  0  0  0  0  1  9  0
 0  5  0  3  2  6  0  0  0  1  0  0
0.7	0.4	1	0.3	0.1	0.7	0.4	0.5	0.1	0.8	0.7	0.1	
0.226	0.245	0.233	0.131	0.734	0.827	0.831	0.425	
------target--------
4
------result--------
2	
------details--------
0.825548 0.902238 0.827187 0.912364 0.826469 0.826858 0.826668 0.826835
0.851472 0.295343 0.828219 0.635496 0.827754 0.827949 0.827856 0.828426
 0.00014634    0.104697 8.22538e-08   0.0528548 1.40936e-06 9.10929e-07 1.22511e-06 1.59838e-06
------result2--------
2	1	
------details2--------
        0  0.825548  0.912263  0.824759   0.82517  0.824979   0.82499         0  0.902242  0.912248  0.902033  0.902167  0.902031  0.912248         0  0.902242  0.912379  0.826445  0.826834  0.826644  0.826811  0.912263         0  0.912379  0.912357  0.912397   0.91228  0.912364  0.824759  0.902033  0.826445  0.912357  0.826109  0.826469  0.826089   0.82517  0.902167  0.826834  0.912397  0.826109  0.826311   0.82648  0.824979  0.902031  0.826644   0.91228         0  0.826311  0.826289   0.82499  0.912248  0.826811         0  0.826089   0.82648  0.826289
 0.825548         0  0.631801  0.826126  0.826339  0.826225  0.827352  0.902238  0.902043  0.871371  0.902388  0.902385  0.902484  0.871371  0.827187  0.296681  0.635509  0.827731  0.827926  0.827833  0.828402  0.913787  0.912364  0.911726  0.912369  0.912294  0.912464         0  0.850855  0.298119    0.8275  0.635434  0.827214         0  0.827687  0.851184  0.296892  0.827879  0.635498  0.827403  0.827506  0.828075  0.851013  0.296672   0.82769  0.635385  0.826668  0.827411  0.827886  0.853664   0.27431  0.827846  0.826835   0.82738  0.827576  0.827483
 0.902043  0.864062  0.913787  0.850855  0.851184  0.851013  0.853664         0  0.296681  0.914872  0.298119  0.296892  0.296672   0.27431         0  0.902043  0.911726    0.8275  0.827879   0.82769  0.827846  0.631801  0.871371  0.635509  0.635434  0.635498  0.635385         0  0.826126  0.902388  0.827731  0.912369  0.827403  0.827367   0.82738  0.826339  0.902385  0.827926  0.912294  0.827214  0.827411  0.827576  0.826225  0.902484  0.827833  0.912464         0  0.827506  0.827483  0.827352  0.871371  0.828402         0  0.827687  0.828075  0.827886
 0.828464  0.828219  0.694252  0.851942  0.852098  0.852033  0.844272  0.828464  0.229854 0.0909073  0.293262  0.292031  0.293735  0.396243  0.828219  0.229854   0.63494  0.828769  0.828962  0.828869  0.829464  0.694252 0.0909073   0.63494  0.635543  0.635493  0.635631  0.828426  0.851942  0.293262  0.828769  0.635543  0.828498  0.827856  0.828977  0.852098  0.292031  0.828962  0.635493  0.828498  0.828599  0.829173  0.852033  0.293735  0.828869  0.635631  0.827856  0.828599  0.829078  0.844272  0.396243  0.829464  0.828426  0.828977  0.829173  0.829078
0.000460909 0.000219273   0.0530031 0.000147895 0.000147358 0.000147658 0.000153582    0.159523    0.104725    0.143929    0.104699    0.104699    0.104698    0.106754 8.22538e-08    0.104725   0.0528548 1.49367e-06 9.94688e-07 1.30869e-06 1.68195e-06   0.0530031    0.143927   0.0528548   0.0528548   0.0528548   0.0528548    0.146458 0.000147895    0.104699 1.49367e-06   0.0528548 2.33385e-06 1.48922e-06 3.02098e-06 0.000147358    0.104699 9.94688e-07   0.0528548 2.33385e-06 2.14574e-06 2.51876e-06 0.000147658    0.104698 1.30869e-06   0.0528548 1.22511e-06 2.14574e-06  2.8333e-06 0.000153582    0.106754 1.68195e-06 1.59838e-06 3.02098e-06 2.51876e-06  2.8333e-06
