8	12	12	1
 0  0  0  2  0  0  0  0  0  0  0 10
 0  0  0  2  0  0  0  3  7  0  0  0
 6  0  0  2  0  0  0  0  0  0  0  0
 6 12  0  2  0  0  0  3  7  0  0  0
 0  0  1  0  0  4  5  0  0  0  0 10
 0  0  1  0  0  0  5  3  0  8  0  0
 0  0  1  0 11  4  0  0  0  0  9  0
 0  0  1  0  0  0  0  3  0  8  9  0
0.8	0.1	0.5	0.9	0.1	0.9	0.2	0.3	1	0.3	0.8	0.6	
0.754	0.458	0.914	0.579	0.465	0.914	0.321	0.092	
------target--------
8
------result--------
7	
------details--------
0.875821 0.875936 0.875796 0.875429 0.875821 0.876133  0.92244  0.92663
0.876663 0.876818  0.87667 0.876588 0.876663 0.876575 0.336918  0.74414
8.18405e-07 8.05605e-07 8.80629e-07  1.3086e-06 8.18405e-07 1.61633e-07   0.0726904   0.0274733
------result2--------
7	8	
------details2--------
0.875517 0.875374 0.875002        0 0.875714 0.922309 0.926587 0.875517 0.875464        0 0.875517 0.875832 0.922273   0.9265 0.875374 0.875464        0 0.875374  0.87569  0.92224   0.9265 0.875002 0.875429 0.875429 0.875002 0.875321  0.92206 0.926375        0 0.875517 0.875374 0.875002 0.875714 0.922309 0.926587 0.875714 0.875832  0.87569 0.875321 0.875714 0.926487        0 0.922309 0.922273  0.92224  0.92206 0.922309 0.926487 0.926487 0.926587   0.9265   0.9265 0.926375 0.926587  0.92663        0
0.876404 0.876256 0.876173 0.875821 0.876164 0.339316 0.744546 0.876364 0.876379 0.875936 0.876364 0.876277  0.33755  0.74414 0.876224 0.876396 0.875796 0.876224 0.876138 0.338497 0.744319 0.875859        0        0 0.875859 0.875774 0.339991 0.744444 0.875821 0.876404 0.876256 0.876173 0.876164 0.339316 0.744546  0.87656 0.876715 0.876566 0.876484  0.87656 0.322733 0.876133 0.922573 0.922762 0.922636 0.922605 0.922573 0.909493 0.909493 0.926674 0.926881 0.926757 0.926741 0.926674        0  0.92663
0.876364 0.876224 0.875859        0  0.87656 0.922573 0.926674 0.876404 0.876396        0 0.876404 0.876715 0.922762 0.926881 0.876256 0.876379        0 0.876256 0.876566 0.922636 0.926757 0.876173 0.876368 0.876374 0.876173 0.876484 0.922605 0.926741        0 0.876364 0.876224 0.875859  0.87656 0.922573 0.926674 0.876164 0.876277 0.876138 0.875774 0.876164 0.909493        0 0.339316  0.33755 0.338497 0.339991 0.339316 0.322733 0.931176 0.744546  0.74414 0.744319 0.744444 0.744546        0 0.909493
0.877248 0.877099 0.877018 0.876663 0.877006 0.334403 0.743714 0.877248 0.877274 0.876818 0.877248  0.87716 0.335675 0.744139 0.877099 0.877274  0.87667 0.877099 0.877012 0.335338 0.743961 0.877018 0.876818  0.87667 0.877018 0.876931  0.33555 0.744005 0.876663 0.877248 0.877099 0.877018 0.877006 0.334403 0.743714 0.877006  0.87716 0.877012 0.876931 0.877006 0.397062 0.876575 0.334403 0.335675 0.335338  0.33555 0.334403 0.397062  0.10531 0.743714 0.744139 0.743961 0.744005 0.743714 0.876575  0.10531
1.62994e-06 1.70717e-06 2.13872e-06 8.18405e-07 9.84522e-07   0.0726916   0.0274734 1.62994e-06 1.74345e-06 8.05605e-07 1.62994e-06 9.69714e-07   0.0726909   0.0274735 1.70717e-06 1.74345e-06 8.80629e-07 1.70717e-06 1.04585e-06   0.0726911   0.0274734 2.13872e-06  1.4715e-06 1.36488e-06 2.13872e-06 1.47546e-06   0.0726915   0.0274735 8.18405e-07 1.62994e-06 1.70717e-06 2.13872e-06 9.84522e-07   0.0726916   0.0274734 9.84522e-07 9.69714e-07 1.04585e-06 1.47546e-06 9.84522e-07   0.0731646 1.61633e-07   0.0726916   0.0726909   0.0726911   0.0726915   0.0726916   0.0731646   0.0987804   0.0274734   0.0274735   0.0274734   0.0274735   0.0274734   0.0969088   0.0987769
