8	12	12	1
 0  0  0  1  5  0  0  0  9  0  0  0
 0  0  0  1  5  6  7  2  0  0  0  0
 0  8  0  0  0  0  0  0  0 10 11  0
 0  8  0  0  0  0  7  2  0  0  0  0
 4  0  0  1  0  0  0  0  9  0  0  0
 4  0  0  1  0  6  0  2  0  0  0  0
 0  0  3  0  0  0  0  0  0 10  0 12
 0  0  3  0  0  0  0  2  0  0  0  0
0.9	0.1	0.1	0.2	0.3	0.3	0.4	0.5	0.9	0.4	0.5	0.6	
0.532	0.326	0.017	0.144	0.184	0.651	0.346	0.778	
------target--------
4
------result--------
3	
------details--------
0.810126 0.810449 0.820872   0.8219 0.810126 0.810458 0.810402  0.81058
0.811414 0.811248 0.315007 0.722251 0.811414 0.811609 0.811572 0.811725
1.31639e-06 4.10101e-07   0.0121018  0.00296673 1.31639e-06 6.37864e-07 7.78443e-07 2.93729e-07
------result2--------
3	4	
------details2--------
 0.809906  0.820433  0.821477         0  0.809915  0.809858  0.810039  0.809906  0.821698         0  0.809906  0.810449  0.810182  0.810362  0.820433  0.821698  0.821824  0.820433   0.82068  0.820733  0.820862  0.821477  0.821775         0  0.821477  0.821775  0.821778    0.8219         0  0.809906  0.820433  0.821477  0.809915  0.809858  0.810039  0.809915         0   0.82068  0.821775  0.809915  0.810192  0.810371  0.809858  0.810182  0.820733  0.821778  0.809858  0.810192  0.810402  0.810039  0.810362  0.820862    0.8219  0.810039  0.810371         0
 0.810714  0.314223  0.721463  0.810126  0.811076  0.811038  0.811196  0.811199  0.297943  0.810449  0.811199         0  0.811361   0.81152  0.821482  0.818648  0.812445  0.821482  0.821748  0.821351  0.820993  0.822487  0.822439    0.8219  0.822487  0.822439  0.822321  0.821907  0.810126  0.810714  0.314223  0.721463  0.811076  0.811038  0.811196  0.811208  0.810458    0.3155  0.729065  0.811208  0.811369  0.811526  0.811152  0.810991   0.31362  0.721486  0.811152  0.811352         0   0.81133  0.811167  0.314049  0.721813   0.81133  0.811527   0.81058
 0.811199  0.821482  0.822487         0  0.811208  0.811152   0.81133  0.810714  0.818648  0.822439  0.810714  0.810527  0.810991  0.811167  0.314223  0.297943   0.83164  0.314223    0.3155   0.31362  0.314049  0.721463         0  0.812445  0.721463  0.729065  0.721486  0.721813         0  0.811199  0.821482  0.822487  0.811208  0.811152   0.81133  0.811076         0  0.821748  0.822439  0.811076  0.811352  0.811527  0.811038  0.811361  0.821351  0.822321  0.811038  0.811369  0.811497  0.811196   0.81152  0.820993  0.821907  0.811196  0.811526         0
 0.812001  0.316119  0.723361  0.811414  0.812362  0.812325  0.812478  0.812001  0.374487  0.793016  0.812001  0.811609  0.812159  0.812308  0.316119  0.374487 0.0471944  0.316119  0.312727  0.319998  0.327903  0.723361  0.793016 0.0471944  0.723361  0.668298  0.724956  0.727943  0.811414  0.812001  0.316119  0.723361  0.812362  0.812325  0.812478  0.812362  0.811609  0.312727  0.668298  0.812362  0.812522  0.812675  0.812325  0.812159  0.319998  0.724956  0.812325  0.812522  0.811725  0.812478  0.812308  0.327903  0.727943  0.812478  0.812675  0.811725
1.73354e-06   0.0121027  0.00296773 1.31639e-06 1.96171e-06 2.10342e-06 1.61443e-06 1.73354e-06   0.0121544 0.000178739 1.73354e-06 6.39443e-07 1.19596e-06 7.08165e-07   0.0121027   0.0121544   0.0190501   0.0121027   0.0121024   0.0121023   0.0121024  0.00296773   0.0172166   0.0190478  0.00296773  0.00306705  0.00296747  0.00296743 1.31639e-06 1.73354e-06   0.0121027  0.00296773 1.96171e-06 2.10342e-06 1.61443e-06 1.96171e-06 6.37864e-07   0.0121024  0.00306705 1.96171e-06  1.4242e-06 9.36226e-07 2.10342e-06 1.19596e-06   0.0121023  0.00296747 2.10342e-06  1.4242e-06 7.86903e-07 1.61443e-06 7.08165e-07   0.0121024  0.00296743 1.61443e-06 9.36226e-07 2.93729e-07
