8	12	12	1
 0  1  0  0  0  0  0  2  0  0 11  4
 0  1 12  7  0  0  0  2  0  0  0  0
 0  0  0  0  0  0  0  2  0  0  0  4
 0  0  0  0  0 10  0  2  5  0  0  0
 0  1  0  0  0  0  6  0  0  3  0  4
 0  1  0  7  0  0  6  0  0  3  0  0
 0  0  0  0  9  0  0  0  0  3  0  4
 8  0  0  0  0  0  0  0  5  3  0  0
0.9	0.9	0.2	0.9	0.4	0.7	0.6	0.3	0.4	1	0.7	0.9	
0.449	0.188	0.824	0.175	0.142	0.054	0.426	0.352	
------target--------
6
------result--------
2	
------details--------
0.923647 0.960706 0.923741 0.924026 0.923724 0.961726 0.923683 0.923958
0.924312 0.457458 0.924356 0.924523 0.924336 0.489652  0.92433 0.924477
7.19974e-07   0.0648762 6.66351e-07 1.60435e-07 6.50767e-07    0.063969 7.10749e-07 3.38167e-07
------result2--------
2	6	
------details2--------
 0.960171  0.923647  0.923595  0.923631  0.961491   0.92359  0.923526  0.960171  0.960134  0.960701  0.961258  0.961524  0.960166  0.960685         0  0.960134   0.92369         0  0.961462         0  0.923621  0.923595  0.960701   0.92369  0.923673  0.961725  0.923631  0.923907  0.923631  0.961258  0.923724  0.923673         0  0.923666  0.923604  0.961491         0  0.961462  0.961725  0.961462  0.961492  0.961712   0.92359  0.960166  0.923683  0.923631  0.923666  0.961492  0.923562  0.923526  0.960685  0.923621  0.923907  0.923604  0.961712  0.923562
 0.461693         0  0.924097  0.923873  0.594963  0.924001  0.924049  0.960998  0.961182  0.960743    0.9603   0.94253  0.961052  0.960774  0.923741  0.461175  0.924191  0.923741  0.598162  0.923741  0.924143  0.924261  0.457708  0.924305  0.924286  0.489611   0.92428  0.924427  0.924054   0.45474         0  0.924173  0.923724  0.924087  0.924126   0.96185  0.961726  0.961936  0.961739  0.961936   0.96187  0.961775  0.924009  0.461764         0  0.924133  0.923915   0.59646  0.924085  0.924193  0.457913  0.924237  0.924406  0.924218  0.489525  0.924212
 0.960998  0.924074  0.924261  0.924054   0.96185  0.924009  0.924193  0.461693  0.461175  0.457708   0.45474  0.967149  0.461764  0.457913         0  0.961182  0.924305         0  0.961936         0  0.924237  0.924097  0.960743  0.924191  0.924173  0.961739  0.924133  0.924406  0.923873    0.9603  0.923981  0.924286  0.961936  0.923915  0.924218  0.594963   0.94253  0.598162  0.489611         0   0.59646  0.489525  0.924001  0.961052  0.924107   0.92428  0.924087   0.96187  0.924212  0.924049  0.960774  0.924143  0.924427  0.924126  0.961775  0.924085
 0.455117  0.924356   0.92476  0.924355  0.400704  0.924358  0.924713  0.455117  0.454351  0.455202  0.459522 0.0346584  0.454661  0.455899  0.924356  0.454351  0.924803  0.924356  0.332484  0.924356  0.924757   0.92476  0.455202  0.924803  0.924784  0.490021  0.924778  0.924924  0.924355  0.459522  0.924356  0.924784  0.618719  0.924356  0.924737  0.400704 0.0346584  0.332484  0.490021  0.618719  0.379127  0.490087  0.924358  0.454661  0.924356  0.924778  0.924356  0.379127  0.924732  0.924713  0.455899  0.924757  0.924924  0.924737  0.490087  0.924732
  0.0648796 7.68097e-07 8.82159e-07 7.81151e-07   0.0654732 8.35215e-07  1.0615e-06   0.0648796   0.0648813   0.0648763   0.0648798    0.104465   0.0648803   0.0648764 6.66351e-07   0.0648813 8.28214e-07 6.66351e-07   0.0667318 6.66351e-07  1.0073e-06 8.82159e-07   0.0648763 8.28214e-07 8.12714e-07    0.063969 8.72932e-07 4.99466e-07 7.81151e-07   0.0648798 6.79721e-07 8.12714e-07   0.0295038 7.48808e-07  9.9186e-07   0.0654732    0.104451   0.0667318    0.063969   0.0772808   0.0658686    0.063969 8.35215e-07   0.0648803 7.35617e-07 8.72932e-07 7.48808e-07   0.0658686 1.05226e-06  1.0615e-06   0.0648764  1.0073e-06 4.99466e-07  9.9186e-07    0.063969 1.05226e-06
