8	12	12	1
 9  0  0  0  0  0  0  0  0  0  3  1
 9  0  0  0  0  2 10  0  0  0  0  1
 0  0  0  8  0  0  0  6  0  0  3  1
 0  5 11  8  0  2  0  0  0  0  0  1
 0  0  0  0  4  0  0  0  0  0  3  1
 0  0  0  0  4  2  0  0 12  7  0  1
 0  0  0  0  4  0  0  6  0  0  3  1
 0  5  0  0  4  2  0  0  0  7  0  1
0.1	0.9	0.1	0.9	0.5	0.8	0.2	0.4	0.1	0.7	0.6	0.1	
0.971	0.3	0.124	0.481	0.104	0.781	0.522	0.319	
------target--------
3
------result--------
4	
------details--------
0.835478 0.835428 0.915374   0.9097 0.835507 0.835223 0.835317 0.835293
0.836491  0.83645 0.591844 0.308626 0.836509 0.836349 0.836403 0.836379
 3.1029e-07 4.57702e-07   0.0617422    0.104892   2.153e-07 9.85745e-07 7.68174e-07 8.18095e-07
------result2--------
4	3	
------details2--------
        0   0.91543  0.909724  0.835415  0.835128  0.835223  0.835199  0.835428  0.915452  0.909731  0.835364  0.835076  0.835172  0.835148   0.91543  0.915452         0  0.915205  0.915227  0.915205   0.91518  0.909724  0.909731  0.915092  0.909409   0.90938  0.914923  0.909358  0.835415  0.835364  0.915205  0.909409         0         0         0  0.835128  0.835076  0.915227   0.90938  0.835223  0.835032  0.835223  0.835223  0.835172         0  0.914923  0.835317  0.835032  0.835102  0.835199  0.835148   0.91518  0.909358  0.835293         0  0.835102
 0.835478  0.592138  0.310133  0.836418  0.836259  0.836312  0.836288         0  0.592259  0.310684  0.836369  0.836209  0.836262  0.836238  0.914822  0.914898  0.915374  0.917588  0.915695  0.917588  0.915921  0.909462  0.909512  0.885113  0.914046  0.910416  0.892979  0.910697  0.836429  0.836388  0.600229  0.309461  0.835507  0.835507  0.835507  0.836155  0.836112  0.600156  0.311102         0  0.836079         0  0.836242  0.836201  0.835317   0.29772         0  0.836117  0.836146  0.836218  0.836177  0.599982   0.30991         0  0.835293  0.836149
        0  0.914822  0.909462  0.836429  0.836155  0.836242  0.836218  0.836373  0.914898  0.909512  0.836388  0.836112  0.836201  0.836177  0.592138  0.592259  0.885113  0.600229  0.600156         0  0.599982  0.310133  0.310684   0.92128  0.309461  0.311102   0.29772   0.30991  0.836418  0.836369  0.917588  0.914046         0         0         0  0.836259  0.836209  0.915695  0.910416  0.836308  0.836117  0.836204  0.836312  0.836262  0.917588  0.892979  0.836365  0.836079  0.836149  0.836288  0.836238  0.915921  0.910697  0.836337         0  0.836146
 0.836491  0.588837  0.292935  0.837432  0.837276   0.83734  0.837303  0.836491  0.589215  0.295411  0.837391  0.837235  0.837298  0.837263  0.588837  0.589215 0.0722392  0.383712  0.571327  0.812305  0.565374  0.292935  0.295411 0.0722392  0.296416  0.302988  0.352817  0.304857  0.837432  0.837391  0.383712  0.296416  0.836509  0.836509  0.836509  0.837276  0.837235  0.571327  0.302988  0.836509  0.836785  0.836379   0.83734  0.837298  0.812305  0.352817  0.836509  0.836785  0.836756  0.837303  0.837263  0.565374  0.304857  0.836509  0.836379  0.836756
 3.1029e-07   0.0617428    0.104899 5.26543e-07 1.30288e-06 1.08342e-06  1.1317e-06 4.59321e-07    0.061743      0.1049 6.74359e-07 1.45285e-06 1.23282e-06 1.28053e-06   0.0617428    0.061743    0.149221   0.0626161   0.0618293    0.141754   0.0618523    0.104899      0.1049    0.149229    0.104902    0.104898    0.105479    0.104896 5.26543e-07 6.74359e-07   0.0626161    0.104902   2.153e-07   2.153e-07   2.153e-07 1.30288e-06 1.45285e-06   0.0618293    0.104898 9.93091e-07 1.51068e-06 9.90671e-07 1.08342e-06 1.23282e-06  0.00188825    0.105479 7.71654e-07 1.51068e-06 1.34149e-06  1.1317e-06 1.28053e-06   0.0618523    0.104896 8.23202e-07 8.18095e-07 1.34149e-06
