8	12	12	1
 0 11  0  0  0  0  0  3  0  0  0  9
 0  0  0  0  0  0  0  3  0  0  4  0
 0  0  0  0  0  0  2  3  7  0  0  0
 0  0  0  0  0  0  2  3  0  0  4  0
 0  0  0  1  0  8  0  0  0  0  0  9
 5  0  0  1  0  8  0  0  0  0  4  0
 0  0 12  1  6  0  2  0  7  0  0  0
 5  0  0  1  6  0  2  0  0 10  4  0
0.7	0.2	0.1	0.3	0.7	1	0.5	0.8	0.5	0.6	0.8	0.2	
0.355	0.378	0.704	0.265	0.25	0.139	0.486	0.36	
------target--------
6
------result--------
5	
------details--------
0.813435 0.815792 0.816176 0.815792 0.883937 0.903422  0.81613 0.815631
 0.84211 0.817676 0.817338 0.817676 0.330171 0.711236 0.817324 0.817464
0.000273549 2.82629e-06 9.59107e-07 2.82629e-06   0.0840947   0.0309196 1.06523e-06 2.80463e-06
------result2--------
1	5	
------details2--------
0.812059 0.813043 0.812059 0.883956 0.902924 0.812986 0.811911 0.812059 0.815431        0 0.902856        0 0.815384        0 0.813043 0.815431 0.815431 0.883783 0.903425        0 0.815268 0.812059        0 0.815431 0.902856        0 0.815384        0        0 0.902856 0.883783 0.902856 0.902856 0.883781  0.90202 0.902924 0.903422 0.903425 0.903422        0 0.903459 0.902583 0.812986 0.815384  0.81613 0.815384 0.883781 0.903459  0.81522 0.811911 0.815631 0.815268 0.815631  0.90202 0.902583  0.81522
0.815556 0.814315 0.815556        0 0.706002 0.814311 0.815006 0.846546 0.816601 0.815792 0.286592 0.815792 0.816587 0.815792 0.841796 0.817319 0.817319 0.331235 0.711042 0.816176 0.817108 0.846546 0.815792 0.816601 0.286592 0.815792 0.816587 0.815792 0.883937 0.856345 0.884284 0.856345 0.856345 0.884241 0.866073 0.907379        0 0.903416        0 0.903422 0.903352  0.90776 0.841754 0.817272        0 0.817272 0.331668 0.711021 0.817061 0.846121        0 0.816441        0 0.288685        0 0.816427
0.846546 0.841796 0.846546 0.883656 0.907379 0.841754 0.846121 0.815556 0.817319        0 0.856345        0 0.817272        0 0.814315 0.816601 0.816601 0.884284 0.903416        0 0.816441 0.815556        0 0.817319 0.856345        0 0.817272        0        0 0.286592 0.331235 0.286592 0.914413 0.331668 0.288685 0.706002        0 0.711042        0 0.856345 0.711021        0 0.814311 0.816587 0.817183 0.816587 0.884241 0.903352 0.816427 0.815006 0.816623 0.817108 0.816623 0.866073  0.90776 0.817061
0.835234 0.842839 0.835234 0.794874 0.756601 0.842833 0.837914 0.835234 0.818489 0.817676 0.433933 0.817676 0.818476 0.817676 0.842839 0.818489 0.818489 0.327729  0.71168 0.817338 0.818277 0.835234 0.817676 0.818489 0.433933 0.817676 0.818476 0.817676 0.794874 0.433933 0.327729 0.433933 0.164695 0.327175 0.389346 0.756601 0.817676  0.71168 0.817676 0.164695 0.711663 0.797572 0.842833 0.818476 0.817338 0.818476 0.327175 0.711663 0.818264 0.837914 0.817676 0.818277 0.817676 0.389346 0.797572 0.818264
0.000294474 0.000274656 0.000294474    0.135646   0.0311953 0.000274808 0.000287423 0.000294474 3.79849e-06 2.82629e-06   0.0875107 2.82629e-06 3.90702e-06 2.82629e-06 0.000274656 3.79849e-06 3.79849e-06   0.0840956   0.0309197 9.59107e-07 3.77955e-06 0.000294474 2.82629e-06 3.79849e-06   0.0875107 2.82629e-06 3.90702e-06 2.82629e-06    0.135646   0.0875107   0.0840956   0.0875107    0.113215   0.0840961   0.0861546   0.0311953    0.115899   0.0309197    0.115899    0.113195   0.0309198   0.0995714 0.000274808 3.90702e-06 1.06747e-06 3.90702e-06   0.0840961   0.0309198 3.88879e-06 0.000287423 3.09733e-06 3.77955e-06 3.09733e-06   0.0861546   0.0995714 3.88879e-06
