8	12	12	1
 1  0  0  2  0  7  0  0  0  8  0  0
 1  0  0  0  0  7  3  6  0  0  0  0
 1  0  0  2  0  0  0  0  4  0  0  0
 1  0  0  0  0  0  3  6  4  0  0  0
 1  0  0  2  0  0  0  0  0  8 11  0
 1 10  0  0  5  0  3  0  0  0  0  0
 1  0  0  2  0  0  0  0  4  0  0 12
 1  0  9  0  5  0  3  0  4  0  0  0
1	0.8	0.9	0.9	0.8	0.6	0.2	0.8	1	0.9	1	0.5	
0.038	0.085	0.437	0.941	0.663	0.81	0.183	0.023	
------target--------
2
------result--------
1	
------details--------
0.910394 0.920334 0.883422 0.883137 0.882688 0.883361 0.883368 0.883412
0.458997 0.830324 0.884253 0.884009 0.885069 0.884179 0.884229 0.884248
   0.034891  0.00932444 7.66125e-07 8.25685e-07 6.76848e-06 7.99076e-07 8.65973e-07 7.87146e-07
------result2--------
1	2	
------details2--------
0.919914 0.907706 0.918371        0 0.910196 0.907704 0.907704        0 0.918782 0.918782 0.919829 0.920243 0.918799 0.918782 0.907706 0.918782        0 0.882423 0.883066        0        0 0.918371        0 0.883137 0.881998 0.882778 0.883086 0.883127 0.910217 0.919829 0.882423 0.881998 0.882325 0.882367 0.882412 0.910196 0.920243 0.883066 0.882778 0.882325 0.883011 0.883055 0.907704 0.918799 0.883368 0.883086 0.882367 0.883011 0.883358 0.907704 0.918782 0.883412 0.883127 0.882412 0.883055 0.883358
0.895422 0.915381 0.906382 0.910394 0.910653 0.914416 0.915171 0.920334 0.922212 0.922212 0.920996 0.920452 0.921901 0.922149 0.479685 0.847917 0.883422 0.884735 0.883887 0.883422 0.883422 0.401504 0.883137        0 0.884624 0.883603 0.883756 0.883788        0 0.828858 0.883175 0.883038 0.883162 0.883163 0.883173 0.458721  0.82989   0.8839 0.883656 0.884718 0.883876 0.883896 0.479418 0.847756        0 0.883676 0.884683 0.883834 0.884038 0.479634 0.847884        0 0.883721 0.884725 0.883877 0.884048
0.933742 0.479685 0.401504        0 0.458721 0.479418 0.479634 0.895422 0.847917        0 0.828858  0.82989 0.847756 0.847884 0.915381 0.922212        0 0.883175   0.8839        0        0 0.906382 0.922212 0.883732 0.883038 0.883656 0.883676 0.883721 0.910644 0.920996 0.884735 0.884624 0.884718 0.884683 0.884725 0.910653 0.920452 0.883887 0.883603 0.883162 0.883834 0.883877 0.914416 0.921901 0.884059 0.883756 0.883163 0.883876 0.884048 0.915171 0.922149 0.884094 0.883788 0.883173 0.883896 0.884038
0.251006 0.424927 0.495704 0.647532 0.459363 0.431403 0.426336 0.251006 0.762112 0.857965 0.832274 0.830897 0.782519 0.767089 0.424927 0.762112 0.884253 0.885688 0.884719 0.884253 0.884253 0.495704 0.857965 0.884253 0.885298 0.884475 0.884261 0.884255 0.647532 0.832274 0.885688 0.885298 0.885534 0.885648  0.88568 0.459363 0.830897 0.884719 0.884475 0.885534 0.884695 0.884715 0.431403 0.782519 0.884253 0.884261 0.885648 0.884695 0.884254 0.426336 0.767089 0.884253 0.884255  0.88568 0.884715 0.884254
  0.0489222    0.035053   0.0353303   0.0484713   0.0348913   0.0350208    0.035046   0.0488982   0.0109576   0.0337051  0.00932993  0.00932485   0.0104891   0.0108453    0.035053   0.0109576 7.66125e-07 7.56109e-06 1.57003e-06 7.66125e-07 7.66125e-07   0.0353303  0.00335772 1.04373e-06 7.64693e-06 1.63227e-06 1.14905e-06  1.0651e-06   0.0484716  0.00932993 7.56109e-06 7.64693e-06 7.58615e-06 7.66136e-06 7.58201e-06   0.0348913  0.00932485 1.57003e-06 1.63227e-06 7.58615e-06 1.67115e-06 1.59125e-06   0.0350208   0.0104891 8.74022e-07 1.14905e-06 7.66136e-06 1.67115e-06 8.95236e-07    0.035046   0.0108453 7.88331e-07  1.0651e-06 7.58201e-06 1.59125e-06 8.95236e-07
