8	12	12	1
12  0  0  0  0  0  3  0  0  4  0  0
 0  5  0  0  2  0  0  0  0  4  6  0
 0  0  0  1  0  0  3  0  0  0  0  0
 0  5  0  1  2  0  0  0  0  0  0  0
 0  0 10  0  0  0  3  0  0  4  0  7
 0  0  0  0  2 11  0  0  0  4  6  7
 0  0  0  1  0  0  3  8  0  0  0  0
 0  0  0  1  2  0  0  0  9  0  0  0
0.9	0.5	0.8	0.8	0.2	0.6	0.3	1	0.1	0.4	1	0.6	
0.575	0.043	0.224	0.012	0.381	0.003	0.793	0.497	
------target--------
2
------result--------
6	
------details--------
 0.938845  0.970288  0.938986  0.939015  0.938899  0.970205  0.938782  0.938997
 0.939282  0.139845   0.93937  0.939211  0.939316 0.0449645  0.939244  0.939393
3.96129e-07   0.0857231  9.1016e-08 1.86889e-09 3.08386e-07   0.0939719 4.65607e-07 6.18138e-08
------result2--------
6	2	
------details2--------
 0.970285  0.938845  0.938844  0.938758  0.970201  0.938644  0.938826  0.970285  0.970296  0.970288  0.970293         0  0.970272  0.970299         0  0.970296  0.938985         0  0.970212         0  0.938968  0.938844         0  0.938985  0.938897  0.970276  0.938781  0.938996  0.938758  0.970293  0.938899  0.938897  0.970209  0.938695  0.938879  0.970201  0.970276  0.970212  0.970276  0.970209  0.970188  0.970216  0.938644  0.970272  0.938782  0.938781  0.938695  0.970188  0.938762  0.938826  0.970299  0.938968  0.938996  0.938879  0.970216  0.938762
 0.140068         0  0.939046  0.939153 0.0450223  0.939077  0.939226  0.970291   0.97019         0  0.970274  0.970288  0.970302  0.970056  0.938986  0.139911  0.939183  0.938986 0.0449816  0.938986  0.939364  0.939281  0.939015  0.939369  0.939315 0.0448724  0.939243  0.939392  0.939171   0.14002         0  0.939101   0.04501  0.939132  0.939279   0.97021  0.957675   0.97011  0.957675  0.970192  0.970221  0.969977  0.939051  0.140116         0  0.938983  0.939087 0.0450348  0.939164  0.939263   0.13992  0.939352  0.939197  0.939298 0.0449832  0.939225
 0.970291   0.93926  0.939281  0.939171   0.97021  0.939051  0.939263  0.140068  0.139911         0   0.14002  0.957675  0.140116   0.13992         0   0.97019  0.939369         0   0.97011         0  0.939352  0.939046         0  0.939183  0.939101  0.957675  0.938983  0.939197  0.939153  0.970274  0.939296  0.939315  0.970192  0.939087  0.939298 0.0450223  0.977401 0.0449816 0.0448724   0.04501 0.0450348 0.0449832  0.939077  0.970302  0.939221  0.939243  0.939132  0.970221  0.939225  0.939226  0.970056  0.939364  0.939392  0.939279  0.969977  0.939164
 0.139492   0.93937  0.939472  0.939467 0.0448731  0.939454  0.939659  0.139492  0.139033  0.939211  0.139391 0.0002595  0.139578  0.138297   0.93937  0.139033  0.939552   0.93937 0.0447556   0.93937  0.939746  0.939472  0.939211  0.939552  0.939497  0.071454  0.939436  0.939494  0.939467  0.139391   0.93937  0.939497 0.0448465  0.939461  0.939694 0.0448731 0.0002595 0.0447556  0.071454 0.0448465 0.0448952 0.0445804  0.939454  0.139578   0.93937  0.939436  0.939461 0.0448952  0.939621  0.939659  0.138297  0.939746  0.939494  0.939694 0.0445804  0.939621
  0.0857231 4.02593e-07 3.98037e-07  6.0857e-07   0.0939719 7.80708e-07 4.58978e-07   0.0857231   0.0857231   0.0996773   0.0857231   0.0999225   0.0857231   0.0857231  9.1016e-08   0.0857231 9.28975e-08  9.1016e-08   0.0939719  9.1016e-08 1.53209e-07 3.98037e-07 1.86889e-09 9.28975e-08 3.10291e-07    0.093986 4.67519e-07 6.37147e-08  6.0857e-07   0.0857231 3.11006e-07 3.10291e-07   0.0939719 6.87028e-07 3.71089e-07   0.0939719    0.099924   0.0939719    0.093986   0.0939719   0.0939719   0.0939719 7.80708e-07   0.0857231 4.78204e-07 4.67519e-07 6.87028e-07   0.0939719 5.28538e-07 4.58978e-07   0.0857231 1.53209e-07 6.37147e-08 3.71089e-07   0.0939719 5.28538e-07
