8	12	12	1
 1  0  0  0  0  0  0  0 12  0  0  0
 1  5  0  4  0  0  0  0  0  0  0  0
 1  0  2  0  0  0  6  0  0  0  8  0
 1  0  2  4  0  0  0  0  0  0  8  9
 0  0  0  0  0  3  0  0  0  7  0  0
 0  5  0  0  0  3  0  0  0  7  0  0
 0  0  2  0  0  3  6 11  0  0  0  0
 0  0  2  0 10  3  0  0  0  0  0  9
0.1	0.4	0.6	0.2	0.3	0.9	0.1	0.4	0.5	0.7	0.5	0.2	
0.014	0.056	0.086	0.091	0.541	0.959	0.21	0.065	
------target--------
4
------result--------
8	
------details--------
0.876937 0.876912 0.876933 0.892384 0.875859 0.875802 0.876828 0.891758
0.878474 0.878389 0.877267 0.617442 0.877617 0.877617 0.878378 0.466368
6.98044e-08 2.27853e-07 1.95588e-08   0.0132824 3.37542e-06 3.55218e-06 7.87494e-07    0.018022
------result2--------
4	3	
------details2--------
 0.876903  0.876923   0.89238  0.875848  0.875791  0.876818  0.891753  0.876903  0.876899  0.892372  0.875802         0  0.876794  0.891744  0.876923  0.876899         0  0.875844  0.875787  0.876815    0.8922   0.89238  0.892372  0.892384  0.891875  0.891853  0.892345         0  0.875848  0.875802  0.875844  0.891875         0  0.875734  0.891214  0.875791  0.875802  0.875787  0.891853         0  0.875677   0.89119  0.876818  0.876794  0.876815  0.892345  0.875734  0.875677  0.891714  0.891753  0.891744    0.8922    0.8922  0.891214   0.89119  0.891714
  0.87838  0.877257  0.617416  0.877607  0.877607  0.878368  0.466356  0.878442  0.877234  0.617337  0.877588  0.876912  0.878345  0.466317  0.878462  0.878377  0.876933  0.877603  0.877603  0.878365  0.460294  0.893047  0.892908         0  0.892697  0.892694  0.892856  0.892384  0.877416  0.877623  0.876206  0.614667  0.875859  0.877319  0.465026  0.877361         0  0.876152  0.614504  0.875802  0.877265  0.464949  0.878362  0.878277  0.877154  0.617052    0.8775    0.8775  0.466179  0.892472  0.892335  0.881165  0.881165  0.892092   0.89209  0.892285
 0.878442  0.878462  0.893047  0.877416  0.877361  0.878362  0.892472   0.87838  0.878377  0.892908  0.877623         0  0.878277  0.892335  0.877257  0.877234         0  0.876206  0.876152  0.877154  0.881165  0.617416  0.617337         0  0.614667  0.614504  0.617052  0.881165  0.877607  0.877588  0.877603  0.892697         0    0.8775  0.892092  0.877607  0.877588  0.877603  0.892694  0.877623    0.8775   0.89209  0.878368  0.878345  0.878365  0.892856  0.877319  0.877265  0.892285  0.466356  0.466317  0.460294  0.902239  0.465026  0.464949  0.466179
 0.879873  0.878772  0.621715  0.879154  0.879155   0.87989  0.468422  0.879873  0.878704  0.622121  0.879213  0.878389  0.879821  0.468647  0.878772  0.878704  0.877267  0.877948  0.877948  0.878696  0.703802  0.621715  0.622121  0.877267  0.619234  0.619248  0.622407 0.0349343  0.879154  0.879213  0.877948  0.619234  0.877617   0.87906  0.467243  0.879155  0.878389  0.877948  0.619248  0.877617   0.87906  0.467249   0.87989  0.879821  0.878696  0.622407   0.87906   0.87906  0.468808  0.468422  0.468647  0.703802 0.0349343  0.467243  0.467249  0.468808
2.97784e-07 8.94098e-08   0.0132824 3.44685e-06 3.62371e-06 8.57751e-07    0.018022 2.97784e-07 2.47576e-07   0.0132825 3.68658e-06 2.27853e-07 1.01697e-06    0.018022 8.94098e-08 2.47576e-07 1.95588e-08 3.39713e-06 3.57404e-06 8.07643e-07   0.0181474   0.0132824   0.0132825   0.0359238   0.0132838   0.0132838   0.0132827   0.0338953 3.44685e-06 3.68658e-06 3.39713e-06   0.0132838 3.37542e-06 4.18357e-06    0.018023 3.62371e-06 3.61862e-06 3.57404e-06   0.0132838 3.55218e-06 4.36159e-06    0.018023 8.57751e-07 1.01697e-06 8.07643e-07   0.0132827 4.18357e-06 4.36159e-06   0.0180221    0.018022    0.018022   0.0181474   0.0339045    0.018023    0.018023   0.0180221
