8	12	12	1
 0  0  0  0  0  2  0  0  3  0  0  0
12  0  0  0  0  2  0  6  3  0  9  4
 0  0  1  0  0  2  0  0  0  0  0  0
 0  5  1  0  0  2 11  6  0  0  0  4
 0  0  0  7  0  0  0  0  3  0  0  0
 0  0  0  0 10  0  0  0  3  0  9  4
 0  0  1  7  0  0  0  0  0  8  0  0
 0  5  1  0 10  0  0  0  0  8  0  4
0.3	0.5	0.5	1	0.3	0.1	0.3	0.8	0.6	0.7	0.1	0.2	
0.363	0.628	0.836	0.316	0.13	0.863	0.02	0.502	
------target--------
5
------result--------
7	
------details--------
0.828058 0.827916 0.828333 0.828252 0.909771 0.827896  0.89983 0.827475
0.829324 0.829194 0.829379  0.82931 0.627472 0.829005 0.118674 0.830586
1.14939e-06 1.37097e-06  2.9121e-07 5.24458e-07   0.0523743 1.07704e-06    0.129381 7.21245e-06
------result2--------
7	5	
------details2--------
        0  0.828058  0.827977         0         0   0.90957  0.826969  0.827916  0.827916  0.827835  0.909573  0.827657  0.909322  0.826825         0         0         0  0.909822    0.8278  0.899801  0.827385  0.827977  0.827835  0.828252  0.909852  0.827718   0.89981  0.827302  0.909822  0.909573  0.909822  0.909852  0.909601         0  0.909319    0.8278  0.827657    0.8278  0.827718  0.909601  0.909319         0   0.90957  0.909322  0.899801   0.89981  0.909519  0.909319         0  0.826969  0.826825  0.827385  0.827302  0.909319         0  0.897827
 0.828058         0  0.828956  0.828058  0.828058  0.106792  0.830229         0         0  0.828814         0  0.828452  0.107129  0.830082  0.828333  0.828333  0.828333  0.629669  0.828924  0.118779  0.830499  0.829219  0.829063         0  0.629475  0.828842  0.118794  0.830418  0.909224  0.910453  0.909224  0.909348  0.910125  0.909771  0.910673  0.828906  0.828713  0.828906  0.828811         0  0.117413  0.827896  0.876313  0.885605  0.900156  0.899937  0.866758   0.88946   0.89983  0.828567  0.828368  0.828456  0.828386  0.652694  0.827475         0
        0  0.829301  0.829219  0.909224  0.828906  0.876313  0.828567  0.828852  0.829144  0.829063  0.910453  0.828713  0.885605  0.828368         0         0         0  0.909224  0.828906  0.900156  0.828456  0.828956  0.828814  0.829234  0.909348  0.828811  0.899937  0.828386         0         0  0.629669  0.629475         0  0.866758  0.652694  0.828594  0.828452  0.828924  0.828842  0.910125   0.88946  0.828688  0.106792  0.107129  0.118779  0.118794  0.929168  0.117413         0  0.830229  0.830082  0.830499  0.830418  0.910673  0.888039  0.904656
 0.829324  0.829379  0.829521  0.807561  0.829404  0.164542  0.831909  0.829324  0.829379  0.829541   0.77365  0.829404  0.142462  0.831608  0.829379  0.829379  0.829379  0.599811  0.829982  0.117487  0.831589  0.829521  0.829541  0.829379  0.616079  0.829911  0.118022  0.831509  0.807561   0.77365  0.599811  0.616079  0.751314 0.0289901  0.542571  0.829404  0.829404  0.829982  0.829911  0.751314  0.120524  0.829192  0.164542  0.142462  0.117487  0.118022 0.0289901  0.120524  0.294555  0.831909  0.831608  0.831589  0.831509  0.542571  0.829192  0.294555
1.14939e-06 1.15065e-06 1.35274e-06  0.00196896  1.1833e-06    0.130717 9.07205e-06 1.43285e-06 1.38364e-06 1.58926e-06    0.117651 1.80689e-06     0.13017   9.185e-06  2.9121e-07  2.9121e-07  2.9121e-07   0.0524116  1.3897e-06    0.129381 7.52019e-06 1.35274e-06 1.58926e-06 5.27385e-07   0.0523885 1.62528e-06    0.129381 7.76449e-06    0.132995    0.117651   0.0524116   0.0523885    0.107663     0.15105   0.0536737 1.53043e-06 1.80689e-06  1.3897e-06 1.62528e-06    0.107663    0.129877 1.17549e-06    0.130717     0.13017    0.129381    0.129381    0.151073    0.129877    0.140355 9.07205e-06   9.185e-06 7.52019e-06 7.76449e-06   0.0536737  0.00010287    0.140405
