8	12	12	1
 0  7  0  1  0  5  0  3  0  0 11  0
 0  0  0  1  0  0  2  3  0  0  0  0
 0  7  0  1  0  0  0  0  0 10  0  0
 0  0  0  1  0  0  2  0  0  0  0  0
 0  0  6  0  0  5  0  3  4  0  0  0
12  0  6  0  0  0  2  3  4  0  0  9
 0  0  0  0  8  0  0  0  4  0  0  0
 0  0  0  0  8  0  2  0  4  0  0  9
0.6	0.8	0.8	0.2	0.7	0.9	0.6	0.9	0.5	0.2	0.1	0.2	
0.831	0.125	0.268	0.588	0.125	0.472	0.649	0.693	
------target--------
2
------result--------
1	
------details--------
0.914812 0.930162 0.834526 0.832913 0.914147 0.925532 0.834154 0.832372
0.408144 0.689141 0.835536 0.838016 0.438113 0.771449 0.835279 0.835852
  0.0963386   0.0499601 1.76992e-07 2.07931e-05   0.0900878   0.0226672  1.0765e-06 1.01671e-05
------result2--------
1	5	
------details2--------
 0.929787  0.914803  0.929787  0.913774  0.925091  0.914177  0.929803         0  0.930181  0.930162         0         0  0.930238   0.93018  0.914803  0.930181  0.832861  0.914139  0.925548  0.834102  0.832319  0.929787         0  0.832861  0.929147         0  0.832465         0  0.913774  0.929147  0.914139  0.929147         0  0.913512  0.929172  0.925091  0.925532  0.925548  0.925532  0.925532  0.925601  0.925601  0.914177  0.930238  0.834102  0.832465  0.913512  0.925601         0  0.929803   0.93018  0.832319  0.832372  0.929172         0  0.832372
 0.885584  0.914973  0.885584  0.925727  0.906453  0.915862  0.906427  0.930162  0.929806         0  0.930162  0.930162  0.930041  0.930141  0.408734  0.689162  0.837963   0.43818  0.771464  0.835229    0.8358   0.37353  0.832913  0.833876  0.406081  0.832913  0.833627  0.832913  0.918602  0.884996  0.914293  0.884996  0.914147  0.915199  0.905754  0.930693         0  0.925229         0         0  0.925433  0.925433  0.410447  0.693292   0.83512  0.837495  0.439006  0.776298  0.834154  0.375988         0  0.833347         0  0.406556  0.832372         0
 0.934615  0.408734   0.37353  0.918602  0.930693  0.410447  0.375988  0.885584  0.689162         0  0.884996         0  0.693292         0  0.914973  0.929806  0.833876  0.914293  0.925229   0.83512  0.833347  0.885584         0  0.837963  0.884996         0  0.837495         0  0.925727  0.940593   0.43818  0.406081         0  0.439006  0.406556  0.906453  0.939956  0.771464  0.689267  0.903123  0.776298  0.651514  0.915862  0.930041  0.835229  0.833627  0.915199  0.925433         0  0.906427  0.930141    0.8358  0.833557  0.905754  0.925433  0.836689
  0.18659  0.396635  0.507219 0.0591716  0.274564  0.404292  0.430212   0.18659  0.688755  0.838016   0.20141  0.689141   0.68183  0.763278  0.396635  0.688755  0.839045   0.43683  0.771166  0.836241  0.836846  0.507219  0.838016  0.839045  0.530102  0.838016  0.838951  0.838016 0.0591716   0.20141   0.43683  0.530102  0.438113  0.436629  0.459676  0.274564  0.689141  0.771166  0.838016  0.438113  0.762551   0.80354  0.404292   0.68183  0.836241  0.838951  0.436629  0.762551  0.835279  0.430212  0.763278  0.836846  0.838016  0.459676   0.80354  0.835279
   0.140723   0.0963408   0.0997221    0.164203     0.12164   0.0963451   0.0972692    0.140715   0.0499601      0.1513    0.137703   0.0499601   0.0499882   0.0997988   0.0963408   0.0499601 2.09802e-05   0.0900879   0.0226673 1.25569e-06 1.03547e-05   0.0997221 2.07931e-05 2.09802e-05   0.0933139 2.07931e-05 2.21527e-05 2.07931e-05    0.164203    0.137755   0.0900879   0.0933139   0.0900878   0.0900918   0.0910067     0.12164    0.050176   0.0226673   0.0318055   0.0907563   0.0227392   0.0286761   0.0963451   0.0499882 1.25569e-06 2.21527e-05   0.0900918   0.0227392  1.0765e-06   0.0972692   0.0997988 1.03547e-05 2.16366e-05   0.0910067  0.00764013 1.12754e-05
