8	12	12	1
 1  0  2  0  3  0  0  6  0  0  0  0
 0 12  2  0  3  0  0  0  0  0  0  9
 1  0  2  0  0  0  5  0  0  0  0  0
 0  0  2  0  0  0  0  0  0  8  0  9
 1  0  0 10  3  0  0  6  4  0  0  0
 0  0  0  0  3  0  0  0  4  0 11  0
 1  0  0  0  0  7  5  0  4  0  0  0
 0  0  0  0  0  7  0  0  4  8  0  0
0.6	0.2	0.9	0.5	0.4	0.1	0.8	0.9	0.6	0.7	0.9	0.5	
0.412	0.203	0.488	0.118	0.264	0.777	0.42	0.821	
------target--------
4
------result--------
2	
------details--------
0.842442 0.874047 0.842405 0.885103 0.842343  0.84224 0.842368  0.84237
0.843489 0.445074 0.843461 0.786944 0.843435 0.843343 0.843448 0.843226
8.27615e-07   0.0339728 8.98524e-07  0.00883332 1.03132e-06 1.13301e-06 9.82687e-07 6.74226e-07
------result2--------
4	8	
------details2--------
0.873848 0.842114 0.884974        0 0.841948 0.842076 0.842078 0.873848 0.873875 0.884683 0.873803 0.873724 0.873849 0.884701 0.842114 0.873875 0.884992 0.842014 0.841911        0 0.842027 0.884974        0 0.884992 0.884969 0.884909 0.885011  0.88512 0.842343 0.873803 0.842014 0.884969 0.841848 0.841977 0.841978 0.841948 0.873724 0.841911 0.884909 0.841848 0.841873 0.841875 0.842076 0.873849 0.842368 0.885011 0.841977 0.841873        0 0.842078 0.884701 0.842027        0 0.841978 0.841875 0.842027
0.445459 0.843174 0.786683 0.842442 0.843055 0.843161 0.842938 0.874566 0.874432 0.858772 0.874488 0.874448 0.874436 0.859872 0.843165 0.445245 0.786246 0.843111 0.843018 0.842405  0.84291 0.885435 0.885103 0.885351 0.885343 0.885341 0.885281 0.884564        0 0.445755 0.843076 0.786586 0.842957 0.843063 0.842841    0.843 0.445833 0.842973 0.786496 0.842947  0.84296 0.842738 0.843128  0.44571        0 0.786628 0.843075 0.842982 0.842368  0.84313 0.386723 0.843111  0.84237 0.843076 0.842983 0.843111
0.874566 0.843165 0.885435        0    0.843 0.843128  0.84313 0.445459 0.445245 0.895572 0.445755 0.445833  0.44571 0.386723 0.843174 0.874432 0.885351 0.843076 0.842973        0 0.843111 0.786683 0.858772 0.786246 0.786586 0.786496 0.786628        0 0.843249 0.874488 0.843111 0.885343 0.842947 0.843075 0.843076 0.843055 0.874448 0.843018 0.885341 0.842957 0.842982 0.842983 0.843161 0.874436   0.8433 0.885281 0.843063  0.84296 0.843111 0.842938 0.859872  0.84291 0.884564 0.842841 0.842738  0.84287
 0.44405 0.844222 0.787631 0.843489 0.844104 0.844209 0.843987  0.44405 0.444683 0.252306 0.443814 0.444111  0.44379 0.565435 0.844222 0.444683 0.788501 0.844169 0.844076 0.843461 0.843972 0.787631 0.252306 0.788501 0.787599 0.787507 0.787573 0.841395 0.843489 0.443814 0.844169 0.787599 0.844051 0.844156 0.843934 0.844104 0.444111 0.844076 0.787507 0.844051 0.844063 0.843841 0.844209  0.44379 0.843461 0.787573 0.844156 0.844063 0.843851 0.843987 0.565435 0.843972 0.841395 0.843934 0.843841 0.843851
  0.0339733 1.73105e-06  0.00883367 8.27615e-07 1.96694e-06 1.81615e-06 1.50707e-06   0.0339733   0.0339731   0.0486097   0.0339733   0.0339734   0.0339732   0.0356405 1.73105e-06   0.0339731   0.0088348 1.93661e-06  2.0386e-06 8.98524e-07 1.60491e-06  0.00883367   0.0485971   0.0088348  0.00883372  0.00883378  0.00883362   0.0558552 1.04472e-06   0.0339733 1.93661e-06  0.00883372 2.17306e-06 2.02223e-06 1.71297e-06 1.96694e-06   0.0339734  2.0386e-06  0.00883378 2.17306e-06 2.12421e-06 1.81489e-06 1.81615e-06   0.0339732 9.85196e-07  0.00883362 2.02223e-06 2.12421e-06 1.15551e-06 1.50707e-06   0.0356405 1.60491e-06 0.000130982 1.71297e-06 1.81489e-06 1.58355e-06
