8	12	12	1
 0  2  0  0  0  5  1  3  0  0  4  0
 0  2  0  0  0  0  1  0 11  8  4  0
 0  2  0  7  9  5  1  3  0  0  0  0
 0  2 10  0  9  0  1  0  0  0  0  0
 0  0  0  0  0  0  1  3  0  0  4  0
 0  0  0  0  0  0  1  0  0  8  4 12
 6  0  0  7  0  0  1  3  0  0  0  0
 6  0  0  0  0  0  1  0  0  0  0  0
0.8	0.9	0.5	0.3	0.9	0.9	0.9	0.5	0.9	0.7	0.6	0.4	
0.195	0.01	0.119	0.012	0.04	0.363	0.05	0.477	
------target--------
3
------result--------
4	
------details--------
 0.840582  0.840831  0.913204  0.907549  0.840848  0.840531  0.840155  0.840164
 0.842671  0.843291  0.570583 0.0594115  0.843303  0.843037  0.842728  0.842794
2.15197e-06 6.82378e-07   0.0612094    0.136497 5.32623e-07 3.00608e-06 5.12778e-06 5.25036e-06
------result2--------
4	3	
------details2--------
 0.840565         0  0.912796  0.840582  0.840262  0.839823  0.839833  0.840565  0.913181  0.907482  0.840831  0.840514  0.840077  0.840087  0.913184  0.913181         0  0.913184  0.913249  0.913062  0.913062  0.912796  0.907482  0.913103  0.907487  0.907494  0.907564  0.907267         0         0  0.913184  0.907487         0  0.840095  0.840104  0.840262  0.840514  0.913249  0.907494  0.840531  0.839769  0.839779  0.839823  0.840077         0  0.907564  0.840095  0.839769  0.840155  0.839833  0.840087  0.913062  0.907267  0.840104  0.839779         0
 0.842987  0.840582 0.0557264         0  0.842725  0.842407  0.842474  0.842539  0.572716 0.0594656         0  0.842969  0.842653   0.84272  0.913943  0.913866  0.913204  0.913943  0.912954  0.913556  0.913556  0.880215  0.909614   0.87568  0.910021  0.907859  0.907511  0.908263  0.840848  0.840848  0.572727 0.0594623  0.840848   0.84267  0.842736  0.842245  0.842942  0.572554  0.059587         0  0.842361  0.842427  0.841935  0.842559  0.840155 0.0594528  0.842571  0.842307         0  0.841943  0.842568  0.573895 0.0596398  0.842581  0.842316  0.840164
 0.842539  0.913943  0.880215  0.842555  0.842245  0.841935  0.841943  0.842987  0.913866  0.909614   0.84325  0.842942  0.842559  0.842568   0.10275  0.572716   0.87568  0.572727  0.572554  0.555657  0.573895 0.0557264 0.0594656  0.931541 0.0594623  0.059587 0.0594528 0.0596398         0         0  0.913943  0.910021         0  0.842571  0.842581  0.842725  0.842969  0.912954  0.907859  0.842986  0.842307  0.842316  0.842407  0.842653  0.913556  0.907511   0.84267  0.842361  0.840826  0.842474   0.84272  0.913556  0.908263  0.842736  0.842427         0
 0.843363  0.831895 0.0946014  0.843303  0.843878  0.844512  0.844577  0.843363  0.484433 0.0577043  0.843303  0.843375   0.84513  0.845195  0.831895  0.484433 0.0086964  0.449522  0.558524  0.602905  0.561592 0.0946014 0.0577043 0.0086964 0.0573475  0.058384 0.0593073 0.0588158  0.843303  0.843303  0.449522 0.0573475  0.843303  0.845142  0.845206  0.843878  0.843375  0.558524  0.058384  0.843303  0.844881  0.844945  0.844512   0.84513  0.602905 0.0593073  0.845142  0.844881  0.842794  0.844577  0.845195  0.561592 0.0588158  0.845206  0.844945  0.842794
2.33628e-06 0.000516513    0.137315 2.19498e-06 4.61987e-06 7.32108e-06 7.44201e-06 2.33628e-06   0.0612878    0.136498 6.82435e-07 3.15099e-06 5.82155e-06 5.94381e-06    0.119011   0.0612878     0.15031   0.0613198   0.0612197   0.0614182   0.0612225    0.137315    0.136498     0.15032    0.136498    0.136497    0.136497    0.136498 5.32623e-07 5.32623e-07   0.0613198    0.136498 5.32623e-07 5.66947e-06 5.79179e-06 4.61987e-06 3.15099e-06   0.0612197    0.136497 3.01376e-06 8.19827e-06 8.31854e-06 7.32108e-06 5.82155e-06   0.0160262    0.136497 5.66947e-06 8.19827e-06 5.26666e-06 7.44201e-06 5.94381e-06   0.0612225    0.136498 5.79179e-06 8.31854e-06 5.25036e-06
