8	12	12	1
 0  0  0 11  0  0  0  5  1  0  0  0
 0  0  0  0  0  0  0  0  1 10  4  8
 0  0  0  0  0  0  2  5  1  0  0  0
 6  9  0  0  0  0  2  0  1  0  4  0
 0  0  7  0  0  3  0  0  1  0  0  0
 0  0  7  0  0  3  0  0  1  0  4  8
 0  0  0  0  0  3  2  0  1  0  0  0
 6  0  0  0 12  3  2  0  1  0  4  0
0.2	0.8	0.3	0.2	0.5	0.8	0.5	0.4	1	0.4	0.4	0.8	
0.496	0.17	0.263	0.622	0.452	0.133	0.624	0.228	
------target--------
6
------result--------
2	
------details--------
0.823587 0.870932  0.82368 0.823385 0.823109 0.889361 0.823199 0.823111
  0.8247  0.45573 0.824759 0.824551 0.824548 0.761813 0.824663  0.82459
6.41683e-07   0.0463988 3.73563e-07 1.06542e-06 1.77945e-06   0.0143488 1.77972e-06 1.87201e-06
------result2--------
6	5	
------details2--------
0.870847 0.823587 0.823177   0.8229 0.889395 0.822991 0.822903 0.870847 0.870874 0.870665 0.888385 0.888385 0.885921 0.885626        0 0.870874 0.823271 0.822995 0.889358 0.823085 0.822998 0.823177 0.870665 0.823271 0.822696 0.889243 0.822787 0.822699   0.8229 0.888385 0.822995 0.822696        0 0.823109 0.823022 0.889395        0 0.889358 0.889243 0.889361 0.889361 0.889038 0.822991 0.885921 0.823085 0.822787        0        0        0 0.822903 0.885626 0.822998 0.822699 0.823022 0.889038 0.823111
0.456239        0 0.824348 0.824343 0.761694 0.824458 0.824386 0.871304 0.871427 0.871426 0.852476 0.852476 0.849893 0.854359  0.82368 0.455948 0.824439 0.824436 0.761744 0.824551 0.824479 0.824298 0.456245 0.824356 0.824141 0.761541 0.824256 0.824184 0.824022 0.394814 0.824081  0.82387 0.823109        0 0.823957  0.88921 0.889361 0.889388 0.889577        0        0 0.892551 0.824111 0.401768  0.82417  0.82396 0.823199 0.823199 0.823199 0.824025 0.402793 0.824084 0.823873 0.823784 0.527817        0
0.871304 0.824624 0.824298 0.824022  0.88921 0.824111 0.824025 0.456239 0.455948 0.456245 0.394814 0.904019 0.401768 0.402793        0 0.871427 0.824356 0.824081 0.889388  0.82417 0.824084 0.824348 0.871426 0.824439  0.82387 0.889577  0.82396 0.823873 0.824343 0.852476 0.824436 0.824141        0 0.823879 0.823784 0.761694 0.852476 0.761744 0.761541        0 0.527607 0.527817 0.824458 0.849893 0.824551 0.824256        0        0        0 0.824386 0.854359 0.824479 0.824184 0.823957 0.892551 0.824057
0.453424 0.824759 0.825463 0.825466 0.762345 0.825579 0.825507 0.453424 0.453816 0.454756 0.551656 0.292345 0.569657 0.540482 0.824759 0.453816 0.825521 0.825522 0.762414 0.825636 0.825564 0.825463 0.454756 0.825521 0.825312 0.762322 0.825426 0.825354 0.825466 0.551656 0.825522 0.825312 0.824548 0.824663 0.824665 0.762345 0.292345 0.762414 0.762322 0.824548 0.824663 0.817282 0.825579 0.569657 0.825636 0.825426 0.824663 0.824663 0.824663 0.825507 0.540482 0.825564 0.825354 0.824665 0.817282 0.824663
  0.0463992 6.44518e-07 1.71412e-06 2.43207e-06   0.0143489 2.42953e-06 2.52361e-06   0.0463992    0.046399   0.0463995    0.049008   0.0660546   0.0490356   0.0483839 3.73563e-07    0.046399 1.44254e-06 2.15846e-06   0.0143489  2.1575e-06 2.25062e-06 1.71412e-06   0.0463995 1.44254e-06  2.8569e-06   0.0143491 2.85489e-06 2.94885e-06 2.43207e-06    0.049008 2.15846e-06  2.8569e-06 1.77945e-06 1.90537e-06 2.05807e-06   0.0143489   0.0660179   0.0143489   0.0143491   0.0759807    0.033177   0.0308425 2.42953e-06   0.0490356  2.1575e-06 2.85489e-06 1.77972e-06 1.77972e-06 1.77972e-06 2.52361e-06   0.0483839 2.25062e-06 2.94885e-06 2.05807e-06   0.0308425 1.93322e-06
