8	12	12	1
 0  0  3  7  0  0  0  0  0  0  0  0
 0  0  0  0  1  0  0  0  0  0  0  0
 0  0  0  7  0  0  0  0  0  0 11  0
 0  0  0  0  1  4  0  0  0  0  0  0
 0 12  3  0  0  0  5  0  2  0  0  8
 9  0  0  0  1  0  0  0  2  0  0  8
 0  0  0  0  0  0  5  6  2 10  0  0
 0  0  0  0  1  4  0  6  2  0  0  0
0.3	0.6	0.3	0.4	0.2	0.6	0.6	0.9	0.8	0.6	0.6	1	
0.897	0.162	0.963	0.704	0.35	0.054	0.064	0.135	
------target--------
8
------result--------
7	
------details--------
0.821569 0.821902 0.821224 0.821467 0.821735 0.821886 0.880875 0.893471
0.822664 0.822636 0.822444 0.822793 0.822843 0.822731 0.281884 0.714341
9.00799e-07 5.90186e-08 1.24054e-06 1.36059e-06 6.00843e-07  1.1133e-07    0.080691     0.02581
------result2--------
7	8	
------details2--------
0.821545        0 0.821105 0.821375 0.821528 0.880748 0.893482 0.821545 0.821199        0  0.82171        0 0.881322        0 0.821224 0.821199 0.820756 0.821028 0.821182 0.880635 0.893509 0.821105 0.821467 0.820756 0.821273 0.821451  0.89288        0 0.821375  0.82171 0.821028 0.821273 0.821694 0.880786 0.893444 0.821528 0.821886 0.821182 0.821451 0.821694 0.881314 0.893468 0.880748 0.881322 0.880635  0.89288 0.880786 0.881314  0.89288 0.893482 0.893471 0.893509 0.893471 0.893444 0.893468        0
0.822287 0.821569 0.822437  0.82249 0.822382  0.28227  0.71429  0.82264 0.822419 0.821902 0.822819 0.821902 0.280653 0.821902        0 0.821949 0.822092 0.822147 0.822044 0.282658 0.714253 0.822208        0 0.821985 0.822387 0.822513 0.250891 0.821467 0.822475 0.822448 0.822253 0.822602 0.822543 0.282052 0.714288 0.822625        0 0.822404 0.822793 0.822803 0.280684 0.704521 0.881136 0.868068 0.881052 0.859163 0.881297 0.872243 0.859163 0.893449        0 0.893444        0   0.8936 0.893701 0.893471
 0.82264        0 0.822208 0.822475 0.822625 0.881136 0.893449 0.822287 0.821949        0 0.822448        0 0.868068        0 0.822155 0.822419 0.821985 0.822253 0.822404 0.881052 0.893444 0.822437 0.822809 0.822092 0.822602 0.822793 0.859163        0  0.82249 0.822819 0.822147 0.822387 0.822803 0.881297   0.8936 0.822382 0.822947 0.822044 0.822513 0.822543 0.872243 0.893701  0.28227 0.280653 0.282658 0.250891 0.282052 0.280684 0.910631  0.71429 0.704526 0.714253        0 0.714288 0.704521 0.859163
 0.82338 0.822664 0.823539 0.823585 0.823475 0.281075 0.714446  0.82338 0.823161 0.822636 0.823557 0.822636  0.32435 0.822636 0.822664 0.823161 0.823317 0.823365 0.823256 0.281305 0.714406 0.823539 0.822636 0.823317 0.823716 0.822789 0.369352 0.822793 0.823585 0.823557 0.823365 0.823716 0.823652 0.281073 0.714595 0.823475 0.822636 0.823256 0.822789 0.823652 0.308762 0.805883 0.281075  0.32435 0.281305 0.369352 0.281073 0.308762 0.121313 0.714446 0.822636 0.714406 0.822793 0.714595 0.805883 0.121313
9.61134e-07 9.00799e-07 2.27343e-06 1.50735e-06 1.01422e-06   0.0806912     0.02581 9.61134e-07 1.30145e-06 5.90186e-08  6.6055e-07 5.90186e-08   0.0807273 5.90186e-08 1.36604e-06 1.30145e-06 2.61809e-06 1.84941e-06 1.35485e-06   0.0806913     0.02581 2.27343e-06 1.36369e-06 2.61809e-06 1.96814e-06 1.39847e-06   0.0824259 1.36059e-06 1.50735e-06  6.6055e-07 1.84941e-06 1.96814e-06 7.13272e-07   0.0806912     0.02581 1.01422e-06 1.14717e-07 1.35485e-06 1.39847e-06 7.13272e-07   0.0807147   0.0267527   0.0806912   0.0807273   0.0806913   0.0824259   0.0806912   0.0807147    0.105321     0.02581   0.0269442     0.02581    0.102758     0.02581   0.0267527    0.105287
