8	12	12	1
 0  0 10 11  0  6  0  0  0  1  0  0
 3  0  0  0  0  6  0  0  9  1  0  0
 0  0  0 11  0  0  0  8  0  1  4 12
 3  7  0  0  0  0  0  0  9  1  4 12
 0  0 10  0  5  0  2  0  0  1  0  0
 3  0  0  0  5  0  2  0  0  1  0  0
 0  0  0  0  0  0  2  8  0  1  4  0
 3  7  0  0  0  0  2  0  0  1  4  0
1	0.4	0.6	0.2	0.2	0.5	0.2	0.8	0.3	1	0.3	0.2	
0.199	0.631	0.534	0.674	0.123	0.312	0.49	0.305	
------target--------
5
------result--------
1	
------details--------
0.892233 0.836115 0.833809 0.835983 0.893756 0.836271 0.836036 0.836181
0.332538 0.837134 0.839267 0.836762   0.4147 0.836753 0.836881 0.837181
  0.0745388  5.6301e-07 2.70149e-05 5.35064e-07   0.0663949 4.73463e-08  5.5928e-07   3.848e-07
------result2--------
5	6	
------details2--------
 0.892255         0  0.892358  0.893227  0.893227  0.892148   0.89223  0.892255  0.833578         0  0.893793  0.836086   0.83585  0.835993   0.89226  0.833578         0   0.89328  0.833755  0.833809  0.833661  0.892358  0.835983         0  0.893949  0.835954  0.835736  0.835983         0  0.893793   0.89328  0.893949  0.893756  0.893697  0.893761  0.893227  0.836086  0.833755  0.835954         0  0.836008  0.836152  0.892148   0.83585         0  0.835736  0.893697  0.836008  0.835916   0.89223  0.835993  0.833661         0  0.893761  0.836152  0.835916
 0.892136  0.892233  0.892052  0.876839  0.876839   0.89242  0.892255  0.333038  0.839035  0.836115  0.415353  0.836574  0.836698  0.837006         0  0.834766  0.833809  0.409834  0.834639         0  0.834809  0.342346         0  0.835983  0.416989  0.836431  0.836482         0  0.893756  0.893592  0.894319  0.893476         0  0.893887  0.893719  0.329719  0.837106  0.839261  0.836733  0.836271  0.836852  0.837153  0.335738  0.836875  0.836036  0.836446  0.415213  0.836489  0.836921  0.332747  0.837021  0.839114  0.836181  0.415006  0.836636  0.836763
 0.333038         0  0.342346  0.906709  0.329719  0.335738  0.332747  0.892136  0.834766         0  0.893592  0.837106  0.836875  0.837021  0.892198  0.839035  0.840563  0.894319  0.839261  0.844429  0.839114  0.892052  0.836463   0.83471  0.893476  0.836733  0.836446  0.836588  0.876839  0.415353  0.409834  0.416989         0  0.415213  0.415006  0.876839  0.836574  0.834639  0.836431         0  0.836489  0.836636   0.89242  0.836698         0  0.836482  0.893887  0.836852  0.836763  0.892255  0.837006  0.834809         0  0.893719  0.837153  0.836921
 0.330219  0.516596  0.317297 0.0288749  0.387559  0.325276  0.330963  0.330219  0.840429  0.837134  0.411667  0.837594   0.83771  0.838028  0.516596  0.840429  0.838135   0.42083  0.839361  0.836881  0.840517  0.317297  0.837134  0.838135  0.411252  0.837245  0.837558  0.837181 0.0288749  0.411667   0.42083  0.411252  0.836753  0.413554  0.412395  0.387559  0.837594  0.839361  0.837245  0.836753  0.837346   0.83764  0.325276   0.83771  0.836881  0.837558  0.413554  0.837346  0.837756  0.330963  0.838028  0.840517  0.837181  0.412395   0.83764  0.837756
  0.0745391   0.0935395   0.0745727    0.118892   0.0746419   0.0745441   0.0745389   0.0745391  2.7904e-05  5.6301e-07   0.0663954 6.11574e-07 1.12421e-06 9.57235e-07   0.0935395  2.7904e-05 2.94968e-05   0.0664035 2.71028e-05 4.79542e-05 2.76277e-05   0.0745727 7.00561e-07 4.72472e-06   0.0663971 5.84361e-07 1.17721e-06 6.43595e-07    0.118859   0.0663954   0.0664035   0.0663971    0.121322   0.0663951   0.0663951   0.0746419 6.11574e-07 2.71028e-05 5.84361e-07 4.73463e-08 6.07405e-07 4.32826e-07   0.0745441 1.12421e-06  5.5928e-07 1.17721e-06   0.0663951 6.07405e-07 9.45018e-07   0.0745389 9.57235e-07 2.76277e-05   3.848e-07   0.0663951 4.32826e-07 9.45018e-07
