8	12	12	1
 0  0  0  0  0  9  0  0  0  1  0  0
 8 10  0  0  0  0  2  0  0  1  0  0
 0  0  0  7  0  0  0  0  6  1  4 12
 0  0  0  7  0  0  2  5  0  1  4  0
 0  0  3  0  0  0  0  0  0  1  0  0
 8  0  3  0  0  0  2  0  0  1  0  0
 0  0  3  0 11  0  0  0  6  1  4  0
 0  0  3  0  0  0  2  5  0  1  4  0
1	1	0.6	0.9	0.6	0.2	0.9	0.1	0.4	0.1	0.1	0.2	
0.755	0.123	0.34	0.07	0.212	0.126	0.149	0.722	
------target--------
6
------result--------
2	
------details--------
0.831371  0.90809 0.831398 0.831412 0.831335 0.915562  0.83126 0.831265
0.832402 0.449988 0.832431 0.832349 0.832663 0.521956 0.832531 0.832548
4.50849e-07   0.0828221 3.76657e-07 3.01123e-07 7.31756e-07   0.0780105 9.19118e-07  9.1438e-07
------result2--------
6	5	
------details2--------
0.908125 0.831255 0.831269 0.831192 0.915631 0.831117 0.831122 0.908125 0.908104 0.907735 0.913779 0.913779 0.913669 0.913779 0.831255 0.908104 0.831346  0.83122 0.915589 0.831145 0.831149 0.831269 0.907735        0 0.831215 0.915556  0.83114 0.831215 0.831192 0.913779  0.83122 0.831215        0        0        0 0.915631        0 0.915589 0.915556 0.915562 0.915451 0.915561 0.831117 0.913669 0.831145  0.83114  0.83126 0.915451  0.83119 0.831122 0.913779 0.831149        0 0.831265 0.915561  0.83119
0.449994 0.832293 0.832212 0.832522 0.522003  0.83239 0.832409 0.907867 0.907972 0.911039 0.873013 0.873013 0.886338 0.885045  0.83229 0.449947 0.832202 0.832547 0.521674 0.832415 0.832435 0.832304 0.450895 0.831412 0.832605 0.533659 0.832459 0.832605 0.832225 0.436265 0.832251 0.832251 0.831335 0.831335 0.831335 0.915136 0.915562 0.915347 0.915608        0 0.916933 0.915585 0.832152 0.436507 0.832178 0.832177        0        0 0.832212  0.83216 0.436355 0.832188 0.831265        0        0 0.832188
0.907867  0.83229 0.832304 0.832225 0.915136 0.832152  0.83216 0.449994 0.449947 0.450895 0.436265 0.933849 0.436507 0.436355 0.832293 0.907972  0.83237 0.832251 0.915347 0.832178 0.832188 0.832212 0.911039 0.832202 0.832251 0.915608 0.832177 0.832201 0.832522 0.873013 0.832547 0.832605        0        0        0 0.522003 0.873013 0.521674 0.533659        0        0        0  0.83239 0.886338 0.832415 0.832459 0.832257 0.916933 0.832188 0.832409 0.885045 0.832435 0.832605 0.832286 0.915585 0.832212
 0.44995 0.833325 0.833246 0.833566 0.521656 0.833431 0.833453  0.44995 0.450322 0.442491 0.566466 0.102574 0.514779 0.518924 0.833325 0.450322 0.832495 0.833596  0.52423  0.83346 0.833486 0.833246 0.442491 0.832495 0.833601 0.385583 0.833397 0.832441 0.833566 0.566466 0.833596 0.833601 0.832663 0.832663 0.832663 0.521656 0.102574  0.52423 0.385583 0.832663 0.796953 0.800751 0.833431 0.514779  0.83346 0.833397 0.832663 0.796953 0.832681 0.833453 0.518924 0.833486 0.832441 0.832663 0.800751 0.832681
  0.0828221 8.30971e-07 7.55682e-07 1.18569e-06   0.0780107 1.37455e-06 1.37243e-06   0.0828221   0.0828221   0.0828297   0.0842748    0.149575    0.083693   0.0837595 8.30971e-07   0.0828221  5.1005e-07 1.10902e-06   0.0780108 1.29754e-06 1.29675e-06 7.55682e-07   0.0828297 3.09374e-07  1.0956e-06   0.0786963 1.27654e-06 1.05348e-06 1.18569e-06   0.0842748 1.10902e-06  1.0956e-06 7.31756e-07 7.31756e-07 7.31756e-07   0.0780107    0.149398   0.0780108   0.0786963    0.165363    0.155248    0.156311 1.37455e-06    0.083693 1.29754e-06 1.27654e-06 9.45028e-07    0.155248 1.14445e-06 1.37243e-06   0.0837595 1.29675e-06 9.18607e-07 9.35173e-07    0.156311 1.14445e-06
