8	12	12	1
 0  0  9  1  0  0  0  0  0  0  0 12
 0  0  0  1  5  0  0  8  0  0  4  0
11  0  0  1  0  0  0  0  3  0  0  0
 0  0  0  1  0  0  0  8  3 10  4  0
 0  6  9  1  0  2  7  0  0  0  0  0
 0  6  0  1  5  2  0  0  0  0  4  0
11  0  0  1  0  2  7  0  3  0  0  0
 0  0  0  1  0  2  0  0  3 10  4  0
0.3	0.8	0.7	0.2	0.2	0.4	0.7	0.9	0.1	0.5	0.3	0.6	
0.035	0.136	0.181	0.713	0.123	0.942	0.756	0.157	
------target--------
5
------result--------
1	
------details--------
0.873416 0.835865 0.835731  0.83552 0.890006 0.835357 0.835731 0.835678
0.256502 0.836876 0.836743 0.836635 0.787446 0.836601 0.836743  0.83661
  0.0549424 3.58596e-07 6.81754e-07 1.09384e-06  0.00979053 1.41091e-06 6.81754e-07 6.86573e-07
------result2--------
1	5	
------details2--------
0.873335  0.87332 0.873156 0.889694 0.889694  0.87332 0.873268 0.873335 0.835621        0 0.889956 0.835246 0.835621  0.83552  0.87332 0.835621 0.835272 0.890056 0.835109        0 0.835432 0.873156  0.83552 0.835272 0.889944 0.834896 0.835272        0        0 0.889956 0.890056 0.889944 0.890006 0.890056 0.890008 0.889694 0.835246 0.835109 0.834896        0 0.835109 0.835056  0.87332 0.835621        0 0.835272 0.890056 0.835109 0.835432 0.873268  0.83552 0.835432        0 0.890008 0.835056 0.835432
0.874083  0.87372 0.873794 0.857495 0.857495  0.87372 0.873732 0.256563 0.836636 0.835865 0.787356 0.836492 0.836636 0.836548 0.256735 0.836636 0.836394 0.787235 0.836359 0.835731  0.83637 0.256851        0 0.836296 0.787066 0.836148 0.836296  0.83552 0.890006 0.890412 0.889849 0.890094        0 0.889849 0.890001 0.199331 0.836262 0.836131  0.83602 0.835357 0.836131 0.835996 0.256735 0.836636 0.835731 0.836394 0.787235 0.836359  0.83637 0.256759 0.836723 0.836452 0.835678 0.787196 0.836305 0.836452
0.256563 0.256735 0.256851  0.90662 0.199331 0.256735 0.256759 0.874083 0.836636        0 0.890412 0.836262 0.836636 0.836723  0.87372 0.836636 0.836296 0.889849 0.836131        0 0.836452 0.873794 0.836548 0.836394 0.890094  0.83602 0.836394 0.836723 0.857495 0.787356 0.787235 0.787066        0 0.787235 0.787196 0.857495 0.836492 0.836359 0.836148        0 0.836359 0.836305  0.87372 0.836636        0 0.836296 0.889849 0.836131 0.836452 0.873732 0.836548  0.83637        0 0.890001 0.835996  0.83637
0.255995  0.25575 0.255986 0.147371 0.364449  0.25575 0.255943 0.255995 0.837649 0.836876 0.788192 0.837506 0.837649 0.837634  0.25575 0.837649  0.83741 0.788121 0.837377 0.836743 0.837385 0.255986 0.836876  0.83741 0.788005 0.837267  0.83741  0.83661 0.147371 0.788192 0.788121 0.788005 0.836601 0.788121 0.787989 0.364449 0.837506 0.837377 0.837267 0.836601 0.837377 0.837242  0.25575 0.837649 0.836743  0.83741 0.788121 0.837377 0.837385 0.255943 0.837634 0.837385  0.83661 0.787989 0.837242 0.837385
  0.0549426   0.0549425   0.0549428   0.0661669   0.0570008   0.0549425   0.0549426   0.0549426  1.0425e-06 3.58596e-07  0.00979068 1.77246e-06  1.0425e-06 1.17082e-06   0.0549425  1.0425e-06 1.78627e-06  0.00979077 2.10274e-06 6.81754e-07 1.37615e-06   0.0549428 1.12498e-06 1.78627e-06  0.00979088 2.51731e-06 1.78627e-06 1.09709e-06   0.0661538  0.00979068  0.00979077  0.00979088   0.0615357  0.00979077  0.00979074   0.0570008 1.77246e-06 2.10274e-06 2.51731e-06 1.41091e-06 2.10274e-06 2.10635e-06   0.0549425  1.0425e-06 6.81754e-07 1.78627e-06  0.00979077 2.10274e-06 1.37615e-06   0.0549426 1.17082e-06 1.37615e-06 6.86573e-07  0.00979074 2.10635e-06 1.37615e-06
