8	12	12	1
 0  0  0  0  0  3  0  8  0  0  6  2
 0  0  0  0  0  0  0  0  0  1  0  2
 0  0  0  0  0  3  0  0  0  0  0  2
 0  7  0  0  0  0  0  0  0  1  0  2
 5  0  0  9  0  0  0  0  4  0  6  0
 0  0  0  0  0  0 12  0  4  1  0  0
 5  0  0  0 10  0  0  0  0  0  0  0
 0  7 11  0  0  0  0  0  0  1  0  0
0.7	0.7	0.1	0.8	1	0.9	0.7	0.9	0.4	0.3	1	0.3	
0.796	0.278	0.963	0.08	0.702	0.483	0.714	0.181	
------target--------
4
------result--------
8	
------details--------
0.890481 0.891155 0.890706 0.934619 0.890888 0.890993 0.890831 0.932976
0.891402 0.891416 0.891494 0.605421 0.891646 0.891716 0.891625 0.250919
8.01276e-07 2.86108e-08 7.67792e-07   0.0458801 6.99386e-07 5.15176e-07 8.00439e-07   0.0787167
------result2--------
8	4	
------details2--------
 0.890481  0.890481  0.933288  0.890185  0.890291  0.890127  0.933201         0         0         0  0.890864  0.890969  0.890807  0.934532         0  0.890706  0.933808  0.890412  0.890518  0.890355  0.933721  0.933288  0.934619  0.933808   0.93457  0.934597  0.934527         0  0.890185  0.890864  0.890412   0.93457  0.890701  0.890538  0.932904  0.890291  0.890969  0.890518  0.934597  0.890701  0.890643  0.932939  0.890127  0.890807  0.890355  0.934527  0.890538  0.890643   0.93286  0.933201  0.934532  0.933721  0.934532  0.932904  0.932939   0.93286
        0         0         0  0.890951  0.891023   0.89093   0.25226  0.891155  0.891155  0.891155  0.891622  0.891693  0.891602  0.245304  0.890706         0         0  0.891175  0.891247  0.891154  0.249034  0.935103         0  0.935257  0.934697  0.934682  0.934737  0.934619  0.891112  0.891129  0.891204  0.605677  0.891428  0.891336  0.251835  0.891216  0.891233  0.891309  0.605617  0.891461  0.891441  0.251577  0.891054  0.891072  0.891147  0.605613    0.8913  0.891371  0.251744  0.932904  0.917468  0.932478  0.917468   0.93309  0.933083  0.933124
   0.8914  0.891052  0.935103  0.891112  0.891216  0.891054  0.932904         0         0         0  0.891129  0.891233  0.891072  0.917468         0  0.891508  0.935257  0.891204  0.891309  0.891147  0.932478         0         0         0  0.605677  0.605617  0.605613  0.917468  0.890951  0.891622  0.891175  0.934697  0.891461    0.8913   0.93309  0.891023  0.891693  0.891247  0.934682  0.891428  0.891371  0.933083   0.89093  0.891602  0.891154  0.934737  0.891336  0.891441  0.933124   0.25226  0.245304  0.249034  0.939552  0.251835  0.251577  0.251744
 0.891416  0.891494  0.661164  0.891871  0.891942   0.89185  0.250476  0.891416  0.891416  0.891416  0.891886  0.891957  0.891865  0.331639  0.891494  0.891416  0.704112  0.891963  0.892035  0.891943  0.252234  0.661164  0.891416  0.704112  0.605001  0.604843  0.605171 0.0285344  0.891871  0.891886  0.891963  0.605001  0.892186  0.892095  0.249419  0.891942  0.891957  0.892035  0.604843  0.892186  0.892165  0.248975   0.89185  0.891865  0.891943  0.605171  0.892095  0.892165  0.249842  0.250476  0.331639  0.252234 0.0285344  0.249419  0.248975  0.249842
8.01381e-07 9.27728e-07   0.0570315 1.50745e-06 1.32174e-06 1.60862e-06    0.078717 2.86108e-08 2.86108e-08 2.86108e-08 7.28817e-07 5.44434e-07 8.29857e-07   0.0789573 7.67792e-07 7.71129e-07   0.0654849  1.4733e-06 1.28772e-06 1.57453e-06   0.0787199   0.0570315    0.103603   0.0654849   0.0458802   0.0458802   0.0458802    0.103989 1.50745e-06 7.28817e-07  1.4733e-06   0.0458802  1.2189e-06 1.50554e-06    0.078717 1.32174e-06 5.44434e-07 1.28772e-06   0.0458802  1.2189e-06 1.32003e-06    0.078717 1.60862e-06 8.29857e-07 1.57453e-06   0.0458802 1.50554e-06 1.32003e-06    0.078717    0.078717   0.0789573   0.0787199    0.103992    0.078717    0.078717    0.078717
