8	12	12	1
 7  1  0  0  0  0  4  0  0  0  3  0
 7  1  0  0  0  0  0  0  6  0  3  0
 0  1  0  0  0 12  4  0  0  2  0  9
 0  1 10  8  0  0  0  0  0  2  0  9
 0  0  0  0  0  0  0  5  0  0  3  0
 0  0  0  0  0  0  0  0  6  0  3  0
 0  0  0  0  0  0  0  5  0  2  0  0
 0  0  0  8 11  0  0  0  0  2  0  0
1	0.9	0.4	0.6	0.8	0.6	0.2	0.1	0.6	0.2	0.1	0.4	
0.09	0.133	0.62	0.694	0.189	0.29	0.802	0.636	
------target--------
2
------result--------
1	
------details--------
0.901066 0.906923  0.82419 0.824259 0.824414 0.824303 0.824414 0.824099
0.382859 0.612434 0.825306 0.825342 0.825485 0.825706 0.825485 0.825263
  0.0911192   0.0546847 8.84518e-07 7.26138e-07 3.31455e-07 8.63977e-07 3.31455e-07 1.07213e-06
------result2--------
6	1	
------details2--------
       0 0.901009 0.901062 0.901102 0.906923 0.901102 0.900947        0 0.906919 0.906969 0.906987 0.906923 0.906987 0.906864 0.901009 0.906919 0.823934  0.82409 0.823979  0.82409 0.823774 0.901062 0.906969 0.823934 0.824159 0.824049 0.824159 0.823843 0.901102 0.906987  0.82409 0.824159 0.824204        0 0.823999 0.906923        0 0.823979 0.824049 0.824204 0.824204 0.823888 0.901102 0.906987  0.82409 0.824159        0 0.824204 0.823999 0.900947 0.906864 0.823774 0.823843 0.823999 0.823888 0.823999
0.901066 0.901207  0.90108 0.900707 0.869141 0.900707 0.901281 0.906923  0.90693  0.90677 0.906292        0 0.906292 0.907028 0.382838 0.612421 0.825024 0.825171 0.825386 0.825171 0.824943 0.382843 0.612462 0.825056 0.825241 0.825455 0.825241 0.825012 0.382843 0.612482  0.82521 0.825246 0.825608 0.824414 0.825166 0.369537 0.824303 0.825099 0.825135 0.825278 0.825278 0.825055 0.382843 0.612482  0.82521 0.825246 0.824414 0.825608 0.825166 0.382827 0.612375 0.824896 0.824933 0.825081 0.825296 0.825081
       0 0.382838 0.382843 0.382843 0.369537 0.382843 0.382827 0.869141 0.612421 0.612462 0.612482 0.369537 0.612482 0.612375 0.901207  0.90693 0.825056  0.82521 0.825099  0.82521 0.824896  0.90108  0.90677 0.825024 0.825246 0.825135 0.825246 0.824933 0.900707 0.906292 0.825171 0.825241 0.825278        0 0.825081 0.869141        0 0.825386 0.825455 0.825608 0.825608 0.825296 0.900707 0.906292 0.825171 0.825241        0 0.825278 0.825081 0.901281 0.907028 0.824943 0.825012 0.825166 0.825055 0.825166
0.382859 0.382911 0.382911 0.383019  0.48603 0.383019 0.382917 0.382859 0.612468 0.612343 0.611957 0.825706 0.611957 0.612544 0.382911 0.612468  0.82614 0.826283 0.826507 0.826283 0.826061 0.382911 0.612343  0.82614  0.82632 0.826546  0.82632 0.826097 0.383019 0.611957 0.826283  0.82632 0.826701 0.825485  0.82624  0.48603 0.825706 0.826507 0.826546 0.826701 0.826701 0.826463 0.383019 0.611957 0.826283  0.82632 0.825485 0.826701  0.82624 0.382917 0.612544 0.826061 0.826097  0.82624 0.826463  0.82624
  0.0911192   0.0911193   0.0911192   0.0911193   0.0923733   0.0911193   0.0911194   0.0919531   0.0546847   0.0546848   0.0546849   0.0864034   0.0546849   0.0546848   0.0911193   0.0546847 1.61795e-06 1.22082e-06 1.75386e-06 1.22082e-06  1.9643e-06   0.0911192   0.0546848 1.61795e-06 1.06306e-06 1.59541e-06 1.06306e-06 1.80571e-06   0.0911193   0.0546849 1.22082e-06 1.06306e-06 1.19888e-06 3.31455e-07 1.40826e-06   0.0923733 8.63977e-07 1.75386e-06 1.59541e-06 1.19888e-06 1.19888e-06 1.94173e-06   0.0911193   0.0546849 1.22082e-06 1.06306e-06 3.31455e-07 1.19888e-06 1.40826e-06   0.0911194   0.0546848  1.9643e-06 1.80571e-06 1.40826e-06 1.94173e-06 1.40826e-06
