8	12	12	1
 8  1  0  0  0  5  0  0  0  0  0  0
 0  0  0  2  0  5  0  0  0  0  0 10
 0  1 11  0  9  0  0  7  3  0  0  0
 0  0  0  2  9  0  6  0  3  0  0 10
 8  1  0  0  0  0  0  0  0 12  4  0
 0  0  0  2  0  0  0  0  0  0  4  0
 0  1  0  0  0  0  0  7  3  0  4  0
 0  0  0  2  0  0  6  0  3  0  4  0
0.1	0.4	0.6	0.3	0.9	0.7	0.1	0.8	0.9	0.7	0.1	0.9	
0.31	0.041	0.156	0.123	0.453	0.236	0.765	0.234	
------target--------
4
------result--------
2	
------details--------
0.838111 0.912679 0.837146 0.912923 0.837599 0.838123  0.83721 0.838114
0.840104 0.227056 0.839388 0.330569 0.839685 0.840119 0.839439 0.839379
4.26274e-07    0.120379 4.60083e-06    0.103471 3.19851e-06 3.42415e-07  4.4938e-06 2.56564e-07
------result2--------
4	2	
------details2--------
0.912715 0.837083 0.912961        0 0.838063 0.837147 0.838053 0.912715 0.912563        0 0.912712 0.912705 0.912575 0.912952 0.837083 0.912563 0.912817  0.83655 0.837088 0.837088 0.837077 0.912961        0 0.912817 0.912966 0.912952 0.912832 0.912952 0.837599 0.912712  0.83655 0.912966 0.837599 0.836675 0.837588 0.838063 0.912705 0.837088 0.912952        0        0        0 0.837147 0.912575        0 0.912832 0.836675  0.83721 0.837199 0.838053 0.912952 0.837077        0 0.837588 0.838114 0.837199
0.227048  0.83933  0.33096 0.838111 0.840071 0.839381 0.839331 0.911521 0.912817 0.912679 0.912593 0.911607 0.912815 0.906988 0.839126 0.226938 0.331375 0.838683 0.839274 0.839274 0.838491 0.911703 0.912923 0.913047 0.912809 0.911736 0.913042 0.911736        0 0.226994 0.838825 0.332685        0 0.838879 0.838065 0.840066 0.227054 0.839345  0.33178 0.838123 0.838123 0.838123 0.839194 0.226947  0.83721 0.332522  0.83874        0 0.837676 0.840057 0.226699 0.839335 0.838114 0.839633        0 0.839389
0.911521 0.839126 0.911703        0 0.840066 0.839194 0.840057 0.227048 0.226938        0 0.226994 0.227054 0.226947 0.226699  0.83933 0.912817 0.913047 0.838825 0.839345 0.838803 0.839335  0.33096 0.901887 0.331375 0.332685  0.33178 0.332522 0.226699 0.839633 0.912593 0.838683 0.912809 0.839644  0.83874 0.839633 0.840071 0.911607 0.839274 0.911736        0        0        0 0.839381 0.912815 0.839274 0.913042 0.838879 0.839399 0.839389 0.839331 0.906988 0.838491 0.911736 0.838065 0.838563 0.837676
0.227328 0.841336 0.317025 0.840104 0.842064 0.841386 0.841334 0.227328 0.227201 0.227056 0.227226 0.227161 0.227205 0.235205 0.841336 0.227201 0.329583 0.840921 0.841376 0.839445 0.840596 0.317025 0.227056 0.329583 0.324722 0.273674 0.327901 0.776293 0.840104 0.227226 0.840921 0.324722 0.840119 0.840782 0.840119 0.842064 0.227161 0.841376 0.273674 0.840119 0.840119 0.840119 0.841386 0.227205 0.839445 0.327901 0.840782 0.840119 0.840052 0.841334 0.235205 0.840596 0.776293 0.840119 0.840119 0.840052
   0.120379 5.04171e-06    0.103473 4.26274e-07 7.72832e-07 4.93571e-06 6.87748e-07    0.120379    0.120379    0.120379    0.120379    0.120379    0.120379    0.120388 5.04171e-06    0.120379    0.103471 7.89048e-06 4.98869e-06 4.90098e-06 4.89281e-06    0.103473    0.120393    0.103471    0.103475    0.103492    0.103473     0.11631 3.22047e-06    0.120379 7.89048e-06    0.103475 3.21677e-06 7.41149e-06 3.23464e-06 7.72832e-07    0.120379 4.98869e-06    0.103492 3.42415e-07 3.42415e-07 3.42415e-07 4.93571e-06    0.120379 4.49528e-06    0.103473 7.41149e-06 4.53709e-06  4.5534e-06 6.87748e-07    0.120388 4.89281e-06 0.000803609 3.23464e-06 3.58166e-07  4.5534e-06
