8	12	12	1
 3  9  0  0  0  0  1 10  7  0  0  0
 3  9  0  0  0  0  1  0  0  8  0  4
 0  0  6  0  0  0  1  0  7  0  0  0
 0  0  6  0  0  0  1  0  0  0  0  4
 3  0  0 12  2  5  1  0  0  0  0  0
 3  0  0  0  2  0  1  0  0  8  0  4
 0  0  0  0  2  5  1  0  0  0 11  0
 0  0  0  0  2  0  1  0  0  0  0  4
0.7	0.2	0.2	0.7	0.8	0.1	0.1	0.6	0.9	0.7	0.9	0.8	
0.048	0.434	0.102	0.464	0.161	0.8	0.68	0.233	
------target--------
3
------result--------
1	
------details--------
0.922908 0.861183 0.924386 0.861589 0.861721 0.861238 0.861414 0.861627
0.437495 0.862271 0.459323  0.86239 0.862592 0.862293 0.862379 0.862519
  0.0779915 1.21945e-06   0.0769785 5.25492e-07 2.70004e-07 1.16367e-06 9.39221e-07 5.27681e-07
------result2--------
1	3	
------details2--------
 0.922294  0.924056  0.923626  0.922895  0.922294  0.922813  0.922318         0  0.923997  0.861145    0.8611  0.861183  0.860789  0.861183         0  0.923997  0.923965  0.924378  0.923944  0.924311  0.923965  0.923626  0.861145         0  0.861507    0.8612  0.861199  0.861589  0.922895    0.8611  0.924378  0.861507  0.861155  0.861332  0.861545  0.922294         0  0.923944    0.8612  0.861155  0.860845  0.861238  0.922813  0.860789  0.924311  0.861199  0.861332  0.860845  0.861238  0.922318         0  0.923965         0  0.861545         0  0.861238
  0.92341  0.908225  0.920989  0.923039   0.92341   0.92305  0.925234  0.861183  0.501317   0.86158  0.861979         0  0.861763         0  0.924386  0.924673  0.925988  0.924472  0.924761  0.924499  0.925988  0.460888  0.862103  0.861589  0.862381  0.862124  0.862167         0  0.437552   0.86219  0.459475   0.86231  0.862212  0.862298  0.862438  0.531315  0.861238  0.501077  0.861634  0.862033  0.861817         0  0.437644  0.861885  0.459866  0.862005  0.862208  0.861907  0.862133   0.46467  0.861627  0.501388  0.861627  0.862418  0.861627  0.862204
 0.237609  0.929278  0.460888  0.437552  0.531315  0.437644   0.46467   0.92341  0.924673  0.862103   0.86219  0.861928  0.861885  0.862141  0.908225  0.501317         0  0.459475  0.501077  0.459866  0.501388  0.920989   0.86158  0.925988   0.86231  0.861634  0.862005  0.862025  0.923039  0.861979  0.924472  0.862381  0.862033  0.862208  0.862418   0.92341         0  0.924761  0.862124  0.862212  0.861907  0.862162   0.92305  0.861763  0.924499  0.862167  0.862298  0.861817  0.862204  0.925234         0  0.925988         0  0.862438         0  0.862133
 0.525532 0.0595451  0.353332  0.436935  0.309308  0.437269  0.287406  0.525532  0.421139  0.862523  0.863065  0.862293  0.862851  0.862519 0.0595451  0.421139  0.727465  0.457818  0.415359  0.458503  0.147746  0.353332  0.862523  0.727465  0.863185  0.862525  0.862971  0.862519  0.436935  0.863065  0.457818  0.863185  0.863086  0.863172  0.863311  0.309308  0.862293  0.415359  0.862525  0.863086  0.862873  0.862519  0.437269  0.862851  0.458503  0.862971  0.863172  0.862873  0.863098  0.287406  0.862519  0.147746  0.862519  0.863311  0.862519  0.863098
  0.0826962    0.134317   0.0785109   0.0779915   0.0811186   0.0779916   0.0790813   0.0373631   0.0774139   1.348e-06 1.49266e-06 1.23744e-06 2.16873e-06 1.29686e-06    0.134307   0.0774139    0.120043   0.0769785   0.0774776   0.0769786   0.0809291   0.0785109   1.348e-06  0.00891067 7.97096e-07 1.28087e-06 1.46974e-06 5.77904e-07   0.0779915 1.49266e-06   0.0769785 7.97096e-07 1.43649e-06 1.21146e-06 7.98705e-07   0.0811186 1.16367e-06   0.0774776 1.28087e-06 1.43649e-06 2.11181e-06 1.23022e-06   0.0779916 2.16873e-06   0.0769786 1.46974e-06 1.21146e-06 2.11181e-06 1.47021e-06   0.0790813 5.27681e-07   0.0809291 5.27681e-07 7.98705e-07 5.27681e-07 1.47021e-06
