8	12	12	1
 0 10  0  0  0  0  0  5  0  0  1  3
 0  0  0  0  0  0  0  0  0  0  1  3
 0  0  0  0  0 12  0  5  6  0  1  0
11  0  0  0  0  0  4  0  0  0  1  0
 0  0  2  0  0  0  0  0  0  7  1  3
 0  0  2  0  9  0  0  0  0  0  1  3
 0  0  2  8  0  0  0  0  6  7  1  0
 0  0  2  8  9  0  4  0  0  0  1  0
0.5	0.3	0.1	0.5	0.7	0.5	0.1	0.5	0.5	0.4	0.1	0.7	
0.803	0.964	0.511	0.81	0.136	0.958	0.032	0.205	
------target--------
5
------result--------
7	
------details--------
 0.82167 0.821832 0.822196 0.822076   0.8598 0.821395 0.843483 0.821891
0.822835 0.822878 0.823298 0.823193 0.796353 0.822715 0.310953 0.823322
1.05471e-06 9.19197e-07 6.93423e-07 9.23328e-07  0.00340943 1.01229e-06   0.0264883 1.64435e-06
------result2--------
5	2	
------details2--------
 0.82167 0.821432 0.821309 0.859349 0.821249 0.859093 0.820746        0 0.821595 0.821474        0        0 0.859541 0.820887 0.821432 0.821595  0.82184 0.859749 0.821156 0.843328 0.821655 0.821309 0.821474  0.82184 0.859731 0.821033 0.843252 0.821534 0.859349   0.8598 0.859749 0.859731 0.858585        0 0.858314 0.821249 0.821395 0.821156 0.821033 0.858585 0.858314        0 0.859093 0.859541 0.843328 0.843252 0.859541 0.858314        0 0.820746 0.820887 0.821655 0.821534 0.858314        0 0.839573
       0 0.822546  0.82244        0 0.822103 0.213331  0.82259 0.821832 0.822705 0.822599 0.821832 0.821832 0.211507 0.822766 0.822603 0.822647 0.822962 0.796096 0.822482 0.310976 0.823092 0.822483 0.822527  0.82295 0.795961 0.822362 0.310981 0.822973 0.861748        0 0.859988 0.859948 0.861043   0.8598 0.861272 0.822038        0 0.822272 0.822165        0 0.226746 0.821395 0.835357 0.831777 0.844062 0.843984 0.831777 0.839472 0.843483 0.822334 0.822414 0.822767 0.822661 0.804159 0.821891        0
0.822528 0.822603 0.822483 0.861748 0.822038 0.835357 0.822334        0 0.822647 0.822527        0        0 0.831777 0.822414 0.822546 0.822705  0.82295 0.859988 0.822272 0.844062 0.822767  0.82244 0.822599 0.822962 0.859948 0.822165 0.843984 0.822661        0        0 0.796096 0.795961        0 0.831777 0.804159 0.822103 0.822277 0.822482 0.822362 0.861043 0.839472 0.822414 0.213331 0.211507 0.310976 0.310981 0.877164 0.226746        0  0.82259 0.822766 0.823092 0.822973 0.861272  0.85361 0.850331
0.822878 0.823708 0.823603 0.817596 0.822887 0.413216  0.82396 0.822878 0.823751 0.823646 0.822878 0.822878 0.482346 0.824076 0.823708 0.823751 0.824067 0.797318 0.823588 0.310867  0.82419 0.823603 0.823646 0.824067 0.797208 0.823483 0.310891 0.824086 0.817596 0.822878 0.797318 0.797208 0.809278 0.208998 0.776951 0.822887 0.822878 0.823588 0.823483 0.809278 0.350782 0.823047 0.413216 0.482346 0.310867 0.310891 0.208998 0.350782 0.465966  0.82396 0.824076  0.82419 0.824086 0.776951 0.823047 0.465966
1.08449e-06 1.75598e-06  1.9887e-06   0.0285858 1.36508e-06   0.0278871 3.32682e-06 9.19197e-07 1.61826e-06 1.85015e-06 9.19197e-07 9.19197e-07   0.0287232 3.30409e-06 1.75598e-06 1.61826e-06 1.62391e-06   0.0034099 1.71316e-06   0.0264887 2.34407e-06  1.9887e-06 1.85015e-06 1.62391e-06  0.00341006 1.94572e-06   0.0264887 2.57625e-06   0.0285858   0.0349046   0.0034099  0.00341006   0.0186861   0.0322551  0.00368456 1.36508e-06 1.20437e-06 1.71316e-06 1.94572e-06   0.0186861    0.027029 1.28105e-06   0.0278871   0.0287232   0.0264887   0.0264887   0.0322631    0.027029   0.0327689 3.32682e-06 3.30409e-06 2.34407e-06 2.57625e-06  0.00368456 1.29004e-05   0.0328668
