8	12	12	1
 0  0  0  7  0  0  5  1  0  2  0  0
 0  0 10  0  8  9  5  1  0  0  0  4
 0  0  0  0  0  0  0  1 12  2  0  0
 0  6  0  0  0  9  0  1  0  0  0  4
 0  0  0  7  0  0  0  1  0  2  3  0
11  0  0  0  8  0  0  1  0  0  3  4
 0  0  0  0  0  0  0  1  0  2  3  0
 0  6  0  0  0  0  0  1  0  0  3  4
0.7	0.7	0.1	0.6	0.7	0.1	0.2	0.4	0.2	1	0.4	0.2	
0.096	0.622	0.747	0.113	0.569	0.561	0.594	0.098	
------target--------
8
------result--------
4	
------details--------
0.867229 0.866918 0.867306 0.910068 0.867068 0.867087 0.867293   0.9157
0.867963 0.874234 0.868135 0.169478 0.867834 0.867834 0.867818 0.743184
4.50111e-07 1.50387e-05 3.49827e-07   0.0800928 6.32868e-07 5.99038e-07 2.18811e-07   0.0235999
------result2--------
2	4	
------details2--------
 0.866736  0.867115  0.908603         0  0.866868  0.867068    0.9151  0.866736    0.8668  0.910083  0.866516  0.866537  0.866742   0.91567  0.867115    0.8668  0.910073  0.866953  0.866972  0.867179  0.915745  0.908603         0  0.910073  0.915035  0.914927  0.915635  0.915635         0  0.866516  0.866953  0.915035  0.866868  0.867068    0.9151  0.866868  0.866537  0.866972  0.914927  0.866868  0.867087  0.914992  0.867068  0.866742  0.867179  0.915635         0         0         0    0.9151   0.91567  0.915745         0    0.9151  0.914992    0.9157
 0.873882  0.867949   0.17448  0.867229  0.867645  0.867666  0.758984  0.867439  0.867669         0  0.867393  0.867393  0.867475  0.742003  0.867853  0.874136  0.170367  0.867723  0.867723  0.867708  0.743221   0.91429  0.910068  0.910037  0.904256  0.904068  0.892866  0.892866  0.867068  0.874444  0.867792   0.15712  0.867617         0         0  0.867636  0.874444  0.867809  0.157244  0.867636         0         0  0.867852  0.874728  0.868012  0.154949  0.867293  0.867293  0.867293  0.917199  0.916106  0.915416    0.9157  0.917199   0.91763         0
 0.867439  0.867853   0.91429         0  0.867636  0.867852  0.917199  0.873882  0.874136  0.909834  0.874444  0.874444  0.874728  0.916106  0.867949  0.867669  0.910037  0.867792  0.867809  0.868012  0.915416   0.17448         0  0.170367   0.15712  0.157244  0.154949  0.921409  0.867666  0.867393  0.867723  0.904256  0.867636  0.867852  0.917199  0.867645  0.867393  0.867723  0.904068  0.867617  0.867852   0.91763  0.867666  0.867475  0.867708  0.892866         0         0         0  0.758984  0.742003  0.743221  0.892866         0         0         0
 0.875272  0.868683  0.156253  0.867963  0.868479  0.868558    0.6748  0.875272  0.874902  0.728095  0.873975   0.87396  0.872612  0.759999  0.868683  0.874902  0.163625  0.868556  0.868556  0.868539   0.74294  0.156253  0.728095  0.163625  0.187726  0.188566  0.245214 0.0459529  0.867963  0.873975  0.868556  0.187726  0.867939  0.867818  0.827368  0.868479   0.87396  0.868556  0.188566  0.867939  0.867818  0.829429  0.868558  0.872612  0.868539  0.245214  0.867818  0.867818  0.867818    0.6748  0.759999   0.74294 0.0459529  0.827368  0.829429  0.867818
1.55357e-05 8.03035e-07   0.0801425 4.50111e-07 1.12438e-06 7.51079e-07   0.0243661 1.55357e-05 1.54174e-05   0.0984554 1.58266e-05 1.57884e-05 1.56842e-05   0.0236147 8.03035e-07 1.54174e-05   0.0800939 9.88568e-07 9.54269e-07 5.71307e-07      0.0236   0.0801425   0.0984554   0.0800939   0.0803044   0.0803074   0.0808326   0.0953731  6.7611e-07 1.58266e-05 9.88568e-07   0.0803044 9.32851e-07  6.3343e-07   0.0673958 1.12438e-06 1.57884e-05 9.54269e-07   0.0803074 9.32851e-07   5.996e-07   0.0684992 7.51079e-07 1.56842e-05 5.71307e-07   0.0808326 2.18811e-07 2.18811e-07 2.18811e-07   0.0243661   0.0236147      0.0236   0.0953713   0.0673958   0.0684992   0.0894449
