8	12	12	1
 0  0  0  4 12  0  0  7  8  0  0  0
 0  0  0  4  0  5  0  0  0  0 10  0
 0  0  0  0  0  0  0  0  8  9  0 11
 0  0  0  0  0  0  0  0  0  9 10  0
 0  2  0  0  0  0  6  7  0  0  0  0
 1  0  0  0  0  5  6  0  0  0  0  0
 0  2  3  0  0  0  0  0  0  0  0 11
 1  0  3  0  0  0  0  0  0  0  0  0
0.2	0.7	0.5	0.5	0.1	0.4	0.6	0.4	0.8	0.8	0.2	0.3	
0.449	0.78	0.921	0.874	0.133	0.155	0.715	0.783	
------target--------
5
------result--------
1	
------details--------
0.868724 0.826282 0.826259 0.826282  0.87124 0.826509 0.825827 0.826218
 0.39292 0.827349 0.827187 0.827349 0.523614 0.827314 0.827114 0.827291
  0.0475584   7.902e-07 6.73558e-07   7.902e-07   0.0376789 1.69053e-07 1.40564e-06 8.92396e-07
------result2--------
5	6	
------details2--------
 0.868798  0.868779  0.868798  0.870883  0.870883  0.868699  0.868647  0.868798   0.82596         0  0.871355  0.826216  0.825521   0.82592  0.868779   0.82596   0.82596  0.871338  0.826193         0  0.825827  0.868798         0   0.82596  0.871355  0.826216  0.825521   0.82592         0  0.871355  0.871338  0.871355   0.87124  0.871299  0.871196  0.870883  0.826216  0.826193  0.826216         0   0.82576  0.826151  0.868699  0.825521         0  0.825521  0.871299   0.82576  0.825827  0.868647   0.82592  0.825827   0.82592  0.871196  0.826151         0
 0.868529  0.868617  0.868529  0.845108  0.845108  0.868742  0.868879  0.395225  0.826901  0.826282   0.52313  0.827027  0.826825  0.827003  0.394869  0.827041  0.827041  0.523137  0.827003  0.826259  0.827011  0.395225  0.826282  0.826901   0.52313  0.827027  0.826825  0.827003   0.87124  0.870936  0.871052  0.870936         0  0.871198  0.871329  0.383312  0.827285  0.827122  0.827285  0.826509  0.827049  0.827226  0.396124  0.826617  0.825827  0.826617  0.522674  0.826577         0  0.393831  0.826998  0.826877  0.826998  0.523243  0.826962  0.826218
 0.395225  0.394869  0.395225  0.879425  0.383312  0.396124  0.393831  0.868529  0.827041         0  0.870936  0.827285  0.826617  0.826998  0.868617  0.826901  0.826901  0.871052  0.827122         0  0.826877  0.868529         0  0.827041  0.870936  0.827285  0.826617  0.826998  0.845108   0.52313  0.523137   0.52313         0  0.522674  0.523243  0.845108  0.827027  0.827003  0.827027         0  0.826577  0.826962  0.868742  0.826825  0.827011  0.826825  0.871198  0.827049  0.826877  0.868879  0.827003  0.827011  0.827003  0.871329  0.827226         0
 0.386494  0.388983  0.386494 0.0529055  0.554335  0.390509  0.391041  0.386494   0.82797  0.827349  0.524932  0.828095  0.827898  0.828071  0.388983   0.82797   0.82797  0.524562  0.827932  0.827187  0.828031  0.386494  0.827349   0.82797  0.524932  0.828095  0.827898  0.828071 0.0529055  0.524932  0.524562  0.524932  0.827314   0.52431  0.524372  0.554335  0.828095  0.827932  0.828095  0.827314  0.827859  0.828034  0.390509  0.827898  0.827187  0.827898   0.52431  0.827859  0.827291  0.391041  0.828071  0.828031  0.828071  0.524372  0.828034  0.827291
  0.0475612   0.0475598   0.0475612   0.0829032   0.0480336   0.0475598   0.0475587   0.0475612 1.47802e-06   7.902e-07   0.0376792 9.61671e-07 2.21944e-06 1.69389e-06   0.0475598 1.47802e-06 1.47802e-06   0.0376791 8.44587e-07 6.73558e-07 1.73224e-06   0.0475612   7.902e-07 1.47802e-06   0.0376792 9.61671e-07 2.21944e-06 1.69389e-06   0.0828917   0.0376792   0.0376791   0.0376792   0.0891793   0.0376791    0.037679   0.0480336 9.61671e-07 8.44587e-07 9.61671e-07 1.69053e-07 1.57821e-06 1.06334e-06   0.0475598 2.21944e-06 1.42094e-06 2.21944e-06   0.0376791 1.57821e-06  1.4909e-06   0.0475587 1.69389e-06 1.73224e-06 1.69389e-06    0.037679 1.06334e-06 8.92396e-07
