8	12	12	1
 1  0  0 12  0  0  5  4  0  0  0  0
 1  2  0  0  0  0  0  0  0  0  0  0
 1  0  3  0  0  0  0  4  0  0  0  9
 1  2  3  0  0 11  0  0  0  0  0  9
 0  0  0  0  0  0  5  4  7  0  8  0
 0  2  0  0  0  0  0  0  0 10  8  0
 0  0  3  0  6  0  0  4  7  0  0  0
 0  2  3  0  6  0  0  0  0  0  0  0
0.8	0.3	0.6	0.7	0.7	0.8	0.8	1	0.1	0.1	0.4	0.4	
0.261	0.301	0.168	0.456	0.825	0.063	0.138	0.055	
------target--------
8
------result--------
7	
------details--------
0.923927 0.924059 0.924009 0.923754 0.923472 0.923888 0.953321 0.954381
0.924933 0.924226 0.924988 0.924642 0.925616 0.924436 0.287477 0.696335
9.00908e-07 1.60141e-08  4.2143e-07 1.29889e-06  6.6367e-06 4.80292e-07   0.0620226   0.0329668
------result2--------
7	8	
------details2--------
 0.923912  0.923862  0.923604  0.923319  0.923739  0.953291  0.954362  0.923912  0.923994         0  0.923444         0   0.95433         0  0.923862  0.923994         0  0.923404  0.923822  0.953318  0.954387  0.923604  0.923754  0.923754  0.923124  0.923578  0.954158   0.95421  0.923319  0.923444  0.923404  0.923124         0  0.953369  0.954408  0.923739  0.923888  0.923822  0.923578  0.923438   0.95441  0.954467  0.953291   0.95433  0.953318  0.954158         0   0.95441   0.95433  0.954362  0.954381  0.954387   0.95421  0.954408  0.954467         0
 0.924084  0.924846  0.924498  0.925476  0.924291  0.288248  0.696577  0.924918  0.924975  0.924059  0.925626  0.924059  0.282609  0.924059   0.92487  0.924167  0.924009  0.925556  0.924373  0.288053  0.696901  0.924618         0         0  0.925334  0.924208  0.285355         0   0.92436   0.92376  0.924429   0.92408  0.923472         0  0.695696  0.924746         0  0.924804  0.924607  0.954373  0.298334         0  0.953496  0.943067  0.953359  0.951842  0.953321  0.951221  0.943067   0.95449         0  0.954289  0.954783  0.954313  0.954154  0.954381
 0.924918   0.92487  0.924618   0.92436  0.924746  0.953496   0.95449  0.924084  0.924167         0   0.92376         0  0.943067         0  0.924846  0.924975         0  0.924429  0.924804  0.953359  0.954289  0.924498  0.924778  0.924565   0.92408  0.924607  0.951842  0.954783  0.925476  0.925626  0.925556  0.925334  0.954373  0.953192  0.954313  0.924291   0.92451  0.924373  0.924208  0.923797  0.951221  0.954154  0.288248  0.282609  0.288053  0.285355         0  0.298334  0.958032  0.696577         0  0.696901         0  0.695696         0  0.943067
 0.925093  0.925851  0.925509  0.926455  0.925311  0.282797  0.694868  0.925093  0.925143  0.924226  0.925499  0.924226  0.357687  0.924226  0.925851  0.925143  0.924988  0.926496   0.92537  0.278906  0.687718  0.925509  0.924226  0.924988  0.926136  0.924686  0.291632  0.842853  0.926455  0.925499  0.926496  0.926136  0.924597  0.590911  0.698085  0.925311  0.924226   0.92537  0.924686  0.924597  0.262209  0.849343  0.282797  0.357687  0.278906  0.291632  0.590911  0.262209 0.0320271  0.694868  0.924226  0.687718  0.842853  0.698085  0.849343 0.0320271
 9.1798e-07  1.3265e-06 2.21414e-06  7.5712e-06 1.39129e-06   0.0620231   0.0329669  9.1798e-07 4.38501e-07 1.60141e-08 6.68094e-06 1.60141e-08   0.0621627 1.60141e-08  1.3265e-06 4.38501e-07  4.2143e-07 7.07897e-06 9.08885e-07   0.0620232   0.0329681 2.21414e-06 1.44468e-06 1.36812e-06 8.01296e-06 1.66502e-06   0.0620368   0.0628734  7.5712e-06 6.68094e-06 7.07897e-06 8.01296e-06 7.49324e-05   0.0739154   0.0329671 1.39129e-06 5.17972e-07 9.08885e-07 1.66502e-06 7.49891e-05   0.0620768   0.0642605   0.0620231   0.0621627   0.0620232   0.0620368   0.0739153   0.0620768   0.0818591   0.0329669    0.081329   0.0329681   0.0628734   0.0329671   0.0642605   0.0818572
