8	12	12	1
 0  0  0  0  0  0  0  0  6  0  0  0
 0  0  0  0  0  0  3  0  0 10  0  0
 0  2  8  0  0  0  0  0  6  0  0  0
 0  2  0  0  0  0  3  0  0  0  0  0
 1  0  0  0  0  0  0  5  0  0 11  7
 1  0  0  0  4  0  3  5  0  0  0  0
 1  2  0 12  0  0  0  0  0  0  0  7
 1  2  0  0  4  9  3  0  0  0  0  0
0.4	0.7	0.7	0.6	0.7	0.9	0.4	0.3	0.1	0.3	0.3	0.7	
0.377	0.931	0.333	0.344	0.128	0.147	0.879	0.794	
------target--------
6
------result--------
5	
------details--------
0.808675  0.80839 0.808469 0.808639 0.838271 0.842434 0.808245 0.808123
0.809826 0.809322 0.809658 0.809131 0.416935 0.668093 0.809471  0.80926
1.49572e-07 6.40072e-07 7.54205e-07 1.05163e-07   0.0289453   0.0138044 1.15012e-06 1.04353e-06
------result2--------
6	4	
------details2--------
0.808347        0 0.808596 0.838281 0.842454 0.808202  0.80808 0.808347 0.808138  0.80839 0.841669 0.842255 0.807912 0.807881 0.808469 0.808138  0.80839 0.838171 0.842369 0.807994 0.807871 0.808596        0  0.80839 0.841849        0 0.808165        0 0.838281 0.841669 0.838171 0.841849 0.841849 0.838055  0.84117 0.842454 0.842255 0.842369 0.842434        0 0.842281 0.841751 0.808202 0.807912 0.807994 0.808165 0.838055 0.842281 0.807644  0.80808 0.807881 0.807871 0.808123  0.84117 0.841751 0.807644
0.809282 0.808675  0.80909 0.416941 0.667991  0.80943 0.809219 0.809514 0.809335        0 0.396066        0 0.809147 0.809063        0 0.809078 0.808887 0.416937 0.667752 0.809225 0.809014  0.80975 0.808639  0.80958 0.394988 0.808639 0.809393 0.808639 0.838022 0.832071  0.83865 0.819961 0.819961 0.838617 0.835645 0.841899 0.843043 0.842678        0 0.842434 0.842678 0.843333 0.809367 0.808856 0.809191 0.808665 0.416944 0.667505  0.80879 0.809246  0.80895 0.809068        0 0.397437        0 0.808879
0.809514        0  0.80975 0.838022 0.841899 0.809367 0.809246 0.809282 0.809078 0.809482 0.832071 0.843043 0.808856  0.80895 0.809622 0.809335  0.80958  0.83865 0.842678 0.809191 0.809068  0.80909        0 0.808887 0.819961        0 0.808665        0 0.416941 0.396066 0.416937 0.394988 0.858263 0.416944 0.397437 0.667991        0 0.667752        0 0.819961 0.667505        0  0.80943 0.809147 0.809225 0.809393 0.838617 0.842678 0.808879 0.809219 0.809063 0.809014 0.809317 0.835645 0.843333  0.80879
0.810433 0.809826 0.810237 0.416786 0.670912 0.810583 0.810373 0.810433 0.810267 0.809131 0.463649 0.772333 0.810081 0.809488 0.809826 0.810267 0.810074  0.41693 0.669411 0.810416 0.810205 0.810237 0.809131 0.810074 0.595126 0.809131 0.809888 0.809131 0.416786 0.463649  0.41693 0.595126 0.110569 0.416922 0.436993 0.670912 0.772333 0.669411 0.809131 0.110569 0.669051 0.741216 0.810583 0.810081 0.810416 0.809888 0.416922 0.669051 0.810019 0.810373 0.809488 0.810205 0.809131 0.436993 0.741216 0.810019
7.92557e-07 1.49572e-07 2.55315e-07   0.0289453   0.0138046 1.30238e-06  1.1956e-06 7.92557e-07 1.40198e-06 6.74924e-07   0.0291572   0.0469686 1.80105e-06 1.42874e-06 7.58223e-07 1.40198e-06 8.61114e-07   0.0289454   0.0138047 1.91241e-06 1.80547e-06 2.55315e-07 1.05163e-07 8.61114e-07   0.0297201 1.05163e-07 1.25784e-06 1.05163e-07   0.0289453   0.0291572   0.0289454   0.0297201   0.0506871   0.0289456   0.0290279   0.0138046   0.0469686   0.0138047    0.058868   0.0506582   0.0138048   0.0370424 1.30238e-06 1.80105e-06 1.91241e-06 1.25784e-06   0.0289456   0.0138048   2.205e-06  1.1956e-06 1.42874e-06 1.80547e-06 1.05604e-06   0.0290279   0.0370424   2.205e-06
