8	12	12	1
 0  0  0  0  0  4  0  0  0  2  0  1
 0  6 10  0  0  0  0  0  0  2  0  1
 0  0  0  7  0  0  0  0 12  0  8  1
 0  0  0  7  0  0  5  0  0  0  0  1
 0  0  0  0  9  4  0  3  0  2  0  1
11  6  0  0  9  0  0  3  0  2  0  1
 0  0  0  0  0  0  0  3  0  0  8  1
 0  0  0  0  0  0  5  3  0  0  0  1
0.6	0.4	1	1	0.6	1	0.7	0.3	0.4	1	0.8	0.8	
0.799	0.094	0.093	0.588	0.133	0.099	0.215	0.58	
------target--------
5
------result--------
6	
------details--------
0.822454 0.823114 0.822782 0.822438 0.877649 0.859076 0.823037 0.822806
0.823945 0.824204 0.823768 0.823755 0.773987 0.467984 0.824143 0.823954
 1.9101e-06 2.64323e-07 8.09019e-07 1.45976e-06   0.0093952   0.0337833 4.99937e-07 1.00881e-06
------result2--------
5	1	
------details2--------
0.822377 0.822042 0.821693        0 0.876644 0.822299 0.822065 0.822377 0.822706 0.822361 0.877619 0.859021 0.822961 0.822729 0.822042 0.822706 0.822251  0.87754  0.85881 0.822782 0.822251 0.821693 0.822361        0  0.87743 0.858576 0.822281 0.822438 0.877649 0.877619  0.87754  0.87743        0   0.8776 0.877535 0.876644 0.859021  0.85881 0.858576 0.876644 0.858972  0.85882 0.822299 0.822961        0 0.822281   0.8776 0.858972 0.822652 0.822065 0.822729 0.822251        0 0.877535  0.85882 0.822652
0.823473 0.823033  0.82302 0.822454 0.388977 0.823413 0.823221 0.823869 0.823692 0.823679 0.773919 0.468005 0.824068 0.823879 0.823538 0.823798 0.823612 0.773604 0.468109        0 0.823612 0.823194 0.823457 0.822438 0.773286  0.46821 0.823401        0        0 0.878049 0.877803 0.877812 0.877649 0.877956 0.877874 0.841808 0.859807 0.859453 0.859451 0.841808 0.859725 0.859585 0.823793 0.824053 0.823037 0.823603 0.773847 0.468029 0.823802 0.823562 0.823823  0.82345 0.822806  0.77363   0.4681 0.823762
0.823869 0.823538 0.823194        0 0.841808 0.823793 0.823562 0.823473 0.823798 0.823457 0.878049 0.859807 0.824053 0.823823 0.823033 0.823692 0.823371 0.877803 0.859453  0.82358  0.82345  0.82302 0.823679 0.823612 0.877812 0.859451 0.823603 0.823473        0 0.773919 0.773604 0.773286 0.841808 0.773847  0.77363 0.388977 0.468005 0.468109  0.46821 0.896179 0.468029   0.4681 0.823413 0.824068        0 0.823401 0.877956 0.859725 0.823762 0.823221 0.823879 0.823612        0 0.877874 0.859585 0.823802
0.824963 0.824527 0.824514 0.823945 0.593325 0.824903 0.824713 0.824963 0.824785 0.824773  0.77491 0.467703  0.82516 0.824971 0.824527 0.824785 0.823851 0.774535 0.467804 0.824143 0.824697 0.824514 0.824773 0.823851 0.774519 0.467812 0.824715 0.823954 0.823945  0.77491 0.774535 0.774519 0.312627 0.774873 0.774704 0.593325 0.467703 0.467804 0.467812 0.312627 0.467696  0.46775 0.824903  0.82516 0.824143 0.824715 0.774873 0.467696 0.824911 0.824713 0.824971 0.824697 0.823954 0.774704  0.46775 0.824911
2.17685e-06 2.72741e-06 3.38455e-06  1.9101e-06   0.0367569 2.41495e-06 2.92903e-06 2.17685e-06 1.07471e-06  1.7265e-06  0.00939532   0.0337834  7.6507e-07  1.2748e-06 2.72741e-06 1.07471e-06 1.74333e-06  0.00939555   0.0337837 9.09578e-07 2.11753e-06 3.38455e-06  1.7265e-06 1.48667e-06  0.00939584    0.033784 1.96775e-06 1.56987e-06   0.0604971  0.00939532  0.00939555  0.00939584   0.0483266  0.00939542  0.00939564   0.0367569   0.0337834   0.0337837    0.033784   0.0483696   0.0337836   0.0337838 2.41495e-06  7.6507e-07 4.99937e-07 1.96775e-06  0.00939542   0.0337836 1.51212e-06 2.92903e-06  1.2748e-06 2.11753e-06 1.00881e-06  0.00939564   0.0337838 1.51212e-06
