8	12	12	1
 0  0  1  0  0  0  0  8  0  3  0  0
 0  0  1  0  4  0  0  0  2  0  0  0
 0 10  0  0  0  0  0  0  0  3  6  0
11  0  0  0  0  0  0  0  2  0  6  0
 0  0  1  0  0  0  0  0  0  3  0  0
 0  0  1  9  4  0  0  0  2  0  0  7
 0  0  0  0  0  5  0  0  0  3  0  0
 0  0  0  0  0  5 12  0  2  0  0  7
0.6	0.1	1	0.3	0.9	0.8	0.1	0.3	0.1	0.4	0.7	0.4	
0.715	0.907	0.334	0.457	0.798	0.241	0.084	0.579	
------target--------
7
------result--------
8	
------details--------
0.885711 0.885527 0.885799  0.88581 0.885819  0.88549 0.935512 0.928596
0.886327 0.886385 0.886329 0.886553 0.886319  0.88637  0.79173 0.492503
 4.5862e-07 9.08607e-07 3.07705e-07 4.68744e-07 2.64045e-07 9.48081e-07   0.0218184   0.0550049
------result2--------
7	5	
------details2--------
0.885261 0.885691 0.885546 0.885711 0.885223 0.935073 0.934848 0.885261  0.88535 0.885362 0.885371        0 0.935376 0.928361 0.885691  0.88535 0.885634 0.885799 0.885312 0.935483 0.935258 0.885546 0.885362 0.885634 0.885654 0.885325 0.935494  0.92853        0 0.885371        0 0.885654 0.885333        0 0.935287 0.885223  0.88549 0.885312 0.885325 0.885333 0.935391 0.928358 0.935073 0.935376 0.935483 0.935494 0.935512 0.935391        0 0.934848 0.928361 0.935258  0.92853 0.935287 0.928358 0.935287
0.886124 0.886369 0.886294        0 0.886109        0 0.467412 0.885884 0.885886 0.886111 0.885876 0.885527 0.791628 0.494124 0.886327 0.886211  0.88638        0 0.886196        0 0.464651 0.886165 0.886222 0.886168 0.886158 0.886208 0.791736 0.493463 0.885819 0.886231 0.885819   0.8864 0.886216 0.885819 0.463936 0.885848        0  0.88585 0.886074  0.88584 0.791656 0.494663 0.937679 0.935637 0.936445 0.935576        0 0.935611 0.935512 0.920289 0.928813 0.915314 0.928828  0.91393 0.928792  0.91393
0.885884 0.886327 0.886165 0.886348 0.885848 0.937679 0.920289 0.886124 0.886211 0.886222 0.886231        0 0.935637 0.928813 0.886369 0.885886 0.886168 0.886478  0.88585 0.936445 0.915314 0.886294 0.886111  0.88638   0.8864 0.886074 0.935576 0.928828        0 0.885876        0 0.886158  0.88584        0  0.91393 0.886109 0.886104 0.886196 0.886208 0.886216 0.935611 0.928792        0 0.791628        0 0.791736        0 0.791656  0.91393 0.467412 0.494124 0.464651 0.493463 0.463936 0.494663 0.939396
0.886742 0.886327 0.886911 0.886319 0.886728 0.868263 0.533225 0.886742 0.886744 0.886967 0.886734 0.886385 0.791826 0.490978 0.886327 0.886744 0.886913 0.886319  0.88673 0.883138 0.564837 0.886911 0.886967 0.886913 0.886903 0.886953 0.791709 0.489017 0.886319 0.886734 0.886319 0.886903  0.88672 0.886319 0.575222 0.886728 0.886385  0.88673 0.886953  0.88672 0.791792 0.490688 0.868263 0.791826 0.883138 0.791709 0.886319 0.791792 0.233303 0.533225 0.490978 0.564837 0.489017 0.575222 0.490688 0.233303
 1.3743e-06 4.96798e-07 9.32232e-07  4.5897e-07 1.41482e-06   0.0756854   0.0555556  1.3743e-06 1.22136e-06 1.38205e-06 1.17698e-06 9.08607e-07   0.0218185   0.0550058 4.96798e-07 1.22136e-06 7.79886e-07 3.10146e-07 1.26155e-06    0.086715   0.0559866 9.32232e-07 1.38205e-06 7.79886e-07 7.35707e-07  1.4221e-06   0.0218184   0.0550057 2.64045e-07 1.17698e-06 2.64045e-07 7.35707e-07 1.21704e-06 2.64045e-07   0.0561158 1.41482e-06  9.5877e-07 1.26155e-06  1.4221e-06 1.21704e-06   0.0218185    0.055006   0.0756854   0.0218185    0.086715   0.0218184   0.0891104   0.0218185   0.0815767   0.0555556   0.0550058   0.0559866   0.0550057   0.0561158    0.055006   0.0815815
