8	12	12	1
 0  0  0  0  0 12  0  0  0  4  8  0
 0  1  0  0  0  0  0  0  6  0  8  0
 0  0  0  2  0  0  0  0  0  4  0  0
 0  1 11  2  0  0  0  0  0  0  0  9
 0  0  0  0  3  0 10  5  0  4  0  0
 0  1  0  0  3  0  0  5  6  0  0  0
 7  0  0  2  3  0  0  0  0  4  0  0
 7  1  0  2  3  0  0  0  0  0  0  9
0.4	0.5	0.5	0.5	0.6	0.4	0.7	0.1	0.1	0.9	0.3	0.4	
0.46	0.665	0.273	0.205	0.285	0.681	0.112	0.03	
------target--------
7
------result--------
8	
------details--------
0.848583 0.848813 0.848856 0.848613 0.848717 0.848973 0.884834 0.879247
0.849594 0.849762 0.849694 0.852781 0.849665 0.849908 0.739098 0.218903
9.86835e-07 6.30077e-07 4.60197e-07 6.19913e-06 7.81885e-07 2.11471e-07   0.0139384   0.0487701
------result2--------
7	3	
------details2--------
 0.848512  0.848583  0.848117  0.848443  0.848512  0.884796  0.884604         0   0.84863  0.848387  0.848489  0.848813  0.884915  0.879228         0   0.84863  0.848395         0  0.848794         0  0.884643  0.848117  0.848387  0.848395  0.848255   0.84855  0.884641  0.879229  0.848443  0.848489  0.848717  0.848255  0.848654  0.884689  0.884498  0.848512         0  0.848794   0.84855  0.848654   0.88487  0.879263  0.884796  0.884915  0.884834  0.884641  0.884689   0.88487         0  0.884604  0.879228  0.884643         0  0.884498  0.879263  0.884643
 0.849505         0   0.85268   0.84934  0.849505         0  0.194089  0.848813  0.849479  0.852572  0.849448         0  0.739186  0.218993  0.848856  0.849589  0.852943  0.848856  0.849731  0.848856  0.193869  0.849226  0.849353  0.849416  0.849322  0.849503  0.738238         0  0.849364  0.849453         0  0.852799  0.849595         0  0.194293  0.849536  0.848973  0.849632  0.852723  0.849603  0.738902    0.2189  0.884924  0.884573         0   0.88654  0.885626  0.884332  0.884834  0.872722  0.879311  0.859966  0.879247  0.869049  0.879033  0.859966
 0.849425  0.849503  0.849226  0.849364  0.849536  0.884924  0.872722  0.849505  0.849589  0.849353  0.849453  0.849705  0.884573  0.879311         0  0.849479  0.849416         0  0.849632         0  0.859966   0.85268  0.852572  0.852943  0.852799  0.852723   0.88654  0.879435   0.84934  0.849448  0.849614  0.849322  0.849603  0.885626  0.869049  0.849505         0  0.849731  0.849503  0.849595  0.884332  0.879033         0  0.739186         0  0.738238         0  0.738902  0.859966  0.194089  0.218993  0.193869         0  0.194293    0.2189  0.901075
 0.849814  0.849694  0.852909  0.849776  0.850485  0.814091  0.261223  0.849814  0.850424  0.853486  0.850396  0.849908  0.738798  0.218597  0.849694  0.850424   0.85218  0.849694   0.85057  0.849694   0.42227  0.852909  0.853486   0.85218  0.852745  0.853626  0.746883  0.692907  0.849776  0.850396  0.849694  0.852745  0.850541   0.83042  0.293841  0.850485  0.849908   0.85057  0.853626  0.850541   0.74191  0.218935  0.814091  0.738798  0.849694  0.746883   0.83042   0.74191 0.0572508  0.261223  0.218597   0.42227  0.692907  0.293841  0.218935 0.0572508
1.19164e-06 1.00265e-06 7.26912e-06 1.28825e-06 1.21669e-06   0.0478376   0.0490651 6.42237e-07 1.09938e-06 6.84466e-06 1.42439e-06  6.3773e-07   0.0139385   0.0487701 4.60197e-07 1.09938e-06 6.85263e-06 4.60197e-07 6.72823e-07 4.60197e-07   0.0498178 7.26912e-06 6.84466e-06 6.85263e-06 7.08836e-06 6.41689e-06   0.0139439   0.0638991 1.28825e-06 1.42439e-06 7.83808e-07 7.08836e-06 9.95758e-07   0.0554132   0.0492437 1.21669e-06 2.11471e-07 6.72823e-07 6.41689e-06 9.95758e-07   0.0139388   0.0487701   0.0478376   0.0139385   0.0645035   0.0139439   0.0554132   0.0139388   0.0623139   0.0490651   0.0487701   0.0498178   0.0638991   0.0492437   0.0487701   0.0623259
