8	12	12	1
 0  0  0  0  0  3  6  7  0  0  0  0
 0  0  0  0  0  3  0  0  0  0  0 12
 0  1  0  0  0  0  6  0  0  9 11  0
 4  1  0  0  0  0  0  0  0  0  0  0
 0  0  0  5  2  3  0  7  0  0  0  0
 0  0 10  0  2  3  0  0  0  0  0  0
 0  1  0  5  2  0  0  0  8  9  0  0
 4  1  0  0  2  0  0  0  8  0  0  0
0.8	1	1	0.4	0.6	0.2	0.9	0.5	0.7	0.1	0.2	0.2	
0.678	0.049	0.43	0.285	0.951	0.009	0.043	0.059	
------target--------
8
------result--------
7	
------details--------
0.916953 0.917256 0.917103 0.917189 0.916953 0.917258 0.946104 0.949272
0.917517 0.917785 0.918975 0.917596 0.917517 0.917785 0.113449 0.793714
5.19987e-07 1.73776e-08 1.79107e-06 1.59842e-07 5.19987e-07 1.24562e-08   0.0705959   0.0213041
------result2--------
7	8	
------details2--------
 0.916948   0.91679  0.916879         0  0.916949   0.94608  0.949311  0.916948  0.917098  0.917184  0.916948  0.917253  0.946105  0.949274   0.91679  0.917098   0.91702   0.91679    0.9171  0.946114  0.949276  0.916879  0.917184   0.91702  0.916879  0.917185  0.949255         0         0  0.916948   0.91679  0.916879  0.916949   0.94608  0.949311  0.916949  0.917253    0.9171  0.917185  0.916949  0.946103  0.949271   0.94608  0.946105         0  0.949255   0.94608  0.946103  0.949255  0.949311  0.949274  0.949276  0.949272  0.949311  0.949271         0
 0.917486  0.918688   0.91729  0.916953  0.917481  0.114876  0.793433  0.917512   0.91897  0.917591  0.917512  0.917781   0.11349  0.793709  0.917363  0.917638   0.91749  0.917363  0.917632         0  0.793244  0.917445  0.917714  0.919019  0.917445  0.917715   0.10404  0.917189  0.916953  0.917486  0.918688   0.91729  0.917481  0.114876  0.793433  0.917514  0.917781  0.918971  0.917592  0.917514  0.113454  0.793711  0.946125  0.946016  0.946104   0.93183  0.946125  0.946318   0.93183  0.949239  0.949049  0.949224         0  0.949239  0.949413  0.949272
 0.917512  0.917363  0.917445         0  0.917514  0.946125  0.949239  0.917486  0.917638  0.917714  0.917486  0.917781  0.946016  0.949049  0.918688   0.91897  0.919019  0.918688  0.918971   0.94599  0.949224   0.91729  0.917591   0.91749   0.91729  0.917592   0.93183         0         0  0.917512  0.917363  0.917445  0.917514  0.946125  0.949239  0.917481  0.917781  0.917632  0.917715  0.917481  0.946318  0.949413  0.114876   0.11349         0   0.10404  0.114876  0.113454  0.953173  0.793433  0.793709  0.793244         0  0.793433  0.793711   0.93183
 0.918043  0.919222  0.917854  0.917517  0.918043  0.112236  0.793951  0.918043  0.919464  0.918119  0.918043  0.918275  0.109043  0.794272  0.919222  0.919464  0.918766  0.919222  0.919482  0.598905  0.798949  0.917854  0.918119  0.918766  0.917854  0.918114   0.19839  0.917596  0.917517  0.918043  0.919222  0.917854  0.918043  0.112236  0.793951  0.918043  0.918275  0.919482  0.918114  0.918043  0.112692  0.794121  0.112236  0.109043  0.598905   0.19839  0.112236  0.112692 0.0219401  0.793951  0.794272  0.798949  0.917596  0.793951  0.794121 0.0219401
5.37709e-07  2.3214e-06 6.81983e-07 5.19987e-07 5.32553e-07   0.0705962   0.0213041 5.37709e-07 1.80896e-06 1.77308e-07 5.37709e-07 2.98384e-08   0.0705959   0.0213041  2.3214e-06 1.80896e-06 1.99168e-06  2.3214e-06 1.80366e-06   0.0784278   0.0213056 6.81983e-07 1.77308e-07 1.99168e-06 6.81983e-07 1.72334e-07   0.0711155 1.59842e-07 5.19987e-07 5.37709e-07  2.3214e-06 6.81983e-07 5.32553e-07   0.0705962   0.0213041 5.32553e-07 2.98384e-08 1.80366e-06 1.72334e-07 5.32553e-07   0.0705959   0.0213041   0.0705962   0.0705959   0.0784278   0.0711155   0.0705962   0.0705959   0.0793095   0.0213041   0.0213041   0.0213056    0.075386   0.0213041   0.0213041   0.0793089
