8	12	12	1
 5  0  0  0  0  0  0  0  4  0  1  0
 5  0  0  0  7  3  0  0  4  0  1  0
 0  0  2  0  0  0  0  0  4  0  1  0
 0 12  2  0  0  3  0 10  4  0  1  0
 5  0  0  0  0  0  0  0  0  8  1  6
 5  0  0  0  7  3  0  0  0  0  1  6
 0  0  2  9  0  0 11  0  0  8  1  6
 0  0  2  9  0  3  0 10  0  0  1  6
0.6	0.1	0.1	0.3	0.3	0.7	0.1	0.2	0.3	0.2	0.6	0.4	
0.113	0.424	0.336	0.745	0.068	0.283	0.708	0.409	
------target--------
1
------result--------
5	
------details--------
0.907656 0.904931 0.848056 0.847917 0.904978 0.902309 0.847524 0.848227
0.553383 0.726612 0.850334 0.849547 0.157766 0.662622 0.857423 0.849167
  0.0541323    0.024997  1.9656e-06  1.8724e-06    0.102385   0.0337167 2.80611e-05 2.59708e-07
------result2--------
5	1	
------details2--------
        0  0.907656  0.907692         0         0  0.907534  0.907692  0.904931  0.904931  0.904957  0.904745         0  0.904789  0.904962         0         0         0  0.907487  0.904931  0.847251  0.847977  0.907692  0.904957  0.847917  0.907522  0.904957  0.847104  0.847917  0.907487  0.904745  0.907487  0.907522  0.902127         0   0.90499  0.904931         0  0.904931  0.904957  0.902127  0.902157  0.902314  0.907534  0.904789  0.847251  0.847104  0.905012  0.902157  0.847443  0.907692  0.904962  0.847977         0   0.90499  0.902314  0.847443
 0.907656         0  0.907447  0.907656  0.907656  0.909066  0.907258         0         0  0.904778  0.917966  0.904931  0.906553  0.904595  0.848056  0.848056  0.848056  0.152551  0.661927  0.857419  0.848931         0  0.662382         0  0.153205  0.662382  0.857265         0  0.885043  0.905602  0.885043  0.896934  0.918563  0.904978  0.904849   0.88291  0.902309   0.88291  0.894249  0.915131  0.904057  0.902255  0.551419   0.72521  0.849748  0.848865         0  0.660908  0.848428  0.554286  0.726888  0.850257  0.848227  0.158058  0.662813  0.857344
        0         0         0  0.885043   0.88291  0.551419  0.554286  0.920052  0.661927  0.662382  0.905602   0.88291   0.72521  0.726888         0         0         0  0.885043   0.88291  0.849748  0.850257  0.907447  0.904778  0.848879  0.896934  0.894249  0.848865  0.849747  0.919563  0.917966  0.152551  0.153205  0.915131         0  0.158058  0.920052         0  0.661927  0.662382  0.918563  0.660908  0.662813  0.909066  0.906553  0.857419  0.857265  0.904501  0.904057  0.857344  0.907258  0.904595  0.848931         0  0.904849  0.902255  0.848428
 0.553383  0.850334  0.790172 0.0197167  0.149612  0.578177  0.542738  0.553383  0.850334   0.80987 0.0476252  0.662622   0.74392  0.723404  0.850334  0.850334  0.850334  0.221871   0.67125  0.857456  0.851261  0.790172   0.80987  0.850334  0.175372  0.663555  0.857963  0.849167 0.0197167 0.0476252  0.221871  0.175372 0.0313441  0.690475  0.154429  0.149612  0.662622   0.67125  0.663555 0.0313441  0.684032  0.660421  0.578177   0.74392  0.857456  0.857963  0.690475  0.684032  0.858355  0.542738  0.723404  0.851261  0.849167  0.154429  0.660421  0.858355
  0.0541323    0.123277    0.109025    0.126215    0.104218   0.0541498   0.0541357   0.0543058   0.0318452   0.0293796    0.120044   0.0339299   0.0250176   0.0249977  1.9656e-06  1.9656e-06  1.9656e-06    0.102728   0.0339329 3.02326e-05 2.23568e-06    0.109025   0.0293796 2.36131e-06    0.102516   0.0338092 3.01006e-05 1.94302e-06    0.126226    0.120044    0.102728    0.102516    0.123455    0.124728    0.102386    0.104391   0.0337167   0.0339329   0.0338092    0.123455   0.0337366   0.0337169   0.0541498   0.0250176 3.02326e-05 3.01006e-05    0.124728   0.0337366  2.8347e-05   0.0541357   0.0249977 2.23568e-06 2.59708e-07    0.102386   0.0337169  2.8347e-05
