8	12	12	1
 9  1  2  0  0  0  6  0  0  0  0  0
 9  1  0  4 10  0  0  0  0  0  8  3
 0  1  2  0  0  0  6  0  0  0  0  0
 0  1  0  0  0  5  0  0 12  0  8  3
 0  0  2  0  0  0  0  0  0  0  0  0
 0  0  0  4  0  0  0 11  0  0  0  3
 0  0  2  0  0  0  0  0  0  7  0  0
 0  0  0  0  0  5  0  0  0  7  0  3
0.8	0.5	0.5	1	0.2	0.6	0.7	0.4	0.1	1	0.7	1	
0.134	0.386	0.219	0.977	0.48	0.034	0.545	0.778	
------target--------
1
------result--------
2	
------details--------
0.896533 0.884402 0.823057 0.823372 0.823215 0.823456 0.822314 0.822644
0.699611   0.4365 0.824366 0.824449 0.824355 0.824524 0.823869 0.823912
  0.0301037   0.0635457 1.27267e-06 3.28994e-07 7.75574e-07 4.95415e-08 1.58623e-06 1.25694e-06
------result2--------
1	3	
------details2--------
       0 0.896533 0.896596 0.896533 0.896534 0.895249 0.895249 0.895717 0.895717 0.884408 0.891535 0.884398 0.890314 0.881324        0 0.895717 0.822958 0.823057 0.823043  0.82216  0.82216 0.896596 0.884408 0.822958 0.823116 0.823358 0.822212 0.822544        0 0.891535        0 0.823116 0.823201        0 0.822314 0.896534 0.884398 0.823043 0.823358 0.823201   0.8223  0.82263 0.895249 0.890314  0.82216 0.822212 0.822314   0.8223        0 0.895249 0.881324  0.82216 0.822544 0.822314  0.82263        0
0.896533        0 0.895912        0 0.896462 0.897169 0.897169  0.86083  0.86083 0.884349 0.860519 0.884735 0.882383  0.88606 0.823057 0.404645 0.824041        0 0.824117 0.823501 0.823501 0.699641 0.437401 0.824269 0.824258  0.82443 0.823772 0.823815 0.823215 0.415828 0.823215 0.824198 0.824273 0.823215  0.82366  0.69961  0.43655 0.824353 0.824435 0.824341 0.823855 0.823899 0.511068 0.419639 0.823473 0.823314        0 0.823383 0.822314 0.715496 0.446207 0.823541 0.823637 0.823563 0.823708 0.822644
 0.86083        0 0.699641  0.51136  0.69961 0.511068 0.715496 0.907058 0.404645 0.437401 0.415828  0.43655 0.419639 0.446207        0  0.86083 0.824269 0.824394 0.824353 0.823473 0.823541 0.895912 0.884349 0.824041 0.824198 0.824435 0.823314 0.823637        0 0.860519        0 0.824258 0.824341        0 0.823563 0.896462 0.884735 0.824117  0.82443 0.824273 0.823383 0.823708 0.897169 0.882383 0.823501 0.823772  0.82366 0.823855 0.823563 0.897169  0.88606 0.823501 0.823815  0.82366 0.823899        0
0.202186 0.824366  0.69931 0.824355  0.69974 0.728179 0.689855 0.202186 0.529644 0.427066 0.530743 0.432555 0.442835 0.431354 0.824366 0.529644 0.825364 0.824355 0.825429 0.824461 0.824893  0.69931 0.427066 0.825364 0.825349 0.825507 0.824855 0.824895 0.824355 0.530743 0.824355 0.825349 0.825416 0.824355 0.824914  0.69974 0.432555 0.825429 0.825507 0.825416 0.824929  0.82497 0.728179 0.442835 0.824461 0.824855 0.824355 0.824929 0.823912 0.689855 0.431354 0.824893 0.824895 0.824914  0.82497 0.823912
  0.0981028    0.110547   0.0301039   0.0507084   0.0301037   0.0345372   0.0302439   0.0981328   0.0654585   0.0635481   0.0647732   0.0635458   0.0636263    0.063581 1.27267e-06   0.0654585 1.60778e-06 1.27301e-06 1.32281e-06 2.30197e-06 2.68223e-06   0.0301039   0.0635481 1.60778e-06 1.10871e-06 3.78874e-07 1.92207e-06 1.59076e-06 7.75574e-07   0.0647732 7.75574e-07 1.10871e-06 8.25521e-07 7.75574e-07 2.18673e-06   0.0301037   0.0635458 1.32281e-06 3.78874e-07 8.25521e-07 1.63647e-06 1.30699e-06   0.0345372   0.0636263 2.30197e-06 1.92207e-06  1.8457e-06 1.63647e-06 1.62026e-06   0.0302439    0.063581 2.68223e-06 1.59076e-06 2.18673e-06 1.30699e-06 1.25694e-06
