8	12	12	1
 0  0  0  0  0  0  0  0  0  3  0 10
 8  0  1  0  0  0  0  0  0  3  0  0
 0  5  0  4  2  0  0 12  0  0  0 10
 8  0  1  4  2  6  0  0 11  0  0  0
 0  0  0  0  0  0  7  0  0  3  0  0
 0  0  1  0  0  0  0  0  0  3  0  0
 0  5  0  0  2  0  7  0  0  0  9  0
 0  0  1  0  2  6  0  0  0  0  9  0
1	0.3	0.3	0.5	0.4	0.5	0.3	0.1	0.8	0.3	0.5	0.5	
0.117	0.804	0.625	0.863	0.956	0.928	0.024	0.515	
------target--------
1
------result--------
3	
------details--------
0.890606 0.845205 0.884273 0.844964 0.845468 0.845651 0.845417 0.845561
0.749825 0.846115  0.49609 0.846157 0.846165 0.846084 0.846403 0.846528
  0.0155302 7.43917e-07   0.0384425 1.19013e-06 4.59001e-07  1.4538e-07 8.61894e-07 6.14216e-07
------result2--------
1	6	
------details2--------
0.888602        0 0.888596 0.890057 0.890606 0.890024 0.890582 0.888602 0.888247        0 0.845034 0.845205 0.844815 0.844989 0.890237 0.888247 0.880752 0.889688 0.890237 0.882795 0.884196 0.888596 0.844792 0.880752 0.844618 0.844792 0.844624 0.844747 0.890057 0.845034 0.889688 0.844618 0.845468        0  0.84525        0        0 0.890237 0.844792        0  0.84525 0.845437 0.890024 0.844815 0.882795 0.844624  0.84525  0.84525        0 0.890582 0.844989 0.884196 0.844747  0.84525 0.845437        0
 0.89281 0.890606  0.89146  0.89259        0 0.891512 0.890692        0 0.478802 0.845205 0.845836        0 0.845818 0.845963 0.869506  0.88191 0.885947 0.877451 0.869506 0.886887 0.884543 0.770173 0.845304 0.513778 0.845342 0.845304 0.845586 0.845724        0 0.845949 0.473985  0.84583        0 0.845468 0.846227 0.845651 0.845651 0.469847 0.846015 0.845651 0.846274 0.846406 0.762637 0.845754 0.505054 0.845799 0.845776 0.845776 0.845417 0.749719 0.845903  0.49691 0.845945 0.845956 0.845874 0.845561
       0 0.869506 0.770173        0        0 0.762637 0.749719  0.89281  0.88191 0.845304 0.845949  0.84614 0.845754 0.845903 0.896541 0.478802 0.513778 0.473985 0.469847 0.505054  0.49691  0.89146  0.84575 0.885947  0.84583 0.846015 0.845799 0.845945  0.89259 0.845836 0.877451 0.845342 0.846312 0.845776 0.845956        0        0 0.869506 0.845304        0 0.845776 0.845874 0.891512 0.845818 0.886887 0.845586 0.846227 0.846274 0.846211 0.890692 0.845963 0.884543 0.845724 0.846227 0.846406        0
 0.79562 0.226608 0.737757 0.822536 0.846084 0.719595 0.750208  0.79562 0.507511 0.846284 0.846238 0.846084 0.846799 0.846873 0.226608 0.507511 0.487904 0.529625 0.582753 0.480343 0.493092 0.737757 0.846284 0.487904  0.84661 0.846567 0.846779 0.846915 0.822536 0.846238 0.529625  0.84661 0.846084 0.846497 0.846925 0.846084 0.846084 0.582753 0.846567 0.846084 0.846853 0.846842 0.719595 0.846799 0.480343 0.846779 0.846497 0.846853 0.846528 0.750208 0.846873 0.493092 0.846915 0.846925 0.846842 0.846528
  0.0426977   0.0625618   0.0157463   0.0589497   0.0734712   0.0158562   0.0155302   0.0426977   0.0385231 1.07348e-06 9.47347e-07  7.4582e-07 1.67898e-06 1.36426e-06   0.0625696   0.0385231    0.038497   0.0387517   0.0392749   0.0384875    0.038443   0.0157463 1.39644e-06    0.038497 1.73705e-06 1.41341e-06 2.02962e-06 1.81097e-06   0.0589497 9.47347e-07   0.0387517 1.73705e-06 4.79181e-07  6.7581e-07 1.08168e-06  1.4538e-07  1.4538e-07   0.0392749 1.41341e-06  1.4538e-07 1.08853e-06 7.62234e-07   0.0158562 1.67898e-06   0.0384875 2.02962e-06 1.03073e-06 1.08853e-06 8.95137e-07   0.0155302 1.36426e-06    0.038443 1.81097e-06 1.08168e-06 7.62234e-07 6.14216e-07
