8	12	12	1
 3  0  0  0  8  2  0  0  0  0  0  0
 0  0  0  0  0  2  0  0  0  0  0  0
 3  0  0  0  0  2  4  0  0  0  0  0
 0 10  0  0  0  2  0  0  0  7  0  0
 0  0  0  1  0  0  0  0  6  0  0 12
 0  0  9  1  0  0  0  0  0  0  0  0
 0  0  0  1  0  0  4  5  6  0 11  0
 0  0  0  1  0  0  0  5  0  7  0  0
0.3	1	0.6	0.1	0.3	0.4	0.8	0.1	0.1	0.2	0.3	0.2	
0.595	0.501	0.12	0.071	0.93	0.854	0.113	0.204	
------target--------
3
------result--------
7	
------details--------
0.839825 0.839961 0.904959 0.839882 0.839964 0.839733 0.898867 0.840089
0.840779 0.840804 0.649839 0.840808 0.840949 0.840776 0.283088 0.841067
7.31767e-07 4.17257e-07   0.0406617 6.20235e-07 4.99979e-07 9.52301e-07   0.0863022 1.33861e-07
------result2--------
3	2	
------details2--------
 0.839825  0.904668  0.839746  0.839659  0.839427  0.904217  0.839786         0         0         0  0.839797  0.839565  0.904508  0.839923  0.904668  0.904959  0.904852   0.90503  0.904938         0  0.904976  0.839746  0.839882  0.904852  0.839717  0.839485  0.904401  0.839882  0.839659  0.839797   0.90503  0.839717  0.839566  0.898885  0.839925  0.839427  0.839565  0.904938  0.839485  0.839566  0.898764  0.839694  0.904217  0.904508  0.904508  0.904401  0.898885  0.898764   0.89887  0.839786  0.839923  0.904976         0  0.839925  0.839694   0.89887
        0         0  0.840685  0.840654  0.840477  0.269066  0.840775  0.839961  0.839961  0.839961  0.840786  0.840612  0.267771  0.840906  0.906624         0  0.906129  0.904607  0.904994  0.904959  0.904562  0.840659         0         0  0.840709  0.840534  0.268246         0  0.840618  0.840643   0.65002  0.840648  0.840615  0.283764  0.840911  0.840389  0.840414  0.649947  0.840418  0.840562  0.283859  0.840683  0.887528  0.876542  0.876542  0.883809  0.898773  0.899036  0.898788  0.840741  0.840766  0.649906  0.840089  0.840912  0.840738  0.283242
 0.840738  0.906624  0.840659  0.840618  0.840389  0.887528  0.840741         0         0         0  0.840643  0.840414  0.876542  0.840766         0         0         0   0.65002  0.649947  0.876542  0.649906  0.840685  0.840822  0.906129  0.840648  0.840418  0.883809  0.840763  0.840654  0.840786  0.904607  0.840709  0.840562  0.898773  0.840912  0.840477  0.840612  0.904994  0.840534  0.840615  0.899036  0.840738  0.269066  0.267771  0.918682  0.268246  0.283764  0.283859  0.283242  0.840775  0.840906  0.904562         0  0.840911  0.840683  0.898788
 0.840804  0.805153  0.840843   0.84161  0.841433  0.320403  0.841727  0.840804  0.840804  0.840804  0.841635  0.841458  0.372657  0.841752  0.805153  0.840804  0.820496  0.648901  0.649656 0.0724546  0.648134  0.840843  0.840804  0.820496  0.841639  0.841463  0.336536  0.841067   0.84161  0.841635  0.648901  0.841639  0.841603  0.279598  0.841894  0.841433  0.841458  0.649656  0.841463  0.841603  0.281796   0.84172  0.320403  0.372657 0.0724546  0.336536  0.279598  0.281796  0.279203  0.841727  0.841752  0.648134  0.841067  0.841894   0.84172  0.279203
 7.3297e-07    0.104069 9.13507e-07 1.24065e-06 1.69417e-06   0.0867203  8.6813e-07 4.17257e-07 4.17257e-07 4.17257e-07 9.21836e-07  1.3751e-06   0.0872099 5.52501e-07    0.104069    0.119127    0.110495   0.0406619   0.0406617    0.118393   0.0406618 9.13507e-07 6.20296e-07    0.110495 1.12696e-06 1.58047e-06   0.0868882 6.31703e-07 1.24065e-06 9.21836e-07   0.0406619 1.12696e-06    1.46e-06   0.0863028 6.35818e-07 1.69417e-06  1.3751e-06   0.0406617 1.58047e-06    1.46e-06   0.0863025 1.08819e-06   0.0867203   0.0872099    0.118421   0.0868882   0.0863028   0.0863025   0.0863023  8.6813e-07 5.52501e-07   0.0406618 1.33861e-07 6.35818e-07 1.08819e-06   0.0863023
