8	12	12	1
 0  0  0  3  0  0  1  0  0  0  9 10
 5 11  0  3  0  0  1  0  0  0  0 10
 0  0  2  3  0  0  1  0  8  0  0  0
 5  0  2  3  0  6  1  0  8  0  0  0
 0  0  0  0  4  0  1  7  0  0  9  0
 5  0  0  0  4  0  1  0  0 12  0  0
 0  0  2  0  4  0  1  7  0  0  0  0
 5  0  2  0  4  6  1  0  0  0  0  0
0.5	0.5	0.1	0.9	0.8	0.3	1	0.7	0.5	0.5	0.1	0.6	
0.758	0.299	0.019	0.116	0.516	0.781	0.175	0.702	
------target--------
4
------result--------
3	
------details--------
0.844611 0.844559    0.883 0.886396 0.844834 0.844687 0.844881 0.844912
0.845615 0.845582  0.14633 0.708187 0.845836 0.845675  0.84586 0.845337
 9.0597e-07 9.76352e-07   0.0675368   0.0192809 5.08302e-07 7.94716e-07 3.67656e-07  1.0498e-07
------result2--------
3	8	
------details2--------
       0 0.882883 0.886339 0.844492 0.844302 0.844492 0.844529 0.844514 0.882849 0.886309 0.844395 0.844249 0.844449 0.844477 0.882883 0.882849        0 0.882958 0.882911 0.882945 0.886396 0.886339 0.886309        0  0.88638 0.886356 0.886353 0.886396        0 0.844395 0.882958  0.88638 0.844528 0.844834 0.844753 0.844302 0.844249 0.882911 0.886356 0.844528 0.844575 0.844606 0.844492 0.844449 0.882945 0.886353        0 0.844575 0.844801 0.844529 0.844477 0.886396        0 0.844753 0.844606 0.844801
0.844611 0.146395 0.708233 0.845505 0.845298 0.845505 0.844962 0.845423 0.146412 0.708196 0.845414 0.845245 0.845417  0.84491 0.883192 0.883205    0.883 0.883228 0.883199 0.883435 0.868578 0.886488 0.886513 0.886396  0.88648 0.886484 0.886733        0 0.844834 0.845427 0.146352 0.708224 0.845519        0 0.845183 0.845313  0.84528 0.146392 0.708221 0.845536 0.845558 0.845038 0.845509  0.84547 0.146348 0.708161 0.844881 0.845565 0.845228 0.845535 0.845502 0.137259 0.844912 0.845757 0.845596 0.845781
0.845423 0.883192 0.886488  0.84547 0.845313 0.845509 0.845535 0.845348 0.883205 0.886513 0.845427  0.84528  0.84547 0.845502 0.146395 0.146412        0 0.146352 0.146392 0.146348 0.137259 0.708233 0.708196 0.868578 0.708224 0.708221 0.708161 0.137259 0.845505 0.845414 0.883228  0.88648 0.845536 0.845774 0.845757 0.845298 0.845245 0.883199 0.886484 0.845519 0.845565 0.845596 0.845505 0.845417 0.883435 0.886733        0 0.845558 0.845781 0.844962  0.84491 0.868578        0 0.845183 0.845038 0.845228
 0.84563 0.146223 0.708111 0.846123 0.846302 0.846505 0.845965  0.84563 0.146218 0.708175 0.846441 0.846269  0.84646 0.845932 0.146223 0.146218  0.14633  0.14621  0.14619 0.146192 0.208246 0.708111 0.708175  0.14633 0.707985  0.70811 0.708395 0.845337 0.846123 0.846441  0.14621 0.707985 0.846523  0.84586 0.846186 0.846302 0.846269  0.14619  0.70811 0.846523 0.846546 0.846025 0.846505  0.84646 0.146192 0.708395  0.84586 0.846546 0.846209 0.845965 0.845932 0.208246 0.845337 0.846186 0.846025 0.846209
9.10206e-07   0.0675369   0.0192809 1.26575e-06 1.70984e-06 1.29519e-06  1.0144e-06 1.07844e-06    0.067537   0.0192809  1.5005e-06 1.78046e-06 1.34307e-06 1.08479e-06   0.0675369    0.067537   0.0675368   0.0675369   0.0675369   0.0675369   0.0678624   0.0192809   0.0192809   0.0677559   0.0192809   0.0192809   0.0192809   0.0608714 5.65473e-07  1.5005e-06   0.0675369   0.0192809 1.30838e-06 5.09188e-07 6.15352e-07 1.70984e-06 1.78046e-06   0.0675369   0.0192809 1.30838e-06 1.16515e-06 9.02756e-07 1.29519e-06 1.34307e-06   0.0675369   0.0192809 3.67656e-07 1.16515e-06 4.73609e-07  1.0144e-06 1.08479e-06   0.0678624  1.0498e-07 6.15352e-07 9.02756e-07 4.73609e-07
