8	12	12	1
 9  0  0  1  0  0  0  0  0  0  3  0
 9  0  0  0  0  0  0  0 12  0  3  0
 0  0  0  1  5 11  0  0  0  0  0  4
 0  0  0  0  0  0  0  0  0  7  0  4
 0  0  8  1  0  0 10  2  0  0  3  0
 0  0  8  0  0  0  0  2  0  0  3  0
 0  6  0  1  5  0  0  2  0  0  0  4
 0  6  0  0  0  0  0  2  0  7  0  4
0.7	0.9	0.4	0.8	0.6	0.1	0.8	0.4	0.5	1	0.1	0.9	
0.967	0.095	0.69	0.064	0.025	0.549	0.912	0.132	
------target--------
8
------result--------
4	
------details--------
0.825131   0.8251 0.825611  0.87651 0.825461 0.825475 0.824773 0.898303
0.826308 0.826294 0.826673 0.389074  0.82654 0.826548 0.826537  0.77223
1.19825e-06 1.23712e-06 2.37789e-07   0.0581385 6.52557e-07 6.16446e-07 2.70158e-06   0.0141898
------result2--------
4	7	
------details2--------
       0  0.82506 0.876171 0.824909 0.824923 0.824217 0.898206   0.8251 0.825029 0.876158 0.824878 0.824892 0.824185 0.898212  0.82506 0.825029 0.876495 0.825391 0.825406 0.824702 0.898348 0.876171 0.876158 0.876495 0.876403 0.876411 0.898303        0 0.824909 0.824878 0.825391 0.876403 0.825461 0.824551 0.898318 0.824923 0.824892 0.825406 0.876411        0 0.824565 0.898321 0.824217 0.824185 0.824702 0.898303 0.824551 0.824565        0 0.898206 0.898212 0.898348        0 0.898318 0.898321 0.898303
0.825131 0.826138 0.389263 0.825998 0.826006 0.825989 0.771832        0 0.826108 0.389274 0.825968 0.825976 0.825958 0.771811 0.826241 0.826226 0.389089 0.826474 0.826482 0.826468  0.77218 0.876899 0.876884 0.876731 0.876936 0.876933 0.856926  0.87651 0.826092 0.826078 0.826462 0.389153        0 0.826319 0.772075 0.826106 0.826092 0.826476 0.389148 0.825475 0.826333 0.772085 0.825405  0.82539 0.825773 0.323449 0.825639 0.825648 0.824773 0.898413 0.898398  0.89766 0.898303 0.898242 0.898227        0
       0 0.826241 0.876899 0.826092 0.826106 0.825405 0.898413 0.825952 0.826226 0.876884 0.826078 0.826092  0.82539 0.898398 0.826138 0.826108 0.876731 0.826462 0.826476 0.825773  0.89766 0.389263 0.389274 0.389089 0.389153 0.389148 0.323449        0 0.825998 0.825968 0.826474 0.876936 0.826411 0.825639 0.898242 0.826006 0.825976 0.826482 0.876933        0 0.825648 0.898227 0.825989 0.825958 0.826468 0.856926 0.826319 0.826333        0 0.771832 0.771811  0.77218 0.856926 0.772075 0.772085 0.323449
0.826308 0.827306 0.388855 0.827174 0.827182 0.827172  0.77269 0.826308 0.827292 0.388859  0.82716 0.827168 0.827158 0.772679 0.827306 0.827292 0.388845 0.827538 0.827546 0.827546 0.772954 0.388855 0.388859 0.388845 0.388758 0.388754 0.486004 0.389074 0.827174  0.82716 0.827538 0.388758 0.826548 0.827406 0.772847 0.827182 0.827168 0.827546 0.388754 0.826548 0.827415 0.772852 0.827172 0.827158 0.827546 0.486004 0.827406 0.827415 0.826537  0.77269 0.772679 0.772954 0.389074 0.772847 0.772852 0.826537
1.19825e-06 1.44034e-06   0.0581391 1.85886e-06 1.82241e-06 3.91599e-06   0.0141901 1.24533e-06 1.47952e-06   0.0581391 1.89821e-06 1.86174e-06  3.9557e-06   0.0141901 1.44034e-06 1.47952e-06   0.0581385 8.93739e-07 8.57506e-07 2.94481e-06   0.0141899   0.0581391   0.0581391   0.0581385   0.0581387   0.0581387   0.0613111   0.0581385 1.85886e-06 1.89821e-06 8.93739e-07   0.0581387 6.53295e-07  3.3649e-06   0.0141899 1.82241e-06 1.86174e-06 8.57506e-07   0.0581387 6.16446e-07 3.32832e-06   0.0141899 3.91599e-06  3.9557e-06 2.94481e-06   0.0613111  3.3649e-06 3.32832e-06 2.70158e-06   0.0141901   0.0141901   0.0141899    0.059921   0.0141899   0.0141899    0.047074
