8	12	12	1
 0  0  5  0  0  0  3  0  7  0  0  1
 6  0  5 11  9  2  0  0  0  0  0  1
 0  0  5  0  0  0  3 12  0  0  0  1
 0 10  5  0  9  2  0  0  0  0  0  1
 0  0  0  0  0  0  3  0  7  0  4  1
 6  0  0  0  0  2  0  0  0  0  4  1
 0  0  0  0  0  0  3  0  0  8  4  1
 0 10  0  0  0  2  0  0  0  8  4  1
0.4	0.3	1	1	0.7	0.5	0.9	0.6	0.4	0.6	0.2	0.3	
0.685	0.769	0.857	0.171	0.5	0.073	0.101	0.133	
------target--------
8
------result--------
4	
------details--------
0.823855 0.823661 0.823828 0.854232 0.823855 0.824226 0.824225 0.855375
 0.82495 0.824909 0.824963 0.491182  0.82495 0.825267 0.824834 0.622587
9.63685e-07 1.34162e-06 1.04813e-06   0.0266509 9.63685e-07 1.09933e-07 6.58102e-08   0.0182513
------result2--------
4	7	
------details2--------
0.823252 0.823418 0.854163        0 0.823823 0.823821 0.855327 0.823252 0.823225 0.853902 0.823252 0.823661 0.823628 0.855064 0.823418 0.823225 0.854071 0.823418 0.823796 0.823794 0.855232 0.854163 0.853902 0.854071 0.854163 0.854223 0.855375        0        0 0.823252 0.823418 0.854163 0.823823 0.823821 0.855327 0.823823        0 0.823796 0.854223 0.823823 0.824193 0.855367 0.823821 0.823628 0.823794 0.855375 0.823821 0.824193        0 0.855327 0.855064 0.855232        0 0.855327 0.855367 0.855375
0.824508 0.824564 0.491094 0.823855 0.824872 0.824438   0.6221 0.824358  0.82437 0.491001 0.824358        0 0.824243 0.622086 0.824524 0.824481 0.491074 0.824524 0.824844  0.82441 0.622162  0.85435 0.854592 0.854496  0.85435  0.85452 0.834862 0.854232 0.823855 0.824508 0.824564 0.491094 0.824872 0.824438   0.6221 0.824919 0.824226 0.824932 0.491175 0.824919 0.824803 0.622553 0.824918 0.824876 0.824931 0.484148 0.824918 0.825235 0.824225 0.855456 0.855714 0.855609 0.855375 0.855456 0.855615        0
0.824358 0.824524  0.85435        0 0.824919 0.824918 0.855456 0.824508 0.824481 0.854592 0.824508 0.824885 0.824876 0.855714 0.824564  0.82437 0.854496 0.824564 0.824932 0.824931 0.855609 0.491094 0.491001 0.491074 0.491094 0.491175 0.484148        0        0 0.824358 0.824524  0.85435 0.824919 0.824918 0.855456 0.824872        0 0.824844  0.85452 0.824872 0.825235 0.855615 0.824438 0.824243  0.82441 0.834862 0.824438 0.824803        0   0.6221 0.622086 0.622162 0.834862   0.6221 0.622553 0.484148
0.825606 0.825661 0.491337  0.82495 0.825964 0.825529 0.623445 0.825606 0.825619 0.491383 0.825606 0.825267 0.825488 0.623144 0.825661 0.825619 0.491362 0.825661 0.825977 0.825542 0.623299 0.491337 0.491383 0.491362 0.491337 0.491414 0.665115 0.491182  0.82495 0.825606 0.825661 0.491337 0.825964 0.825529 0.623445 0.825964 0.825267 0.825977 0.491414 0.825964 0.825843 0.623688 0.825529 0.825488 0.825542 0.665115 0.825529 0.825843 0.824834 0.623445 0.623144 0.623299 0.491182 0.623445 0.623688 0.824834
2.31682e-06 2.02389e-06   0.0266509 9.63685e-07 1.07504e-06 1.03072e-06   0.0182514 2.31682e-06 2.40031e-06   0.0266513 2.31682e-06 1.35596e-06 1.40854e-06   0.0182517 2.02389e-06 2.40031e-06    0.026651 2.02389e-06  1.1593e-06 1.11504e-06   0.0182515   0.0266509   0.0266513    0.026651   0.0266509   0.0266509   0.0269351   0.0266509 9.63685e-07 2.31682e-06 2.02389e-06   0.0266509 1.07504e-06 1.03072e-06   0.0182514 1.07504e-06 1.09933e-07  1.1593e-06   0.0266509 1.07504e-06  1.7587e-07   0.0182513 1.03072e-06 1.40854e-06 1.11504e-06   0.0269351 1.03072e-06  1.7587e-07 6.58102e-08   0.0182514   0.0182517   0.0182515   0.0267298   0.0182514   0.0182513     0.02668
