8	12	12	1
 5  0  0  0  0  0  1  0  0  0  0  0
 0  0  0  0  4  0  0  0  0  8  0  0
 0 12  0  0  0  0  1  0  0  0  0  9
 0  0  0  0  0 10  0  0  0  8  0  0
 5  0  0  3  0  0  1  6  2  0  0  0
 0  0  7  0  4  0  0  6  2  0  0  0
 0  0  0  3  0  0  1  0  2  0  0  9
 0  0  7  0  0  0  0  0  2  0 11  0
0.5	0.7	0.6	0.5	0.5	0.4	0.5	0.3	0.4	0.6	0.1	0.3	
0.34	0.338	0.76	0.39	0.381	0.092	0.818	0.011	
------target--------
6
------result--------
8	
------details--------
0.874576 0.874556 0.874279 0.874458 0.874544 0.916743 0.874523 0.915215
0.875378 0.875364 0.875138 0.875303 0.875197 0.599672 0.875306 0.020611
3.89788e-07  4.4316e-07 8.42623e-07 6.71353e-07 3.57622e-07   0.0394512 4.94074e-07   0.0956438
------result2--------
8	6	
------details2--------
  0.874429    0.87415    0.87433          0   0.916626   0.874396   0.914981   0.874429   0.874129          0   0.874396   0.916719   0.874375    0.91518    0.87415   0.874129   0.874029   0.874116   0.916768   0.874279   0.915199    0.87433   0.874458   0.874029   0.874297   0.916734   0.874276   0.915184   0.874544   0.874396   0.874116   0.874297          0   0.874363    0.91662   0.916626   0.916719   0.916768   0.916734   0.916626   0.916781          0   0.874396   0.874375          0   0.874276   0.874363   0.916781   0.915233   0.914981    0.91518   0.915199   0.915184    0.91662   0.916737   0.915233
   0.87524   0.875013   0.875179   0.874576   0.621657   0.875182   0.020764   0.875233   0.874993   0.874556   0.875052   0.599729   0.875162  0.0206587    0.87496   0.874945   0.874884   0.874778   0.600184          0  0.0208661   0.875137          0   0.874895   0.874955   0.599868   0.875066  0.0207232          0   0.875208   0.874981   0.875147   0.874544    0.87515  0.0200981   0.917328   0.916853   0.916718   0.916766   0.917328   0.916616   0.916743   0.875202   0.875188   0.874523   0.875127   0.875021   0.599978  0.0207476   0.916463   0.915372   0.915231   0.915288   0.910863   0.900262   0.915153
  0.875233    0.87496   0.875137          0   0.917328   0.875202   0.916463    0.87524   0.874945          0   0.875208   0.916853   0.875188   0.915372   0.875013   0.874993   0.874895   0.874981   0.916718   0.874993   0.915231   0.875179   0.875201   0.874884   0.875147   0.916766   0.875127   0.915288   0.874862   0.875052   0.874778   0.874955   0.917328   0.875021   0.910863   0.621657   0.599729   0.600184   0.599868          0   0.599978   0.900262   0.875182   0.875162          0   0.875066    0.87515   0.916616   0.915153   0.020764  0.0206587  0.0208661  0.0207232  0.0200981   0.922676  0.0207476
  0.876042   0.875818   0.875982   0.875378   0.388061   0.875985  0.0198037   0.876042   0.875803   0.875364   0.875862   0.599412   0.875971  0.0203922   0.875818   0.875803   0.875743   0.875637   0.599133   0.875306  0.0203433   0.875982   0.875364   0.875743   0.875802   0.599181   0.875911  0.0203304   0.875378   0.875862   0.875637   0.875802   0.812766   0.875805  0.0224811   0.388061   0.599412   0.599133   0.599181   0.812766   0.598613 0.00182649   0.875985   0.875971   0.875306   0.875911   0.875805   0.598613  0.0201403  0.0198037  0.0203922  0.0203433  0.0203304  0.0224811 0.00182649  0.0201403
8.35107e-07 1.23758e-06 1.06489e-06 3.89788e-07   0.0407061 8.87311e-07   0.0956458 8.35107e-07 1.29104e-06  4.4316e-07 8.03619e-07   0.0394512 9.40716e-07   0.0956439 1.23758e-06 1.29104e-06 1.52333e-06  1.2073e-06   0.0394512 8.97884e-07   0.0956439 1.06489e-06 6.79614e-07 1.52333e-06   1.034e-06   0.0394512  1.1717e-06   0.0956439 4.25144e-07 8.03619e-07  1.2073e-06   1.034e-06  0.00286204 8.56458e-07   0.0956821   0.0407061   0.0394512   0.0394512   0.0394512   0.0815332   0.0394513   0.0994812 8.87311e-07 9.40716e-07 4.94074e-07  1.1717e-06 8.56458e-07   0.0394513   0.0956439   0.0956458   0.0956439   0.0956439   0.0956439   0.0956821   0.0994814   0.0956439
