8	12	12	1
 0  2  0  0  0  1  0  3  0  0  0  0
 0  2  7  0  0  1  0  3  0  0  0  0
 0  2  0  0  0  1  0  0  4  8  0  0
11  2  7  0  0  1  0  0  4  0  0  0
 0  0  0  0  6  1  0  3  0  0  5  0
 0  0  0  0  6  1  0  3  0  0  5 10
 0  0  0  0  0  1  9  0  4  8  5  0
 0  0  0 12  0  1  9  0  4  0  5 10
0.9	0.7	0.1	0.9	1	0.2	0.6	0.6	0.4	0.7	0.2	0.2	
0.682	0.158	0.765	0.548	0.804	0.202	0.147	0.074	
------target--------
7
------result--------
8	
------details--------
0.807348 0.807332 0.807273 0.807373 0.806824 0.806794 0.865835   0.8512
 0.80857 0.808566 0.808616 0.808627 0.808301 0.808291 0.731696 0.463156
1.11878e-06 1.15361e-06 1.38381e-06 1.13605e-06 1.57513e-06 1.59178e-06   0.0141185   0.0386007
------result2--------
7	3	
------details2--------
       0 0.806818 0.806912        0        0 0.865706 0.850935 0.807332 0.806802        0 0.806808 0.806778 0.865718 0.850935 0.806818 0.806802 0.806843 0.806289 0.806259        0  0.86475 0.806912 0.806912 0.806843 0.806384 0.806353 0.865691 0.850934 0.806824 0.806808 0.806289 0.806384        0  0.86554 0.850612 0.806794 0.806778 0.806259 0.806353 0.806794 0.865571        0 0.865706 0.865718 0.865835 0.865691  0.86554 0.865571        0 0.850935 0.850935  0.86475 0.850934 0.850612 0.850612  0.86475
0.807348 0.808168 0.808183 0.807348 0.807348 0.731339 0.480221        0 0.808151 0.807332 0.807944 0.807935 0.731323 0.480218 0.808047 0.808043 0.808104 0.807776 0.807766 0.807273 0.411003 0.808151 0.808151 0.808192 0.807877 0.807867 0.731356 0.462922        0 0.807879 0.807645 0.807661 0.806824 0.730926 0.512509        0 0.807848 0.807615 0.807631        0 0.730887 0.806794 0.866055 0.866027        0 0.866114 0.865986 0.865964 0.865835 0.851648  0.85163 0.831015 0.851718 0.851495 0.851495 0.831015
       0 0.808047 0.808151        0        0 0.866055 0.851648 0.808424 0.808043 0.808151 0.807879 0.807848 0.866027  0.85163 0.808168 0.808151 0.808192 0.807645 0.807615        0 0.831015 0.808183 0.808173 0.808104 0.807661 0.807631 0.866114 0.851718 0.807961 0.807944 0.807776 0.807877        0 0.865986 0.851495 0.807951 0.807935 0.807766 0.807867 0.807709 0.865964 0.851495 0.731339 0.731323        0 0.731356 0.730926 0.730887 0.831015 0.480221 0.480218 0.411003 0.462922 0.512509 0.412106 0.881884
 0.80857 0.809392 0.809413  0.80857  0.80857 0.732313 0.429453  0.80857 0.809388 0.809343 0.808576 0.808576 0.732315 0.430872 0.809392 0.809388 0.809449 0.809123 0.809113 0.808616 0.578782 0.809413 0.809343 0.809449 0.809138 0.809128 0.732365 0.463618  0.80857 0.808576 0.809123 0.809138 0.808301 0.732098 0.431079  0.80857 0.808576 0.809113 0.809128 0.808301 0.732097  0.48441 0.732313 0.732315 0.808616 0.732365 0.732098 0.732097 0.265037 0.429453 0.430872 0.578782 0.463618 0.431079  0.48441 0.265037
1.11878e-06 2.51282e-06 2.28103e-06 1.11878e-06 1.11878e-06   0.0141189   0.0387308 1.15424e-06 2.54832e-06 1.54802e-06 1.80222e-06 1.82913e-06   0.0141189   0.0387253 2.51282e-06 2.54832e-06 2.52955e-06  2.9731e-06 2.99033e-06 1.38381e-06   0.0409068 2.28103e-06 2.25527e-06 2.52955e-06  2.7343e-06 2.75117e-06   0.0141189   0.0386012 1.77016e-06 1.80222e-06  2.9731e-06  2.7343e-06 1.57513e-06    0.014119   0.0389572 1.79703e-06 1.82913e-06 2.99033e-06 2.75117e-06  1.6042e-06    0.014119   0.0244964   0.0141189   0.0141189   0.0745972   0.0141189    0.014119    0.014119   0.0597791   0.0387308   0.0387253   0.0409068   0.0386012   0.0389572   0.0388464   0.0598231
