8	12	12	1
 4  0  0  1  0  0  0  0  0  0  0  0
 0  0  3  1  0  0  2  0  7  0  0  0
 4  0  0  1  0  0  0  0  0  8  0  0
 0  0  3  1  0  5  2 12  0  8  0  0
 0  0  0  1  0  0  0  0  0  0  9 10
 0  6  0  1  0  0  2  0  7  0  0 10
 0  0  0  1  0  0  0  0  0  0  9  0
 0  6  0  1 11  5  2  0  0  0  0  0
0.9	0.6	0.7	0.3	0.3	0.4	0.6	0.2	0.2	0.5	1	0.2	
0.267	0.258	0.11	0.117	0.874	0.897	0.78	0.322	
------target--------
3
------result--------
4	
------details--------
0.852568 0.852682 0.896168 0.890971  0.85189 0.852521 0.852145 0.852649
0.853463  0.85359 0.699104 0.296463 0.853157 0.853291 0.853253  0.85356
4.71791e-07 1.63609e-07   0.0232002    0.056524 1.42656e-06 4.66374e-07 1.21804e-06  2.6768e-07
------result2--------
3	1	
------details2--------
  0.85252         0  0.895907  0.851725  0.852358  0.851982  0.852487   0.85252  0.896185  0.890975  0.851832         0  0.852098  0.852601  0.896168  0.896185         0  0.896008  0.896302   0.89589  0.896184  0.895907  0.890975  0.895907  0.890672   0.89104  0.890626  0.890968  0.851725  0.851832  0.896008  0.890672         0   0.85189  0.851806  0.852358  0.852521  0.896302   0.89104         0  0.851832  0.852439  0.851982  0.852098   0.89589  0.890626         0  0.851832  0.852063  0.852487  0.852601  0.896184  0.890968  0.851806  0.852439  0.852063
 0.853431  0.852568  0.274406  0.852995  0.853131  0.853092    0.8534  0.853416  0.699015  0.296682   0.85311  0.852682  0.853205  0.853514         0  0.895874  0.896168   0.89625  0.895811  0.896417  0.896004  0.869267  0.890897  0.869267  0.891123  0.890787   0.89128  0.890999  0.852628  0.852824  0.698042  0.298286   0.85189         0  0.852733  0.853256         0  0.698641  0.297758  0.852521  0.853052  0.853357  0.852881  0.853001  0.698556  0.296892  0.852145  0.852786  0.852981  0.853383  0.853512  0.698969   0.29675  0.853076  0.853212  0.853173
 0.853416         0  0.869267  0.852628  0.853256  0.852881  0.853383  0.853431  0.895874  0.890897  0.852824         0  0.853001  0.853512         0  0.699015  0.869267  0.698042  0.698641  0.698556  0.698969  0.274406  0.296682  0.907681  0.298286  0.297758  0.296892   0.29675  0.852995   0.85311   0.89625  0.891123  0.853052  0.852781  0.853076  0.853131  0.853219  0.895811  0.890787  0.852824  0.852786  0.853212  0.853092  0.853205  0.896417   0.89128         0  0.853052  0.853173    0.8534  0.853514  0.896004  0.890999  0.852733  0.853357  0.852981
 0.854327  0.853463  0.471948  0.853894  0.854029  0.853989  0.854296  0.854327  0.700738  0.292367  0.854049   0.85359  0.854119  0.854423  0.853463  0.700738 0.0720426  0.699652   0.70037    0.6996  0.700508  0.471948  0.292367 0.0720426  0.295511  0.292855  0.296072  0.293428  0.853894  0.854049  0.699652  0.295511  0.853327  0.853253  0.853992  0.854029   0.85359   0.70037  0.292855  0.853327  0.853967  0.854126  0.853989  0.854119    0.6996  0.296072  0.853253  0.853967  0.854086  0.854296  0.854423  0.700508  0.293428  0.853992  0.854126  0.854086
6.36363e-07 4.71791e-07   0.0575745 1.90412e-06 9.41366e-07 1.69359e-06 7.40934e-07 6.36363e-07   0.0232003   0.0565241 1.60876e-06 1.63609e-07 1.38178e-06 4.32359e-07   0.0827871   0.0232003   0.0786056   0.0232005   0.0232007   0.0232006   0.0232003   0.0575745   0.0565241   0.0786186   0.0565245   0.0565248   0.0565245   0.0565241 1.90412e-06 1.60876e-06   0.0232005   0.0565245 1.47365e-06 1.52263e-06 1.69972e-06 9.41366e-07 4.89701e-07   0.0232007   0.0565248 4.84837e-07 1.89677e-06 7.37863e-07 1.69359e-06 1.38178e-06   0.0232006   0.0565245 1.21804e-06 1.89677e-06 1.48855e-06 7.40934e-07 4.32359e-07   0.0232003   0.0565241 1.69972e-06 7.37863e-07 1.48855e-06
