8	12	12	1
 0  0  0  0  3  0  1  0  0  0  0  0
 0  0  0  0  3  0  1  0  5  0  7  4
 9  8  0  0  0  2  1  0  0  6  0  0
 0  8  0  0  0  2  1  0  0  0  7  4
 0  0  0  0  3  0  1  0  0  0  0  0
 0  0  0  0  3  0  1 12  5  0  0  4
 0  0 10  0  0  2  1  0  0  6  0  0
 0  0  0 11  0  2  1  0  0  0  0  4
0.8	0.2	1	1	0.4	0.1	0.1	0.4	0.4	0.6	1	0.9	
0.582	0.111	0.859	0.045	0.024	0.343	0.913	0.263	
------target--------
2
------result--------
4	
------details--------
0.850667 0.918251 0.850006 0.912074 0.850667 0.850573 0.850264 0.850672
0.851497 0.676971 0.851861 0.103732 0.851497 0.851472 0.851371 0.851641
4.69066e-07   0.0415261 3.36465e-06    0.120829 4.69066e-07 6.81051e-07 1.20353e-06 5.57486e-07
------result2--------
4	2	
------details2--------
        0  0.849786  0.918159         0         0  0.850076  0.850487  0.918251  0.918141         0  0.918251  0.917944  0.918086    0.9182  0.849786  0.918141  0.911967  0.849786   0.84969  0.849406  0.849823  0.918159  0.918159         0  0.918159  0.917851  0.911812  0.911994         0         0  0.849786  0.918159         0  0.850076  0.850487  0.850573  0.917944   0.84969  0.917851  0.850573  0.849981  0.850393  0.850076  0.918086  0.849406  0.911812  0.850076  0.849981  0.850083  0.850487    0.9182  0.849823  0.911994  0.850487  0.850393  0.850083
 0.850667  0.851714  0.096354  0.850667  0.850667  0.851187  0.851458         0  0.918382  0.918251         0   0.92069  0.918397  0.918476  0.850768  0.676124         0  0.850768  0.850702  0.850533  0.850807  0.891409  0.891409  0.912074  0.891409  0.899454  0.912306  0.912428  0.850667  0.850667  0.851714  0.096354  0.850667  0.851187  0.851458         0         0   0.85162 0.0969225         0  0.851094  0.851365  0.850913  0.677033  0.851279  0.104248  0.850913  0.850889  0.851057  0.851319  0.676986  0.851684  0.103881  0.851319  0.851294  0.851193
        0  0.850768  0.891409         0         0  0.850913  0.851319         0  0.676124  0.891409         0         0  0.677033  0.676986  0.851714  0.918382  0.912204  0.851714   0.85162  0.851279  0.851684  0.096354  0.928211         0  0.096354 0.0969225  0.104248  0.103881         0         0  0.850768  0.891409         0  0.850913  0.851319   0.85141   0.92069  0.850702  0.899454   0.85141  0.850889  0.851294  0.851187  0.918397  0.850533  0.912306  0.851187  0.851094  0.851193  0.851458  0.918476  0.850807  0.912428  0.851458  0.851365  0.851057
 0.851497  0.852382    0.1435  0.851497  0.851497  0.852021  0.852291  0.851497  0.677999 0.0246103  0.851497  0.827037  0.676915  0.676901  0.852382  0.677999  0.202705  0.852382  0.852406  0.852381  0.852649    0.1435 0.0246103  0.202705    0.1435  0.123867  0.103269  0.103064  0.851497  0.851497  0.852382    0.1435  0.851497  0.852021  0.852291  0.851497  0.827037  0.852406  0.123867  0.851497  0.851996  0.852266  0.852021  0.676915  0.852381  0.103269  0.852021  0.851996  0.852164  0.852291  0.676901  0.852649  0.103064  0.852291  0.852266  0.852164
4.69066e-07 3.86042e-06    0.121632 4.69066e-07 4.69066e-07 1.67866e-06 1.02932e-06     0.12397   0.0415267    0.137061     0.12397    0.111965   0.0415262   0.0415261 3.86042e-06   0.0415267    0.126527 3.86042e-06  4.0714e-06 4.58543e-06 3.93007e-06    0.121632    0.137066    0.126527    0.121632    0.121295     0.12083     0.12083 4.69066e-07 4.69066e-07 3.86042e-06    0.121632 4.69066e-07 1.67866e-06 1.02932e-06 6.82919e-07    0.111965  4.0714e-06    0.121295 6.82919e-07 1.89328e-06  1.2425e-06 1.67866e-06   0.0415262 4.58543e-06     0.12083 1.67866e-06 1.89328e-06 1.76556e-06 1.02932e-06   0.0415261 3.93007e-06     0.12083 1.02932e-06  1.2425e-06 1.76556e-06
