8	12	12	1
 3  0  0  0  0  0  0  0  0  0  0  0
 0  0  0  0  2  5  0  0  0 10  0  0
 3  0  0  0  0  0  0  0  7  0  0  0
 0  0  0  0  2  0  0  0  0  0  0  0
 0  0  1  0  0  0  0  0  0  0  8  9
 0  4  1  0  2  5 12  0  0  0  8  0
 0  0  1  0  0  0  0  6  7  0  0  9
 0  4  1 11  2  0  0  6  0  0  0  0
0.2	0.4	1	0.1	0.5	0.7	0.1	0.4	0.2	0.1	1	0.8	
0.878	0.233	0.416	0.778	0.035	0.467	0.115	0.275	
------target--------
7
------result--------
5	
------details--------
0.845833 0.845605 0.845799 0.845624 0.908493 0.845586 0.909602 0.845601
0.846788 0.846634 0.846645 0.846639 0.219444 0.846628 0.490893 0.846633
4.79241e-07  9.5211e-07   4.779e-07 9.12362e-07     0.10362 9.89476e-07   0.0669677 9.59003e-07
------result2--------
7	5	
------details2--------
0.845445        0 0.845465 0.908448 0.845426 0.909626 0.845442 0.845445 0.845411 0.845605 0.908466 0.845567 0.909596 0.845582 0.845799 0.845411  0.84543 0.909626 0.845391        0 0.845407 0.845465        0  0.84543 0.908455        0 0.909582        0 0.908448 0.908466 0.909626 0.908455 0.908477        0 0.908468 0.845426 0.845567 0.845391 0.845586 0.908477 0.909609 0.845563 0.909626 0.909596 0.909626 0.909582        0 0.909609 0.909598 0.845442 0.845582 0.845407 0.845601 0.908468 0.845563 0.909598
0.846481 0.845833 0.846486  0.21967 0.846475  0.50623  0.84648 0.846412 0.846268        0 0.219431 0.846463 0.491424 0.846477        0 0.846447 0.846452 0.217098 0.846441 0.845799 0.846446  0.84643 0.845624 0.846286 0.219433 0.845624 0.491297 0.845624 0.908723  0.90854 0.904596 0.908562  0.90852 0.908493 0.908536 0.846394 0.846462  0.84625        0 0.219429 0.491551 0.846458 0.909483 0.909613 0.909483 0.909638 0.909602 0.909591 0.909609 0.846409 0.846476 0.846265        0 0.219431 0.846459 0.491447
0.846412        0  0.84643 0.908723 0.846394 0.909483 0.846409 0.846481 0.846447 0.846498  0.90854 0.846462 0.909613 0.846476 0.846261 0.846268 0.846286 0.904596  0.84625 0.909483 0.846265 0.846486        0 0.846452 0.908562        0 0.909638        0  0.21967 0.219431 0.217098 0.219433 0.219429        0 0.219431 0.846475 0.846463 0.846441 0.846481  0.90852 0.909591 0.846459  0.50623 0.491424 0.217098 0.491297 0.893131 0.491551 0.491447  0.84648 0.846477 0.846446 0.846495 0.908536 0.846458 0.909609
0.847439 0.846788 0.847443 0.218273 0.847433  0.38732 0.847438 0.847439 0.847296 0.846639 0.219467  0.84664 0.489982  0.84664 0.846788 0.847296 0.847301 0.228186 0.847291 0.734417 0.847296 0.847443 0.846639 0.847301 0.219465 0.846639 0.490159 0.846639 0.218273 0.219467 0.228186 0.219465 0.219468 0.219444 0.219467 0.847433  0.84664 0.847291 0.846639 0.219468 0.489826 0.846641  0.38732 0.489982 0.734417 0.490159 0.219444 0.489826 0.489953 0.847438  0.84664 0.847296 0.846639 0.219467 0.846641 0.489953
1.43926e-06 4.79241e-07 1.39858e-06     0.10362 1.47752e-06   0.0674547 1.44631e-06 1.43926e-06  1.4393e-06 9.53123e-07     0.10362 1.03178e-06   0.0669678 1.00045e-06 5.25367e-07  1.4393e-06 1.39844e-06     0.10365 1.47774e-06  0.00582815 1.44639e-06 1.39858e-06 9.12362e-07 1.39844e-06     0.10362 9.12362e-07   0.0669678 9.12362e-07     0.10362     0.10362     0.10365     0.10362     0.10362     0.10362     0.10362 1.47752e-06 1.03178e-06 1.47774e-06 9.91912e-07     0.10362   0.0669679 1.03875e-06   0.0674547   0.0669678   0.0882894   0.0669678    0.103709   0.0669679   0.0669679 1.44631e-06 1.00045e-06 1.44639e-06 9.60241e-07     0.10362 1.03875e-06   0.0669679
