8	12	12	1
 0  0  0  0  1  2  0  0  7  0  0  0
 0  0  0  0  1  2  0  0  0  4 11  0
 0  0  0  0  0  2  0  0  0  0  0  0
 0  5  0  0  0  2  0  0  0  4  0  0
 8  0  0  0  1  0  9  3  7  0  0  0
 0  0  0  0  1  0  0  3  0  4  0  0
 8  0  0  6  0  0  0  3  0  0  0 12
 0  5 10  6  0  0  0  3  0  4  0  0
0.8	0.7	0.4	1	0.3	0.1	0.2	0.3	0.8	0.8	1	0.1	
0.014	0.746	0.507	0.931	0.014	0.574	0.714	0.021	
------target--------
1
------result--------
5	
------details--------
0.988618 0.979798 0.979917 0.979801 0.988549 0.979855 0.979908 0.979801
0.838662 0.979974 0.979918 0.979973 0.231952 0.980005 0.980041 0.979978
  0.0140754 1.71433e-07 1.26375e-12 1.65259e-07    0.030329 1.40035e-07 2.81303e-08 1.79204e-07
------result2--------
5	1	
------details2--------
 0.988558  0.988618  0.988567         0  0.988596  0.988624  0.988567  0.988558  0.979798  0.979748  0.988553  0.979798  0.979789  0.979748         0         0         0  0.988614  0.979855  0.979908    0.9798  0.988567  0.979748  0.979801  0.988563  0.979801  0.979791         0  0.988614  0.988553  0.988614  0.988563  0.988523  0.988554  0.988483  0.988596         0  0.979855         0  0.988523  0.979846         0  0.988624  0.979789  0.979908  0.979791  0.988554  0.979846  0.979791  0.988567  0.979748    0.9798    0.9798  0.988483  0.979801  0.979791
 0.988649         0  0.988645  0.988618   0.98865  0.988546  0.988645         0         0   0.97987  0.233019         0  0.979925   0.97987  0.979917  0.979917  0.979917  0.231222  0.980005  0.980041  0.979977         0  0.979875         0  0.233277         0  0.979928  0.979801   0.98731  0.988547   0.98731  0.988543  0.988586  0.988485  0.988584  0.841668  0.979855  0.979857  0.979855  0.232514   0.97998  0.979855  0.839281  0.979965   0.97991  0.979964  0.232476  0.979997  0.979969  0.853045  0.979866  0.979807  0.979807  0.234236         0  0.979928
        0         0         0   0.98731  0.841668  0.839281  0.853045  0.988649  0.979978  0.979875  0.988547  0.979924  0.979965  0.979866         0         0         0   0.98731  0.979857   0.97991  0.979807  0.988645   0.97987  0.979978  0.988543  0.979922  0.979964  0.979807   0.99017  0.233019  0.231222  0.233277  0.232514  0.232476  0.234236   0.98865         0  0.980005         0  0.988586  0.979997         0  0.988546  0.979925  0.980041  0.979928  0.988485   0.97998  0.979928  0.988645   0.97987  0.979977  0.979892  0.988584  0.979931  0.979969
 0.881988  0.979918  0.882386 0.0138958  0.834166  0.829236  0.829824  0.881988  0.979918  0.979998  0.231434  0.980005  0.980099  0.980005  0.979918  0.979918  0.979918  0.247988   0.98001   0.98004  0.979989  0.882386  0.979998  0.979918    0.2313  0.980005  0.980098  0.979978 0.0138958  0.231434  0.247988    0.2313  0.231152  0.224392  0.230752  0.834166  0.980005   0.98001  0.980005  0.231152   0.98013  0.980005  0.829236  0.980099   0.98004  0.980098  0.224392   0.98013  0.980102  0.829824  0.980005  0.979989  0.979978  0.230752  0.980005  0.980102
  0.0196902   0.0348307   0.0197434    0.035722   0.0140783   0.0140767    0.014103   0.0196902 1.75652e-07  2.4186e-07    0.030329 1.98432e-07 2.00165e-07  2.5882e-07 1.26375e-12 1.26375e-12 1.26375e-12   0.0303328 1.40053e-07 2.81357e-08 1.79321e-07   0.0197434  2.4186e-07 1.69373e-07    0.030329 1.93646e-07 1.94056e-07 1.79184e-07   0.0357223    0.030329   0.0303328    0.030329   0.0303291   0.0303292   0.0303292   0.0140783 1.40035e-07 1.40053e-07 1.40035e-07   0.0303291 1.68479e-07 1.40035e-07   0.0140767 2.00165e-07 2.81357e-08 1.94056e-07   0.0303292 1.68479e-07 2.07909e-07    0.014103  2.5882e-07 1.79321e-07 1.79614e-07   0.0303292 2.00951e-07 2.07909e-07
