8	12	12	1
 4  0  2  0  0  0  7  8  1 10  5  0
 4  0  0  9  0  0  0  8  1  0  5  0
 0  0  2  0 11  3  7  0  1  0  5  0
 0  0  0  0  0  3  0  0  1  0  5  0
 4  6  2  0  0  0  0  0  1 10  0 12
 4  6  0  9  0  0  0  0  1  0  0  0
 0  0  2  0 11  3  0  0  1  0  0  0
 0  0  0  0  0  3  0  0  1  0  0  0
0.3	1	0.8	0.7	0.3	0.2	0.8	0.9	0.2	0.1	0.7	0.7	
0.35	0.067	0.806	0.318	0.118	0.055	0.474	0.509	
------target--------
2
------result--------
6	
------details--------
0.906644 0.942194  0.90643 0.906593 0.906693 0.937928 0.906548 0.906683
 0.90709 0.804694  0.90706 0.907117 0.907268 0.461332 0.907117 0.907273
2.07744e-07   0.0187502 5.86397e-07 3.36321e-07 1.65462e-07   0.0474368 4.33863e-07 1.96368e-07
------result2--------
1	6	
------details2--------
0.942194  0.90641 0.906573        0 0.942194  0.90641 0.906573 0.942194 0.942168 0.942203  0.94219        0 0.942168 0.942203  0.90641 0.942168  0.90643 0.906369 0.942168        0  0.90643        0        0        0 0.906533 0.942203  0.90643 0.906593 0.906605  0.94219 0.906369 0.906533 0.937805 0.906495  0.90663 0.942194        0 0.942168 0.942203 0.937805 0.937088 0.937854  0.90641 0.942168        0  0.90643 0.906495 0.937088 0.906548 0.906573 0.942203        0        0  0.90663 0.937854        0
 0.43374 0.907032 0.907197 0.906644  0.43374 0.907032 0.907197  0.94219 0.942237 0.942121 0.942226 0.942194 0.942237 0.942121 0.907004 0.434279        0 0.906975 0.434279  0.90643        0 0.906593 0.906593 0.906593 0.907134 0.433745  0.90698        0  0.90703 0.806982 0.907008 0.907069 0.462146 0.907063 0.907219 0.923829 0.937928 0.933774 0.927776 0.939125 0.939502 0.938547 0.906938 0.819436 0.906548 0.906931 0.907068 0.467445        0 0.907042 0.807476 0.906683 0.906683 0.907206  0.46191 0.906683
 0.94219 0.907004 0.907161  0.90703 0.923829 0.906938 0.907042  0.43374 0.434279 0.433745 0.806982  0.92147 0.819436 0.807476 0.907032 0.942237  0.90698 0.907008 0.933774 0.906931 0.907002 0.907197 0.942121        0 0.907069 0.927776 0.906931 0.907027 0.907191 0.942226 0.906975 0.907134 0.939125 0.907068 0.907206  0.43374        0 0.434279 0.433745 0.462146 0.467445  0.46191 0.907032 0.942237        0  0.90698 0.907063 0.939502 0.907048 0.907197 0.942121        0        0 0.907219 0.938547        0
0.902835 0.907097 0.907082 0.907368 0.590846 0.907543 0.907623 0.902835 0.862899 0.892903 0.776996 0.461332 0.764106  0.77539 0.907097 0.862899 0.907117 0.907606 0.492469 0.907117 0.907273 0.907082 0.892903 0.907117 0.907678 0.547263 0.907323 0.907273 0.907368 0.776996 0.907606 0.907678 0.453415 0.907645 0.907801 0.590846 0.461332 0.492469 0.547263 0.453415 0.450097 0.456463 0.907543 0.764106 0.907117 0.907323 0.907645 0.450097 0.907273 0.907623  0.77539 0.907273 0.907273 0.907801 0.456463 0.907273
  0.0441546 6.23609e-07 3.87803e-07  2.3042e-07   0.0483683 7.16527e-07 4.21966e-07   0.0441546   0.0330537   0.0412688   0.0188006   0.0479702   0.0192266    0.018815 6.23609e-07   0.0330537 5.99979e-07  7.6708e-07   0.0476892 6.08286e-07 6.22939e-07 3.41105e-07 0.000940972 3.36321e-07 5.17611e-07   0.0480873 6.66754e-07 3.60588e-07  3.2926e-07   0.0188006  7.6708e-07 5.17611e-07   0.0474388 5.99482e-07 3.62486e-07   0.0483683   0.0474368   0.0476892   0.0480873   0.0474388   0.0474565   0.0474375 7.16527e-07   0.0192266 4.33863e-07 6.66754e-07 5.99482e-07   0.0474565 4.56126e-07 4.21966e-07    0.018815 1.96368e-07 1.96368e-07 3.62486e-07   0.0474375 1.96368e-07
