8	12	12	1
 0  0  0  2  0  0  1  0  0  0  0  0
 0  0  0  2  0  0  1  8  0  0  0 11
 0  3  7  2  0  0  1  0  9  0  0  0
 0  3  0  2  5  0  1  0  9 12  0 11
 4  0  0  0  0  6  1  0  0  0  0  0
 4  0  0  0  0  0  1  8  0  0  0  0
 0  3  7  0  0  6  1  0  0  0 10  0
 0  3  0  0  5  0  1  0  0  0 10  0
0.2	0.1	0.3	0.8	0.4	0.4	0.8	0.3	0.8	0.8	0.8	0.2	
0.705	0.838	0.074	0.485	0.829	0.414	0.144	0.083	
------target--------
7
------result--------
8	
------details--------
0.811017 0.810718 0.810971 0.810648 0.811342 0.811498 0.879922 0.871628
0.812341 0.812241 0.812321 0.812142 0.812421 0.812644 0.696079  0.37316
1.42733e-06 1.80935e-06 1.49117e-06 1.62448e-06 7.64496e-07 4.73671e-07   0.0249904   0.0671784
------result2--------
5	8	
------details2--------
       0        0        0 0.810714 0.810859 0.879632 0.871241 0.810718 0.810671        0  0.81041 0.810718 0.879714 0.871208 0.810971 0.810671        0 0.810667 0.810812  0.87962 0.871219 0.810648 0.810457 0.810648  0.81034 0.810457 0.879674 0.871159 0.810714  0.81041 0.810667  0.81034 0.811196        0 0.879922 0.810859        0 0.810812 0.810457 0.811196 0.879936 0.871595 0.879632 0.879714  0.87962 0.879674 0.879922 0.879936        0 0.871241 0.871208 0.871219 0.871159 0.879922 0.871595        0
0.811017 0.811017 0.811017   0.8118 0.812061  0.69583 0.373211        0 0.811653 0.810718 0.811504        0 0.695926 0.373257        0 0.811844 0.810971 0.811753 0.812016 0.695821 0.373218        0 0.811769        0 0.811432 0.811769  0.69589 0.373267 0.812042 0.811941 0.812022 0.811842 0.812348 0.811342 0.350146 0.812202 0.811498 0.812182 0.812004 0.812279   0.6961 0.373187 0.880246 0.880056 0.880226 0.880046        0 0.879833 0.879922 0.872061   0.8719 0.872042 0.871863 0.850862  0.87186 0.871628
       0        0        0 0.812042 0.812202 0.880246 0.872061 0.811892 0.811844 0.811769 0.811941 0.812135 0.880056   0.8719 0.811953 0.811653        0 0.812022 0.812182 0.880226 0.872042 0.811657 0.811413 0.811612 0.811842 0.812004 0.880046 0.871863   0.8118 0.811504 0.811753 0.811432 0.812279        0 0.850862 0.812061        0 0.812016 0.811769 0.812348 0.879833  0.87186  0.69583 0.695926 0.695821  0.69589 0.350146   0.6961 0.850862 0.373211 0.373257 0.373218 0.373267 0.350146 0.373187        0
0.812341 0.812341 0.812341 0.813125 0.813361 0.696361 0.373103 0.812341 0.812347 0.812282 0.813028 0.812644  0.69618 0.373096 0.812341 0.812347 0.812321 0.813105  0.81334 0.696343   0.3731 0.812341 0.812282 0.812321 0.812928  0.81319 0.696176 0.373105 0.813125 0.813028 0.813105 0.812928 0.813432 0.812421 0.453223 0.813361 0.812644  0.81334  0.81319 0.813432 0.695935 0.372968 0.696361  0.69618 0.696343 0.696176 0.812421 0.695935  0.37316 0.373103 0.373096   0.3731 0.373105 0.453223 0.372968  0.37316
1.42733e-06 1.42733e-06 1.42733e-06 2.19982e-06 1.93152e-06   0.0249908   0.0671791 1.87864e-06  1.9499e-06 1.84782e-06 2.58867e-06 1.89394e-06   0.0249905   0.0671789 1.50299e-06  1.9499e-06 1.49117e-06 2.26426e-06  1.9954e-06   0.0249908   0.0671791 1.83477e-06 2.08002e-06 1.83124e-06 2.40185e-06 2.17411e-06   0.0249905   0.0671788 2.19982e-06 2.58867e-06 2.26426e-06 2.40185e-06  1.2436e-06 7.64496e-07   0.0683048 1.93152e-06 4.73671e-07  1.9954e-06 2.17411e-06  1.2436e-06   0.0249904   0.0671784   0.0249908   0.0249905   0.0249908   0.0249905   0.0584057   0.0249904   0.0678386   0.0671791   0.0671789   0.0671791   0.0671788   0.0683048   0.0671784   0.0671784
