8	12	12	1
 1  0  0  3  0  0  0  0  0  0  0  0
 1  9  2  3  0  0  0  0  0  0  8  0
 1  0  0  3 11  0  0  0  0  0  0  0
 1  0  2  3  0  0  0  0  0  0  8  0
 1  0  0  0  0  4  0  5  6  0  0  0
 1  0  2  0  0  4  0  0  6  7  0  0
 1  0  0  0  0  4  0  5  0  0  0 12
 1  0  2  0  0  4 10  0  0  7  0  0
0.2	0.5	0.8	0.8	0.1	0.6	1	0.7	0.2	0.2	0.8	0.5	
0.192	0.509	0.316	0.803	0.126	0.106	0.353	0.016	
------target--------
6
------result--------
8	
------details--------
0.855994 0.855397 0.855968 0.855534 0.856137  0.87387 0.856001 0.873474
0.856895 0.856568 0.856889 0.856636 0.856231 0.474281 0.856906 0.327117
4.46121e-07  1.2897e-06 5.23169e-07 1.22044e-06 8.54021e-10   0.0190645 4.30786e-07   0.0241734
------result2--------
6	5	
------details2--------
        0         0         0  0.855992  0.873767  0.855855   0.87337  0.855397   0.85537  0.855397  0.855395  0.873465  0.855256  0.873058  0.855968   0.85537  0.855507  0.855965  0.873777  0.855828  0.873378  0.855534         0  0.855507  0.855531  0.873491  0.855393  0.873088  0.855992  0.855395  0.855965  0.855531         0  0.855999  0.873707  0.873767  0.873465  0.873777  0.873491   0.87387  0.873812         0  0.855855  0.855256  0.855828  0.855393  0.855999  0.873812  0.873413   0.87337  0.873058  0.873378  0.873088  0.873707  0.873707  0.873413
 0.855994  0.855994  0.855994  0.856087  0.474216  0.856762  0.326895         0  0.856259         0  0.855501  0.473976  0.856171  0.325098         0   0.85643  0.856502  0.856063  0.474207  0.856736  0.326606         0  0.855534  0.856392  0.855633  0.474022  0.856306  0.325834  0.856893  0.856565  0.856886  0.856633  0.856137  0.856903   0.32454  0.874404  0.874103  0.874276   0.87418         0  0.874192   0.87387  0.856758   0.85643  0.856752  0.856498  0.856096  0.474229  0.326609  0.874016  0.873714  0.873892  0.873791  0.864326  0.864326   0.87381
        0         0         0  0.856893  0.874404  0.856758  0.874016  0.856456   0.85643  0.856125  0.856565  0.874103   0.85643  0.873714  0.856848  0.856259  0.856392  0.856886  0.874276  0.856752  0.873892  0.856528         0  0.856502  0.856633   0.87418  0.856498  0.873791  0.856087  0.855501  0.856063  0.855633         0  0.856096  0.864326  0.474216  0.473976  0.474207  0.474022         0  0.474229  0.864326  0.856762  0.856171  0.856736  0.856306  0.856903  0.874192   0.87381  0.326895  0.325098  0.326606  0.325834   0.32454  0.887339  0.326609
 0.856895  0.856895  0.856895  0.856991  0.474625  0.857663  0.328285  0.856895  0.856929  0.856636  0.856665  0.474462  0.857338  0.328311  0.856895  0.856929  0.856928   0.85698  0.474611  0.857657  0.329385  0.856895  0.856636  0.856928  0.856733  0.474498  0.857405  0.328189  0.856991  0.856665   0.85698  0.856733  0.856231  0.856998  0.481733  0.474625  0.474462  0.474611  0.474498  0.856231   0.47458 0.0123332  0.857663  0.857338  0.857657  0.857405  0.856998   0.47458  0.329996  0.328285  0.328311  0.329385  0.328189  0.481733 0.0123332  0.329996
4.46121e-07 4.46121e-07 4.46121e-07 4.47011e-07   0.0190648 8.78435e-07   0.0241737 1.38398e-06  1.4531e-06 1.36749e-06 1.29072e-06    0.019065 1.72654e-06    0.024174 5.23368e-07  1.4531e-06 1.35029e-06 5.24087e-07   0.0190647 9.56256e-07   0.0241737 1.28285e-06 1.22044e-06 1.35029e-06 1.22143e-06   0.0190651 1.65623e-06   0.0241741 4.47011e-07 1.29072e-06 5.24087e-07 1.22143e-06 8.54021e-10 4.31707e-07   0.0242097   0.0190648    0.019065   0.0190647   0.0190651   0.0396419   0.0190646   0.0388599 8.78435e-07 1.72654e-06 9.56256e-07 1.65623e-06 4.31707e-07   0.0190646   0.0241736   0.0241737    0.024174   0.0241737   0.0241741   0.0242097   0.0388697   0.0241736
