8	12	12	1
 0  8  2  0  0  0  0  0  0  0  0 12
 0  0  2  0  5  0  0  0  3  0 10  0
 1  8  0  0  0  0 11  0  0  9  0  0
 1  0  0  0  0  6  0  0  3  0 10  0
 0  0  2  4  0  0  0  0  0  0  0  0
 0  0  2  0  5  0  0  0  3  0  0  0
 1  0  0  4  0  0  0  7  0  9  0  0
 1  0  0  0  0  6  0  7  3  0  0  0
1	0.8	0.7	0.5	0.8	0.4	0.1	0.2	0.7	0.4	0.7	0.1	
0.249	0.257	0.306	0.908	0.416	0.051	0.116	0.572	
------target--------
7
------result--------
3	
------details--------
 0.84429 0.843713 0.874169 0.843752 0.844209  0.84428 0.879249 0.844287
0.845245 0.844815 0.396792 0.844819  0.84478 0.845224 0.761969 0.844528
8.12895e-08 1.14589e-06   0.0357208 1.07954e-06 1.83617e-07  1.1299e-07   0.0102969 2.11849e-08
------result2--------
3	7	
------details2--------
 0.84369 0.874171 0.843728 0.844186 0.844257 0.879261 0.844263  0.84369  0.87385        0 0.843608 0.843713 0.879045 0.843686 0.874171  0.87385 0.873874 0.877627 0.874149 0.879056 0.875363 0.843728        0 0.873874 0.843646 0.843713 0.879062 0.843724 0.844186 0.843608 0.877627 0.843646 0.844177        0 0.844184 0.844257        0 0.874149 0.843713 0.844177 0.879234 0.844254 0.879261 0.879045        0 0.879062 0.879249 0.879234 0.879249 0.844263 0.843686 0.875363 0.843724 0.844184 0.844254        0
0.844793 0.397119 0.844796 0.844758 0.845201 0.761968 0.844507 0.844662  0.39845 0.843713 0.844188        0 0.761657 0.843939 0.874086 0.874436 0.874435 0.858848 0.874729 0.861169  0.86433 0.844699 0.843752 0.398376 0.844226 0.844722 0.761679 0.843976 0.845145 0.844713  0.37533 0.844716 0.845122 0.844209 0.844416 0.845213  0.84428 0.396853 0.844788 0.844748  0.76195 0.844496 0.878773  0.87942 0.879249 0.879417        0 0.879664        0 0.845221 0.844789 0.390208 0.844793 0.844748 0.845198 0.844287
0.844662 0.874086 0.844699 0.845145 0.845213 0.878773 0.845221 0.844793 0.874436 0.844722 0.844713 0.844788  0.87942 0.844789 0.397119  0.39845 0.398376  0.37533 0.396853 0.885602 0.390208 0.844796        0 0.874435 0.844716 0.844788 0.879417 0.844793 0.844758 0.844188 0.858848 0.844226 0.844748        0 0.844748 0.845201        0 0.874729 0.844722 0.845122 0.879664 0.845198 0.761968 0.761657 0.861169 0.761679 0.634298  0.76195 0.715848 0.844507 0.843939  0.86433 0.843976 0.844416 0.844496        0
0.845751 0.382583 0.845754 0.845713 0.846157 0.761995  0.84546 0.845751 0.395364 0.844819 0.845287 0.845224 0.762235 0.845037 0.382583 0.395364 0.395326 0.542421 0.395058 0.153786 0.467507 0.845754 0.844819 0.395326  0.84529 0.845773 0.762235  0.84504 0.845713 0.845287 0.542421  0.84529 0.845693  0.84478 0.845053 0.846157 0.845224 0.395058 0.845773 0.845693 0.762502 0.845444 0.761995 0.762235 0.153786 0.762235  0.84478 0.762502 0.844528  0.84546 0.845037 0.467507  0.84504 0.845053 0.845444 0.844528
1.22882e-06   0.0357214  1.1624e-06 2.65427e-07 1.94404e-07   0.0102969 1.02747e-07 1.22882e-06   0.0357214 1.14651e-06 1.33337e-06  1.1693e-06   0.0102971 1.16856e-06   0.0357214   0.0357214   0.0357214   0.0363402   0.0357208   0.0526802   0.0358298  1.1624e-06 1.07954e-06   0.0357214 1.26683e-06 1.20568e-06   0.0102971 1.10214e-06 2.65427e-07 1.33337e-06   0.0363402 1.26683e-06 2.96933e-07 1.83617e-07 2.05682e-07 1.94404e-07  1.1299e-07   0.0357208 1.20568e-06 2.96933e-07   0.0102969 1.34291e-07   0.0102969   0.0102971    0.052676   0.0102971   0.0188257   0.0102969   0.0135784 1.02747e-07 1.16856e-06   0.0358298 1.10214e-06 2.05682e-07 1.34291e-07 2.11849e-08
