8	12	12	1
 0  0  0  0  0  0  0  0  1  0  0  3
 5  0  0  0  0  0  0  4  1  0  2  0
 0 11  7  0  0  0  8  0  1  0  0  3
 5  0  7  0  0  0  0  0  1  6  2  0
 0  0  0 12  0  0  0  0  0  0  0  3
 0  0  0  0  0  0  0  4  0  0  2  0
 0  0  0  0  0 10  8  0  0  0  0  3
 0  0  0  0  9  0  0  0  0  6  2  0
0.9	0.5	0.9	0.9	0.9	0.4	0.7	0.8	0.4	0.6	0.1	0.3	
0.028	0.71	0.073	0.129	0.942	0.27	0.546	0.263	
------target--------
4
------result--------
3	
------details--------
0.828556 0.827723  0.88456 0.901559  0.82793 0.828368 0.828358 0.828381
0.830113 0.829338 0.341643 0.729871 0.829163 0.829439 0.829444 0.829471
8.19851e-08 2.28848e-06    0.071078   0.0252288 1.33681e-06 6.20814e-07 6.55808e-07   6.027e-07
------result2--------
3	4	
------details2--------
0.827707        0  0.90156        0 0.828353        0 0.828366 0.827707 0.900079        0 0.827073 0.827723 0.827505 0.827531  0.88456 0.900079 0.900993 0.884225 0.882781   0.8845 0.884456  0.90156 0.900643        0 0.901427 0.900643 0.901592 0.901515  0.82793 0.827073 0.884225 0.901427 0.827725 0.827729 0.827737 0.828353        0 0.882781 0.900643 0.827725 0.828154 0.828177 0.828358 0.827505   0.8845 0.901592 0.827729 0.828154 0.828166 0.828366 0.827531 0.884456 0.901515 0.827737 0.828177 0.828166
0.829324 0.828556 0.729853 0.828556 0.829424 0.828556 0.829456 0.829373  0.29651 0.827723 0.828319        0 0.828607 0.828629        0 0.870999 0.858424 0.884875  0.89224 0.884819 0.885052 0.901528 0.904455 0.901559 0.901681 0.904455 0.901426 0.901766        0 0.828699 0.291334 0.729301 0.828802 0.828787 0.828834 0.829903 0.828368 0.347493 0.743944 0.828961 0.829242 0.829269        0 0.829126 0.291299 0.729675 0.828948 0.829228  0.82926 0.829926 0.829148 0.341811 0.729704 0.828974  0.82925 0.829256
0.829373        0 0.901528        0 0.829903        0 0.829926 0.829324 0.870999 0.904455 0.828699 0.829281 0.829126 0.829148 0.291069  0.29651 0.914433 0.291334 0.347493 0.291299 0.341811 0.729853        0 0.858424 0.729301 0.743944 0.729675 0.729704 0.829145 0.828319 0.884875 0.901681 0.828961 0.828948 0.828974 0.829424        0  0.89224 0.904455 0.828802 0.829228  0.82925 0.829409 0.828607 0.884819 0.901426 0.828787 0.829242 0.829256 0.829456 0.828629 0.885052 0.901766 0.828834 0.829269  0.82926
0.830797 0.830113 0.731733 0.830113 0.831028 0.830113 0.831015 0.830797 0.397342 0.802499 0.829934 0.829439 0.830214 0.830243 0.830113 0.397342 0.165738 0.381538 0.318381 0.483136 0.340837 0.731733 0.802499 0.165738 0.730402 0.627175 0.730684 0.730668 0.830113 0.829934 0.381538 0.730402 0.830035 0.830014 0.830067 0.831028 0.829439 0.318381 0.627175 0.830035 0.830317 0.830342 0.830113 0.830214 0.483136 0.730684 0.830014 0.830317 0.830347 0.831015 0.830243 0.340837 0.730668 0.830067 0.830342 0.830347
2.37163e-06 8.19851e-08   0.0252288 8.19851e-08 7.03107e-07 8.19851e-08 6.84977e-07 2.37163e-06   0.0725841  0.00412525 3.64118e-06 2.29917e-06 2.95488e-06 2.89822e-06   0.0765275   0.0725841   0.0966392    0.071542   0.0711704   0.0726644   0.0710783   0.0252288   0.0811157   0.0966146   0.0252291   0.0267093   0.0252289   0.0252289 1.36824e-06 3.64118e-06    0.071542   0.0252291 1.96284e-06 1.96398e-06 1.94474e-06 7.03107e-07 6.20814e-07   0.0711704   0.0267093 1.96284e-06 1.28002e-06 1.22583e-06 6.71936e-07 2.95488e-06   0.0726644   0.0252289 1.96398e-06 1.28002e-06 1.26195e-06 6.84977e-07 2.89822e-06   0.0710783   0.0252289 1.94474e-06 1.22583e-06 1.26195e-06
