8	12	12	1
 0  1  0  5  2  0  0  4  0  0  8  0
10  1  0  0  2  0  0  0  0  0  0  9
 0  1  0  0  0  0  3  4  6  0  8  0
 0  1  0  0  0  0  3  0  6  0  0  9
 0  0  0  5  2  0  0  4  0  7  0  0
 0  0  0  0  2 12  0  0  0  7  0  0
 0  0 11  0  0  0  3  4  0  0  0  0
 0  0  0  0  0  0  3  0  0  0  0  0
0.9	1	0.4	0.3	0.4	0.5	0.7	0.3	0.3	1	1	0.7	
0.029	0.247	0.145	0.719	0.035	0.862	0.276	0.478	
------target--------
3
------result--------
1	
------details--------
0.880655 0.808799 0.896064 0.808237 0.809136 0.808738 0.808536 0.808637
0.180093 0.809726 0.675169 0.809909 0.810269 0.809956 0.810224 0.810353
   0.110997 6.69292e-07   0.0370207 2.22937e-06   1.282e-07 1.10285e-06 2.16572e-06 2.04851e-06
------result2--------
1	8	
------details2--------
0.875504        0  0.89448 0.880634 0.880523 0.895772 0.896064 0.875504 0.894553 0.808082 0.808763 0.808361 0.807985 0.808082        0 0.894553  0.89448 0.896051 0.896089 0.895772 0.896064  0.89448        0  0.89448 0.808201 0.807794 0.808141 0.808237 0.880634 0.808763 0.896051 0.808201        0   0.8085   0.8086 0.880523 0.808361 0.896089 0.807794 0.808738 0.808097 0.808199 0.895772 0.807985 0.895772 0.808141   0.8085 0.808097 0.808536 0.896064 0.808082        0        0   0.8086 0.808199        0
0.888408 0.880655 0.870087 0.881306 0.880894 0.856795 0.848569  0.18955 0.702081 0.810011 0.809897 0.809584 0.809876 0.810011 0.896064 0.897884 0.898896 0.896469  0.89602 0.898887        0 0.159039 0.808237 0.159039  0.80934 0.809026 0.809173        0 0.180096  0.80969 0.675146 0.809873 0.809136 0.810188 0.810317 0.180138 0.809294 0.674918 0.809475        0 0.809791 0.809919 0.157322   0.8092 0.157322 0.809243 0.809638 0.809324        0 0.156903 0.809303 0.808637 0.808637 0.809737 0.809423 0.808637
 0.18955        0 0.159039 0.180096 0.180138 0.157322 0.156903 0.888408 0.897884  0.80913  0.80969 0.809294   0.8092 0.809303 0.848569 0.702081 0.159039 0.675146 0.674918 0.157322 0.156903 0.870087 0.810011 0.898896 0.809873 0.809475 0.809243 0.809349 0.881306 0.809897 0.896469  0.80934        0 0.809638 0.809737 0.880894 0.809584  0.89602 0.809026 0.809925 0.809324 0.809423 0.856795 0.809876 0.898887 0.809173 0.810188 0.809791 0.809602 0.848569 0.810011        0        0 0.810317 0.809919        0
0.167583 0.180093 0.201703 0.180005 0.180011 0.239135 0.271442 0.167583 0.618801 0.809841 0.810827 0.810514 0.810973 0.811197 0.180093 0.618801 0.753238 0.675853 0.675628 0.794435 0.810353 0.201703 0.809841 0.753238  0.81101 0.810699 0.810352 0.810353 0.180005 0.810827 0.675853  0.81101 0.810269 0.811325 0.811453 0.180011 0.810514 0.675628 0.810699 0.810269 0.811016 0.811144 0.239135 0.810973 0.794435 0.810352 0.811325 0.811016 0.810353 0.271442 0.811197 0.810353 0.810353 0.811453 0.811144 0.810353
   0.111209    0.110997    0.111784    0.110997    0.110997    0.112956    0.113715    0.111209   0.0383723 2.43899e-06 7.97994e-07 1.77945e-06 3.22162e-06 3.16324e-06    0.113039   0.0383723   0.0714796   0.0370207   0.0370208   0.0905476   0.0981262    0.111784 2.24187e-06   0.0714796  2.3588e-06 3.34929e-06 2.89402e-06 2.68098e-06    0.110997 7.97994e-07   0.0370207  2.3588e-06   1.282e-07   2.295e-06  2.1776e-06    0.110997 1.77945e-06   0.0370208 3.34929e-06 1.11398e-06 3.28347e-06 3.16293e-06    0.112956 3.22162e-06   0.0905476 2.89402e-06   2.295e-06 3.28347e-06 2.26378e-06    0.113715 3.16324e-06 2.04851e-06 2.04851e-06  2.1776e-06 3.16293e-06 2.04851e-06
