8	12	12	1
 0  0  0  0  4  5  0  0  0  0  0  2
11  9  0  3  0  0  0  0  0  0  0  0
 0  0  1  0  4  0 10  0  0  0  0  2
 0  0  1  3  0  0  0  6  0  0  0  0
 0  0  0  0  0  5  0  0  0  7  0  2
 0  9  0  0  0  0  0  0  0  7  0  0
 0  0  1  0  0  0  0  0  0  0  8  2
 0  0  1  0  0  0  0  6 12  0  8  0
0.7	0.3	0.7	0.7	0.8	0.9	0.9	0.4	0.9	0.7	0.5	0.3	
0.489	0.484	0.205	0.827	0.075	0.01	0.804	0.656	
------target--------
5
------result--------
6	
------details--------
 0.896821  0.896759  0.896922  0.896829  0.934915  0.927988   0.89678  0.896442
  0.89745  0.897743  0.897597  0.897476  0.822335 0.0755367  0.897461  0.897285
4.56708e-07 1.00979e-06 2.92259e-07 4.63773e-07   0.0144042   0.0724546 5.69465e-07 8.35818e-07
------result2--------
6	5	
------details2--------
 0.896551  0.896728  0.896634         0  0.934885  0.896584  0.896244  0.896551  0.896666  0.896571  0.934865   0.92792  0.896521  0.896179  0.896728  0.896666  0.896736   0.93489  0.927941  0.896686  0.896348  0.896634  0.896571  0.896736  0.934939  0.927946  0.896586         0  0.934915  0.934865   0.93489  0.934939         0  0.934909  0.934945  0.934885         0  0.927941  0.927946  0.934885  0.927909  0.927829  0.896584  0.896521  0.896686  0.896586  0.934909  0.927909         0  0.896244  0.896179  0.896348  0.896442  0.934945  0.927829  0.896442
 0.897586  0.897405  0.897284  0.896821 0.0632082  0.897269  0.897091  0.897224  0.897345  0.897225  0.822003         0  0.897209  0.897031  0.897358  0.897652  0.897384  0.822254 0.0755962  0.897369  0.897193  0.897266  0.897561  0.897413  0.822147 0.0757718   0.89728  0.896829         0  0.935055  0.935069  0.934855  0.934915  0.934926  0.934901  0.912901  0.927988  0.928279   0.92809  0.912901  0.928135  0.928062  0.897216  0.897511  0.897364  0.897247   0.82211  0.075774   0.89678   0.89688  0.897179  0.897029         0  0.821771 0.0761932         0
 0.897224  0.897358  0.897266         0  0.912901  0.897216   0.89688  0.897586  0.897652  0.897561  0.935055  0.928181  0.897511  0.897179  0.897405  0.897345  0.897413  0.935069  0.928279  0.897364  0.897029  0.897284  0.897225  0.897384  0.934855   0.92809  0.897247         0         0  0.822003  0.822254  0.822147  0.912901   0.82211  0.821771 0.0632082         0 0.0755962 0.0757718  0.944775  0.075774 0.0761932  0.897269  0.897209  0.897369   0.89728  0.934926  0.928135         0  0.897091  0.897031  0.897193  0.897145  0.934901  0.928062  0.897103
   0.8981  0.898034  0.897914   0.89745  0.136205  0.897899  0.897722    0.8981  0.898325  0.898204  0.823291  0.239024   0.89819  0.898014  0.898034  0.898325   0.89806  0.822848 0.0751581  0.898045   0.89787  0.897914  0.898204   0.89806  0.822808 0.0749424  0.897939  0.897476   0.89745  0.823291  0.822848  0.822808 0.0243582  0.822766  0.822605  0.136205  0.239024 0.0751581 0.0749424 0.0243582 0.0750799 0.0752207  0.897899   0.89819  0.898045  0.897939  0.822766 0.0750799  0.897461  0.897722  0.898014   0.89787  0.897476  0.822605 0.0752207  0.897461
1.47601e-06 7.50556e-07    9.24e-07 4.56708e-07   0.0733497 1.03002e-06 1.29852e-06 1.47601e-06  1.3045e-06  1.4793e-06   0.0144046   0.0758677 1.58541e-06 1.85531e-06 7.50556e-07  1.3045e-06 7.58034e-07   0.0144042   0.0724547 8.63915e-07 1.13149e-06    9.24e-07  1.4793e-06 7.58034e-07   0.0144043   0.0724547  1.0526e-06 4.63773e-07   0.0699034   0.0144046   0.0144042   0.0144043   0.0785459   0.0144043   0.0144043   0.0733497   0.0758676   0.0724547   0.0724547   0.0785476   0.0724547   0.0724548 1.03002e-06 1.58541e-06 8.63915e-07  1.0526e-06   0.0144043   0.0724547 5.69465e-07 1.29852e-06 1.85531e-06 1.13149e-06 9.34451e-07   0.0144043   0.0724548 9.54463e-07
