8	12	12	1
 0  5  0  2  1  3  0  6  0  0  0  0
 0  0  0  0  1  3  0  6  0  4  9  0
 0  0  0  2  1  3  0  0  0  0  0  0
 0  0  0  0  1  3  0  0  7  4  0  0
 0  5  0  2  1  0  0  0  0  0  0  0
12  0  0  0  1  0  0  0  0  4  9 10
 0  0  8  2  1  0 11  0  0  0  0  0
 0  0  8  0  1  0  0  0  7  4  0 10
0.2	0.2	0.4	0.8	0.4	0.2	0.7	0.8	0.7	0.7	0.2	0.8	
0.819	0.248	0.15	0.66	0.456	0.106	0.952	0.085	
------target--------
8
------result--------
6	
------details--------
0.883619  0.88366 0.884004 0.883775 0.883963 0.921747 0.883662 0.930183
 0.88444 0.884453 0.884714 0.884477 0.884684 0.483618 0.884467 0.804624
8.23183e-07 7.62931e-07 7.69809e-08 5.51999e-07 2.06719e-07   0.0483441 7.83122e-07   0.0171542
------result2--------
8	4	
------details2--------
       0 0.883619 0.883389 0.883619 0.921578 0.883248  0.93016 0.883574  0.88366 0.883429 0.883574        0  0.88329 0.930142        0        0        0 0.883939 0.921698 0.883639 0.930173 0.883389 0.883429 0.883775  0.88371 0.930026 0.883407        0        0 0.883574 0.883939  0.88371 0.921742 0.883597 0.930209 0.921578 0.921588 0.921698 0.930026 0.921742 0.921589 0.930035 0.883248  0.88329 0.883639 0.883407 0.883597 0.921589 0.930135  0.93016 0.930142 0.930173 0.930173 0.930209        0 0.930135
0.883619        0 0.884066        0 0.547322 0.884061 0.804969 0.884397        0 0.884111 0.884397  0.88366 0.884102 0.804945 0.884004 0.884004 0.884004 0.884662 0.486226 0.884445 0.805533 0.884192 0.884206        0 0.884437 0.444664 0.884217 0.883775 0.883963 0.884397 0.884653 0.884413 0.483112 0.884404 0.804589 0.921912 0.921943 0.923194  0.90736 0.921803 0.921937 0.905707 0.884077  0.88409 0.884357 0.884114 0.884326 0.484679 0.804387 0.930205 0.930229 0.930426 0.930426 0.929921 0.930183  0.93024
0.884397 0.884421 0.884192 0.884387 0.921912 0.884077 0.930205 0.884595 0.884433 0.884206 0.884397 0.921943  0.88409 0.930229        0        0        0 0.884653 0.923194 0.884357 0.930426 0.884066 0.884111 0.884453 0.884413  0.90736 0.884114 0.930426        0 0.884397 0.884662 0.884437 0.921803 0.884326 0.929921 0.547322 0.294435 0.486226 0.444664 0.483112 0.484679 0.933161 0.884061 0.884102 0.884445 0.884217 0.884404 0.921937  0.93024 0.804969 0.804945 0.805533        0 0.804589 0.905707 0.804387
0.884446 0.884714 0.884847 0.884684 0.391046 0.884883 0.804268 0.884446 0.884714  0.88485 0.885158 0.598102 0.884896 0.804244 0.884714 0.884714 0.884714  0.88538 0.390087 0.885156 0.769098 0.884847  0.88485 0.884714 0.885138 0.578847  0.88492 0.881303 0.884684 0.885158  0.88538 0.885138 0.488803 0.885127 0.804986 0.391046 0.598102 0.390087 0.578847 0.488803 0.482314  0.24517 0.884883 0.884896 0.885156  0.88492 0.885127 0.482314 0.804914 0.804268 0.804244 0.769098 0.881303 0.804986  0.24517 0.804914
8.23756e-07 8.35844e-07 1.32029e-06 8.54802e-07   0.0493668 1.61498e-06   0.0171544 9.29855e-07  7.7452e-07 1.25752e-06 1.01605e-06   0.0174579 1.55331e-06   0.0171544 7.69809e-08 7.69809e-08 7.69809e-08 2.84639e-07    0.048387 8.61275e-07   0.0171904 1.32029e-06 1.25752e-06 5.61771e-07 7.61645e-07   0.0497242  1.3414e-06 0.000291537 2.06719e-07 1.01605e-06 2.84639e-07 7.61645e-07   0.0483446 9.93058e-07   0.0171543   0.0493668   0.0521634    0.048387   0.0497242   0.0483446   0.0483445   0.0701399 1.61498e-06 1.55331e-06 8.61275e-07  1.3414e-06 9.93058e-07   0.0483445   0.0171543   0.0171544   0.0171544   0.0171904    0.076449   0.0171543   0.0701377   0.0171543
