8	12	12	1
 5  0  0  1  2  3  0  7  0  0  0  0
 0  0  0  1  2  0  0  0  4  0  0  0
 5  0  0  1  2  3  6  0  0  0  0  0
 0  0  0  1  2  0  6  0  4  0  0 12
 0  0 10  1  0  3  0  7  0  9  0  0
 0  0  0  1  0  0  0  0  4  9  0  0
 0  8  0  1  0  3  0  0  0  0 11  0
 0  8  0  1  0  0  0  0  4  0  0  0
0.1	0.8	0.6	0.4	0.5	0.3	0.2	0.6	0.6	0.2	0.1	0.8	
0.518	0.184	0.475	0.767	0.617	0.164	0.179	0.128	
------target--------
8
------result--------
7	
------details--------
0.829591 0.829752 0.829791 0.829263 0.829315 0.829719 0.899991 0.904619
0.830672 0.830941  0.83082 0.830493 0.830503 0.830899 0.152713 0.504737
8.22521e-07 5.04688e-07 3.17354e-07  1.3396e-06 1.24886e-06 6.01802e-07    0.121368   0.0705553
------result2--------
7	8	
------details2--------
 0.829456  0.829494  0.828962         0  0.829422  0.899942  0.904603  0.829456  0.829655         0  0.829173         0  0.904487         0  0.829494  0.829655         0  0.829216  0.829622  0.900017  0.904682  0.828962  0.829263  0.829263  0.828675   0.82923  0.903967    0.9041  0.829315  0.829173  0.829216  0.828675  0.829173  0.899821  0.904634  0.829422  0.829719  0.829622   0.82923         0  0.904475  0.904607  0.899942  0.904487  0.900017  0.903967  0.899821  0.904475  0.904487  0.904603  0.904619  0.904682    0.9041  0.904634  0.904607         0
 0.830647  0.830529  0.830198  0.829591  0.830607  0.153229  0.504532  0.830537  0.830689  0.829752  0.830371  0.829752  0.145823  0.829752  0.830577  0.830848  0.829791  0.830408  0.830806  0.153259  0.505392  0.830052         0         0  0.829884  0.830244  0.147875         0         0  0.830389   0.83026  0.829925  0.830389   0.15431  0.509139  0.830506         0  0.830658  0.830331  0.829719   0.14604         0  0.900121  0.866423  0.899744  0.896174  0.900174  0.873918  0.866423  0.904661         0  0.904019  0.905268  0.904604  0.904974  0.904619
 0.830537  0.830577  0.830052         0  0.830506  0.900121  0.904661  0.830647  0.830848         0  0.830389         0  0.866423         0  0.830529  0.830689         0   0.83026  0.830658  0.899744  0.904019  0.830198  0.830364  0.830419  0.829925  0.830331  0.896174  0.905268  0.830281  0.830371  0.830408  0.829884  0.830345  0.900174  0.904604  0.830607   0.83073  0.830806  0.830244  0.830389  0.873918  0.904974  0.153229  0.145823  0.153259  0.147875   0.15431   0.14604  0.912177  0.504532         0  0.505392         0  0.509139         0  0.866423
 0.831731  0.831608  0.831282  0.830672  0.831691  0.151321  0.505287  0.831731  0.831898  0.830941  0.831572  0.830941  0.245469  0.830941  0.831608  0.831898   0.83082  0.831441  0.831851  0.147261  0.498113  0.831282  0.830941   0.83082  0.831115  0.830982  0.157928  0.645577  0.830672  0.831572  0.831441  0.831115  0.831276  0.150964  0.499806  0.831691  0.830941  0.831851  0.830982  0.831276  0.213589  0.814045  0.151321  0.245469  0.147261  0.157928  0.150964  0.213589 0.0199398  0.505287  0.830941  0.498113  0.645577  0.499806  0.814045 0.0199398
1.32964e-06 1.14329e-06 2.17164e-06 8.22521e-07 1.43011e-06    0.121368   0.0705553 1.32964e-06  8.2656e-07 5.04688e-07  1.7706e-06 5.04688e-07    0.122276 5.04688e-07 1.14329e-06  8.2656e-07 3.17354e-07 1.57245e-06 9.24546e-07    0.121369   0.0705571 2.17164e-06 1.44399e-06 1.38293e-06 2.61229e-06 1.53904e-06    0.121453    0.105093 1.31287e-06  1.7706e-06 1.57245e-06 2.61229e-06 1.73775e-06    0.121369   0.0705634 1.43011e-06 6.05421e-07 9.24546e-07 1.53904e-06  6.9915e-07    0.122058     0.14443    0.121368    0.122276    0.121369    0.121453    0.121369    0.122058    0.150203   0.0705553    0.148504   0.0705571    0.105093   0.0705634     0.14443    0.150198
