8	12	12	1
 2  1  3  0  4  0  0  0  0  0  0  0
 0  1  3  0  4  0  5  0  0  0  0 10
 2  1  0  0  4  0  0  0  9  0  0  0
 0  1  0  0  4  0  5  0  0  0  0 10
 2  1  3  7  0  0  0  6  0 12  0  0
 0  1  3  0  0  8  5  6  0  0 11  0
 2  1  0  7  0  0  0  6  9  0  0  0
 0  1  0  0  0  8  5  6  0  0  0  0
1	0.7	0.9	1	0.6	1	1	1	0.2	0.5	0.4	0.5	
0.635	0.75	0.062	0.541	0.492	0.752	0.038	0.86	
------target--------
3
------result--------
7	
------details--------
0.914457 0.914248 0.924652 0.914248 0.914422 0.914032 0.921731 0.914142
0.914681 0.914703 0.897125 0.914703 0.914981 0.914791 0.444214 0.914841
7.39257e-08 3.07945e-07  0.00110263 3.07945e-07 3.26154e-07 8.20777e-07   0.0111797 7.68415e-07
------result2--------
1	7	
------details2--------
       0        0        0 0.914341  0.91395 0.924652 0.914061 0.914248 0.924386        0 0.914131 0.913736 0.924386 0.913849 0.924652 0.924386 0.924386 0.924601 0.924342        0 0.924362 0.914248        0 0.924386 0.914131 0.913736 0.924386 0.913849 0.914341 0.914131 0.924601 0.914131 0.913915 0.921655 0.914026  0.91395 0.913736 0.924342 0.913736 0.913915 0.921342 0.914032 0.924652 0.924386        0 0.924386 0.921655 0.921342 0.921397 0.914061 0.913849 0.924362 0.913849 0.914026        0 0.921397
0.914457 0.914457 0.914457 0.914902 0.914711 0.368645 0.914761        0 0.373224 0.914248 0.914696 0.914502 0.373224 0.914553        0 0.925004 0.925004 0.924851 0.924808 0.924652 0.924875        0 0.914248 0.373224 0.914696 0.914502 0.373224 0.914553 0.914568  0.91459 0.896971  0.91459 0.914677 0.444369 0.914727 0.914179   0.9142 0.896522   0.9142 0.914482 0.444749        0 0.916488 0.920203 0.921731 0.920203 0.922025 0.921927 0.921989 0.914289  0.91431   0.8967  0.91431  0.91459 0.914142 0.444578
       0        0        0 0.914568 0.914179 0.916488 0.914289 0.914732 0.925004        0  0.91459   0.9142 0.920203  0.91431 0.368645 0.373224 0.373224 0.896971 0.896522 0.916488   0.8967 0.914732        0 0.925004  0.91459   0.9142 0.920203  0.91431 0.914902 0.914696 0.924851 0.914696 0.914482 0.922025  0.91459 0.914711 0.914502 0.924808 0.914502 0.914677 0.921927  0.91451 0.368645 0.373224        0 0.373224 0.444369 0.444749 0.444578 0.914761 0.914553 0.924875 0.914553 0.914727        0 0.921989
0.914681 0.914681 0.914681 0.915127 0.914937 0.718857 0.914988 0.914681 0.906916 0.914703  0.91515  0.91496 0.501711  0.91501 0.914681 0.906916 0.906916 0.897731 0.897433 0.444214 0.897458 0.914681 0.914703 0.906916  0.91515  0.91496 0.501711  0.91501 0.915127  0.91515 0.897731  0.91515 0.915238 0.443596 0.915288 0.914937  0.91496 0.897433  0.91496 0.915238 0.443937 0.914841 0.718857 0.501711 0.444214 0.501711 0.443596 0.443937 0.443928 0.914988  0.91501 0.897458  0.91501 0.915288 0.914841 0.443928
7.39257e-08 7.39257e-08 7.39257e-08 4.01183e-07 8.96862e-07   0.0119242 8.43991e-07  3.1052e-07  0.00672529 3.07945e-07 6.37437e-07 1.13495e-06   0.0113327 1.08087e-06   0.0113899  0.00672529  0.00672529  0.00110286  0.00110322   0.0112834  0.00110321  3.1052e-07 3.07945e-07  0.00672529 6.37437e-07 1.13495e-06   0.0113327 1.08087e-06 4.01183e-07 6.37437e-07  0.00110286 6.37437e-07 1.15144e-06   0.0111799 1.09784e-06 8.96862e-07 1.13495e-06  0.00110322 1.13495e-06 1.15144e-06   0.0111803 8.81237e-07   0.0119242   0.0113327   0.0111797   0.0113327   0.0111799   0.0111803   0.0111803 8.43991e-07 1.08087e-06  0.00110321 1.08087e-06 1.09784e-06 7.68415e-07   0.0111803
