8	12	12	1
 0  0  7  1  0  5  0  0  0  0  0  0
 8  0  0  1  0  0  0  0  9  0  0  3
 0  0  7  1  0  0  0  2  0  0  0  0
 8 12  0  1  0  0  6  2  0  0  0  3
 0  0  0  1  4  5  0  0  0  0  0  0
 0  0  0  1  4  0  0  0  0  0  0  3
 0  0  0  1  0  0  0  2  0  0 11  0
 0  0  0  1  0  0  6  2  0 10  0  3
0.9	0.6	0.6	0.6	0.7	0.6	0.3	0.1	0.4	1	0.2	0.5	
0.138	0.546	0.043	0.355	0.969	0.293	0.827	0.249	
------target--------
1
------result--------
3	
------details--------
0.871685 0.818285 0.859671 0.818297 0.817867 0.818275 0.818331 0.818293
0.745532 0.819397 0.273555 0.819424 0.819057  0.81941 0.819433 0.819445
  0.0129086 6.36757e-07   0.0553775 6.18817e-07 1.18907e-06 6.78302e-07  5.1824e-07 6.46218e-07
------result2--------
1	3	
------details2--------
0.871687        0 0.871644 0.870577 0.870577 0.871744   0.8716 0.871687  0.85959 0.818086 0.817653 0.818064 0.818119 0.818082        0  0.85959 0.859568 0.870577 0.857913 0.859643 0.859539 0.871644 0.818086 0.859568 0.817666 0.818076 0.818132 0.818094        0 0.817653 0.870577 0.817666 0.817867 0.817699 0.817662 0.870577 0.818064 0.857913 0.818076        0  0.81811 0.818072 0.871744 0.818119 0.859643 0.818132 0.817699  0.81811 0.818128   0.8716 0.818082 0.859539 0.818094 0.817662 0.818072 0.818128
0.871677 0.871685 0.871876 0.874999 0.874999 0.871353 0.872086 0.745341 0.273615 0.819218 0.818849 0.819203 0.819229 0.819237 0.859671 0.860016  0.86015 0.850149 0.867052 0.859829  0.86029 0.745353 0.819202 0.273608 0.818861 0.819214  0.81924 0.819249 0.817867 0.818776 0.235713 0.818802        0 0.818815 0.818821 0.757491 0.819179 0.280576 0.819206 0.818275 0.819217 0.819226 0.745378 0.819237 0.273593 0.819263 0.818895 0.819248 0.819283  0.74535 0.819197 0.273598 0.819224 0.818856  0.81921 0.819234
0.745341 0.839895 0.745353 0.235713 0.757491 0.745378  0.74535 0.871677 0.860016 0.819202 0.818776 0.819179 0.819237 0.819197        0 0.273615 0.273608 0.235713 0.280576 0.273593 0.273598 0.871876 0.819218  0.86015 0.818802 0.819206 0.819263 0.819224 0.874999 0.818849 0.850149 0.818861 0.818853 0.818895 0.818856 0.874999 0.819203 0.867052 0.819214        0 0.819248  0.81921 0.871353 0.819229 0.859829  0.81924 0.818815 0.819217 0.819234 0.872086 0.819237  0.86029 0.819249 0.818821 0.819226 0.819283
0.746368 0.273555 0.746384 0.797847  0.65404  0.74643 0.746397 0.746368 0.273293  0.82033 0.819965 0.820316 0.820341 0.820351 0.273555 0.273293 0.273305 0.321434 0.247463 0.273333 0.273351 0.746384  0.82033 0.273305 0.819992 0.820343 0.820368 0.820377 0.797847 0.819965 0.321434 0.819992  0.81941 0.820004 0.820012  0.65404 0.820316 0.247463 0.820343  0.81941 0.820352 0.820363  0.74643 0.820341 0.273333 0.820368 0.820004 0.820352 0.820387 0.746397 0.820351 0.273351 0.820377 0.820012 0.820363 0.820387
  0.0129088   0.0562808   0.0129088   0.0381496   0.0140655   0.0129088   0.0129088   0.0129088   0.0553776 1.25977e-06 1.83459e-06 1.31865e-06 1.16094e-06 1.28622e-06   0.0553775   0.0553776   0.0553777   0.0560979   0.0554609   0.0553775   0.0553778   0.0129088 1.25977e-06   0.0553777 1.81486e-06 1.30009e-06 1.14138e-06 1.26775e-06  0.00224357 1.83459e-06   0.0560979 1.81486e-06 1.31761e-06 1.71643e-06  1.8409e-06   0.0140655 1.31865e-06   0.0554609 1.30009e-06 6.78302e-07 1.20008e-06 1.32703e-06   0.0129088 1.16094e-06   0.0553775 1.14138e-06 1.71643e-06 1.20008e-06  1.1676e-06   0.0129088 1.28622e-06   0.0553778 1.26775e-06  1.8409e-06 1.32703e-06  1.1676e-06
