8	12	12	1
 1  9  0  0  0  0  0  0  0  2  0  8
 1  0  0  0  0  0  0  0  5  2  0  0
 1  0  0  0  0  7  0  0  0  0  0  8
 1  0  0  0  6  7  0  0  5  0  0  0
 1  0 10  0  0  0  0  4  0  2  3  0
 1  0  0  0  0  0  0  0  0  2  3  0
 1  0  0 12  0  0  0  4  0  0  3  0
 1  0  0  0  6  0 11  0  0  0  3  0
0.7	0.1	0.8	0.9	0.3	0.3	0.8	0.7	0.7	0.4	0.9	0.8	
0.509	0.734	0.136	0.541	0.494	0.204	0.911	0.848	
------target--------
3
------result--------
1	
------details--------
0.901278 0.821881 0.904433 0.821766 0.821832 0.822147 0.821541 0.821628
0.299716 0.823081 0.438902 0.823005 0.823095 0.823256 0.822926 0.822966
   0.107698 1.18439e-06    0.087255 1.31173e-06 1.33177e-06 6.62514e-07 1.58254e-06 1.51695e-06
------result2--------
1	3	
------details2--------
 0.899521  0.904084  0.903048  0.901108  0.901175  0.901023  0.901069  0.899521    0.9034         0  0.821345  0.821663  0.821051  0.821139         0    0.9034    0.9034  0.904303  0.904342  0.904242  0.904284  0.903048  0.821766         0  0.821228  0.821547  0.820934  0.821021  0.901108  0.821345  0.904303  0.821228  0.821832  0.821229  0.821315  0.901175  0.821663  0.904342  0.821547         0         0         0  0.901023  0.821051  0.904242  0.820934  0.821229  0.821541  0.821028  0.901069  0.821139  0.904284  0.821021  0.821315  0.821628  0.821028
 0.903896  0.875186  0.899392  0.901512  0.901701  0.901452  0.901449  0.304442  0.519499  0.821881  0.822614  0.822775  0.822444  0.822485  0.904433  0.905813  0.905813  0.904612   0.90481  0.904563  0.904555  0.297832         0  0.821766    0.8225  0.822661  0.822329   0.82237  0.300604  0.822551  0.438865  0.822475         0  0.822446  0.822488  0.299861  0.822865  0.438781  0.822789  0.822147  0.822147  0.822147  0.301175  0.822261  0.438882  0.822185  0.822342         0  0.822193  0.301158  0.822348  0.438948  0.822272   0.82243         0  0.822239
 0.304442   0.91142  0.297832  0.300604  0.299861  0.301175  0.301158  0.903896  0.905813         0  0.822551  0.822865  0.822261  0.822348  0.875186  0.519499         0  0.438865  0.438781  0.438882  0.438948  0.899392  0.822625  0.905813  0.822475  0.822789  0.822185  0.822272  0.901512  0.822614  0.904612    0.8225  0.822956  0.822342   0.82243  0.901701  0.822775   0.90481  0.822661         0         0         0  0.901452  0.822444  0.904563  0.822329  0.822446  0.822764  0.822239  0.901449  0.822485  0.904555   0.82237  0.822488  0.822806  0.822193
 0.292783 0.0386165   0.30184  0.298475  0.299111  0.298701  0.298514  0.292783  0.231543  0.823081  0.823816  0.823976  0.823647  0.823687 0.0386165  0.231543  0.597428  0.438952    0.4394  0.438915  0.438863   0.30184  0.823081  0.597428  0.823741    0.8239  0.823571  0.823612  0.298475  0.823816  0.438952  0.823741  0.823256  0.823374   0.82338  0.299111  0.823976    0.4394    0.8239  0.823256  0.823256  0.823256  0.298701  0.823647  0.438915  0.823571  0.823374  0.823256  0.823339  0.298514  0.823687  0.438863  0.823612   0.82338  0.823256  0.823339
    0.10773    0.161359    0.107715    0.107698    0.107698    0.107698    0.107698     0.10773   0.0935398 1.18439e-06 2.52577e-06 1.85061e-06 2.77852e-06 2.71285e-06    0.161347   0.0935398    0.120841   0.0872551   0.0872552   0.0872552   0.0872551    0.107715 1.35939e-06   0.0277364 2.65567e-06 1.97875e-06 2.90901e-06  2.8434e-06    0.107698 2.52577e-06   0.0872551 2.65567e-06 1.36413e-06 2.36746e-06 2.27602e-06    0.107698 1.85061e-06   0.0872552 1.97875e-06 6.62514e-07 6.62514e-07 6.62514e-07    0.107698 2.77852e-06   0.0872552 2.90901e-06 2.36746e-06 1.69135e-06 2.62359e-06    0.107698 2.71285e-06   0.0872551  2.8434e-06 2.27602e-06 1.60432e-06 2.62359e-06
