8	12	12	1
 4  0  0  1  0  0  6  0  0  2  0 12
 0  0  0  1  5  0  0  0  7  0 11  0
 4  0  0  0  0  0  0  0  0  2  0  0
 0  0  3  0  5  0  0  0  0  0  0  0
 0  8  0  1  0  9  6  0  0  2  0  0
 0  0  0  1  0  0  0 10  7  0  0  0
 0  8  0  0  0  0  0  0  0  2  0  0
 0  0  3  0  0  0  0  0  0  0  0  0
0.3	0.6	0.6	0.6	0.8	0.9	0.2	0.8	1	0.1	0.1	1	
0.907	0.366	0.914	0.085	0.141	0.837	0.11	0.303	
------target--------
4
------result--------
2	
------details--------
0.883713 0.933031 0.884042 0.937048 0.884112 0.883862 0.884181 0.884122
0.884556 0.360764 0.884763 0.674944 0.884869 0.884679 0.884914 0.884783
8.29844e-07   0.0778886 4.78597e-07     0.04368 3.52685e-07  8.0481e-07 1.45854e-07  2.7806e-07
------result2--------
4	8	
------details2--------
 0.932955  0.883713  0.937064  0.883599  0.883345  0.883668  0.883609  0.932955  0.933045  0.936877  0.933001  0.932933  0.933022  0.936877         0  0.933045  0.937104  0.883929  0.883677  0.883999   0.88394  0.937064         0  0.937104  0.937035  0.937005  0.937047  0.937048  0.883599  0.933001  0.883929  0.937035  0.883749  0.884112   0.88401  0.883345  0.932933  0.883677  0.937005  0.883749  0.883818  0.883759  0.883668  0.933022  0.883999  0.937047         0  0.883818  0.884079  0.883609  0.936877   0.88394         0   0.88401  0.883759  0.884079
 0.364271         0  0.675078  0.884362   0.88417  0.884408  0.884276   0.93308  0.932989  0.912452  0.933204  0.933154  0.933172  0.912452  0.884042  0.362657  0.675061   0.88469  0.884499  0.884735  0.884604  0.937039  0.937048  0.936884  0.937125  0.937103  0.937077         0  0.884445  0.361195  0.884653  0.674949  0.884568         0  0.884673  0.884196  0.362214  0.884406  0.674958  0.884511  0.884556  0.884425  0.884513  0.360966   0.88472  0.674951  0.884181  0.884636   0.88474  0.884455  0.346111  0.884662  0.884122  0.884769  0.884578  0.884813
  0.93308  0.884409  0.937039  0.884445  0.884196  0.884513  0.884455  0.364271  0.362657  0.941815  0.361195  0.362214  0.360966  0.346111         0  0.932989  0.936884  0.884653  0.884406   0.88472  0.884662  0.675078  0.912452  0.675061  0.674949  0.674958  0.674951         0  0.884362  0.933204   0.88469  0.937125  0.884511   0.88484  0.884769   0.88417  0.933154  0.884499  0.937103  0.884568  0.884636  0.884578  0.884408  0.933172  0.884735  0.937077         0  0.884556  0.884813  0.884276  0.912452  0.884604         0  0.884673  0.884425   0.88474
 0.358424  0.884763  0.674856  0.885205  0.885014  0.885249   0.88512  0.358424  0.354973 0.0802068  0.358227  0.358902  0.357479   0.47471  0.884763  0.354973  0.674593  0.885411  0.885222  0.885455  0.885327  0.674856 0.0802068  0.674593  0.674918  0.674927  0.674844  0.884783  0.885205  0.358227  0.885411  0.674918  0.885327  0.884914  0.885431  0.885014  0.358902  0.885222  0.674927  0.885327  0.885372  0.885242  0.885249  0.357479  0.885455  0.674844  0.884914  0.885372  0.885476   0.88512   0.47471  0.885327  0.884783  0.885431  0.885242  0.885476
  0.0778902 9.20077e-07     0.04368 1.18624e-06 1.64315e-06 9.77387e-07 1.11162e-06   0.0778902   0.0778907    0.111969   0.0778889   0.0778892   0.0778888   0.0787287 4.78597e-07   0.0778907     0.04368 8.33972e-07 1.28959e-06 6.25693e-07   7.594e-07     0.04368    0.111963     0.04368     0.04368     0.04368     0.04368    0.115846 1.18624e-06   0.0778889 8.33972e-07     0.04368 1.16058e-06 3.53632e-07 6.32072e-07 1.64315e-06   0.0778892 1.28959e-06     0.04368 1.16058e-06 9.52048e-07  1.0859e-06 9.77387e-07   0.0778888 6.25693e-07     0.04368 1.45854e-07 9.52048e-07 4.24513e-07 1.11162e-06   0.0787287   7.594e-07  2.7806e-07 6.32072e-07  1.0859e-06 4.24513e-07
