8	12	12	1
 0  1  3  0  0  0  0  8 12  0  0  0
 0  0  0  0  0  0  7  0  0  0  0  0
 2  1  3  4  0  0  0  0  0  0  0  0
 2  0  0  0  0  0  0  0  0  0  0  9
 0  1  0  0  0  6  0  8  0 10  0  0
 0  0  0  0  5  0  7  0  0  0 11  0
 0  1  0  4  0  6  0  0  0  0  0  0
 0  0  0  0  5  0  0  0  0  0  0  9
0.7	0.5	0.1	0.6	0.8	1	0.2	1	0.7	1	1	0.6	
0.427	0.988	0.291	0.214	0.042	0.162	0.112	0.413	
------target--------
7
------result--------
5	
------details--------
0.848724 0.848784 0.848786 0.848665 0.915919 0.848698 0.921565 0.848665
0.849699 0.849721 0.849884 0.849641 0.261563 0.849657 0.587314 0.849641
6.61254e-07 5.02402e-07 5.99847e-07  7.7003e-07    0.106623 6.96308e-07   0.0620687  7.7003e-07
------result2--------
7	3	
------details2--------
 0.848555  0.848559  0.848436  0.915868  0.848469  0.921551  0.848436  0.848555  0.848618  0.848495  0.915955         0  0.921643  0.848495  0.848559  0.848618  0.848499  0.921016  0.848532         0  0.848499  0.848436  0.848495  0.848499  0.915873  0.848409  0.921569         0  0.915868  0.915955  0.921016  0.915873  0.915929  0.921016  0.915873  0.848469  0.848698  0.848532  0.848409  0.915929   0.92163  0.848409  0.921551  0.921643  0.921565  0.921569         0   0.92163  0.921569  0.848436  0.848495  0.848499         0  0.915873  0.848409  0.921569
 0.849498  0.849659  0.849416  0.261585  0.849433  0.587359  0.849416  0.849534  0.849718  0.849476  0.261589  0.848784  0.587486  0.849476  0.849535  0.849557  0.849477  0.249373  0.849494  0.848786  0.849477  0.849415   0.84944    0.8496  0.261595  0.849375  0.587404  0.848665  0.916087  0.915753  0.888144  0.916029  0.915889  0.888144  0.916029  0.849449         0  0.849633  0.849391  0.261594  0.587494  0.849391  0.921613  0.921209         0  0.921555  0.921565  0.921385  0.921555  0.849415   0.84944    0.8496  0.848665  0.261595  0.849375  0.587404
 0.849534  0.849535  0.849415  0.916087  0.849449  0.921613  0.849415  0.849498  0.849557   0.84944  0.915753         0  0.921209   0.84944  0.849659  0.849718    0.8496  0.888144  0.849633         0    0.8496  0.849416  0.849476  0.849477  0.916029  0.849391  0.921555         0  0.261585  0.261589  0.249373  0.261595  0.261594  0.938733  0.261595  0.849433  0.849524  0.849494  0.849375  0.915889  0.921385  0.849375  0.587359  0.587486         0  0.587404  0.888144  0.587494  0.587404  0.849416  0.849476  0.849477         0  0.916029  0.849391  0.921555
 0.850472  0.850636  0.850392  0.261492  0.850409  0.587162  0.850392  0.850472  0.850665  0.850415  0.261445  0.849721  0.586505  0.850415  0.850636  0.850665  0.850579  0.363354  0.850599  0.849884  0.850579  0.850392  0.850415  0.850579  0.261486  0.850351  0.587094  0.849641  0.261492  0.261445  0.363354  0.261486  0.261477 0.0509462  0.261486  0.850409  0.849721  0.850599  0.850351  0.261477  0.586802  0.850351  0.587162  0.586505  0.849884  0.587094 0.0509462  0.586802  0.587094  0.850392  0.850415  0.850579  0.849641  0.261486  0.850351  0.587094
1.16852e-06 1.26442e-06 1.43636e-06    0.106623 1.36332e-06   0.0620687 1.43636e-06 1.16852e-06 1.10638e-06 1.27889e-06    0.106623 5.02402e-07   0.0620689 1.27889e-06 1.26442e-06 1.10638e-06  1.3741e-06      0.1077 1.30101e-06 5.99847e-07  1.3741e-06 1.43636e-06 1.27889e-06  1.3741e-06    0.106623  1.4739e-06   0.0620687  7.7003e-07    0.106623    0.106623      0.1077    0.106623    0.106623    0.144897    0.106623 1.36332e-06 7.04987e-07 1.30101e-06  1.4739e-06    0.106623   0.0620688  1.4739e-06   0.0620687   0.0620689    0.145831   0.0620687    0.144842   0.0620688   0.0620687 1.43636e-06 1.27889e-06  1.3741e-06  7.7003e-07    0.106623  1.4739e-06   0.0620687
