8	12	12	1
 1  0  0  0  0 12  0  0  0  8  9  0
 1  0  0  0  5  0  0  0  0  8  0  4
 1  0  0  3  0  0  0  7  0  0  9  0
 1 10  0  3  0  0  0  0  0  0  0  4
 0  0  2  0  0  0  0  0  0  0  0  0
 0  0  2  0  5  0  0  0 11  0  0  4
 0  0  2  3  0  0  6  7  0  0  0  0
 0 10  2  3  0  0  6  0  0  0  0  4
0.3	0.6	1	0.3	0.5	0.7	0.1	1	0.1	0.6	0.1	0.9	
0.695	0.284	0.176	0.977	0.94	0.564	0.124	0.556	
------target--------
7
------result--------
3	
------details--------
0.835539 0.836454 0.881885 0.836134 0.835499  0.83545 0.911737 0.834865
0.837897 0.837364 0.213033 0.837031 0.837279 0.837253 0.796122 0.836929
5.03543e-06 4.06861e-07   0.0716335  7.3547e-07 2.73276e-06 2.74431e-06   0.0120869 2.09064e-06
------result2--------
3	7	
------details2--------
0.835539  0.88165 0.835094 0.834068 0.834012 0.911703 0.833399        0 0.881781 0.835986 0.835358 0.835308 0.911722 0.834721        0 0.881781  0.87825 0.911631 0.911546 0.911631 0.911352 0.835094 0.835986  0.87825 0.834865 0.834814 0.911459        0 0.834068 0.835358 0.911631 0.834865        0        0        0 0.834012 0.835308 0.911546 0.834814  0.83545 0.911652 0.834814 0.911703 0.911722        0 0.911459 0.911737 0.911652 0.911459 0.833399 0.834721 0.911352        0 0.834865 0.834814 0.911459
       0        0 0.835948 0.836442   0.8364 0.794877 0.835941 0.836454 0.214145 0.836888  0.83713 0.837104 0.796003 0.836783 0.881885 0.882431 0.885286 0.864489 0.865899 0.864489 0.876501 0.837393 0.836907 0.226928 0.836765 0.836741 0.803182 0.836134 0.837235 0.836239 0.146602 0.835957 0.835499 0.835499 0.835499  0.83719  0.83619 0.147271 0.835908        0        0 0.835908 0.911778 0.911815 0.911737 0.911937        0 0.913318 0.911937 0.836619 0.835609 0.148704 0.834865        0 0.835799        0
0.838189 0.882183 0.837393 0.837235  0.83719 0.911778 0.836619        0 0.882431 0.836907 0.836239  0.83619 0.911815 0.835609        0 0.214145 0.226928 0.146602 0.147271 0.917699 0.148704 0.835948 0.836888 0.885286 0.835957 0.835908 0.911937        0 0.836442  0.83713 0.864489 0.836765        0        0        0   0.8364 0.837104 0.865899 0.836741 0.836417 0.913318 0.835799 0.794877 0.796003 0.864489 0.803182        0        0        0 0.835941 0.836783 0.876501 0.836765 0.835957 0.835908 0.911937
0.837364 0.370594 0.838371  0.83831 0.838303 0.797657 0.838144 0.837364  0.20707 0.837796 0.838069 0.838041 0.796752 0.837706 0.370594  0.20707 0.201191 0.298109 0.288152 0.143592 0.233026 0.838371 0.837796 0.201191 0.837837 0.837802 0.788605 0.837031  0.83831 0.838069 0.298109 0.837837 0.837279 0.837279 0.837279 0.838303 0.838041 0.288152 0.837802 0.837279 0.835065 0.837272 0.797657 0.796752 0.143592 0.788605 0.837279 0.835065 0.812948 0.838144 0.837706 0.233026 0.837031 0.837279 0.837272 0.812948
5.29316e-06   0.0810431 5.79579e-06 8.14365e-06 8.13984e-06   0.0120907 7.27875e-06 4.06861e-07   0.0716351 1.14582e-06 3.14547e-06 3.15759e-06    0.012087 2.50361e-06   0.0810428   0.0716351    0.071722    0.075174   0.0748449   0.0820216   0.0726676 5.79579e-06 1.14582e-06    0.071722 3.78553e-06 3.78594e-06   0.0121932  7.3547e-07 8.14365e-06 3.14547e-06    0.075174 3.78553e-06 2.73276e-06 2.73276e-06 2.73276e-06 8.13984e-06 3.15759e-06   0.0748449 3.78594e-06 2.79566e-06   0.0633311  3.1935e-06   0.0120907    0.012087   0.0820202   0.0121932   0.0662945   0.0633311   0.0340448 7.27875e-06 2.50361e-06   0.0726676 2.14215e-06 3.13567e-06  3.1935e-06   0.0340448
