8	12	12	1
 0  0  0  7  0  0  0  8  0  0  0  3
 4  0  0  0  0  0  0  0  0  0  0  3
 0  0  0  7  1  0  0  0  0  0  0  0
 0  0  0  0  1  0  0  0  0  0  0  0
 0  0  5  0  0  9  2  0  0  0  0  3
 4  0  5  0  0  0  2  0  6  0 11  3
 0  0  0  0  1  0  2  0  0 10  0  0
 0 12  0  0  1  0  2  0  6  0  0  0
0.8	0.9	0.6	0.4	0.5	0.4	1	0.9	0.7	0.7	0.5	0.3	
0.044	0.632	0.126	0.149	0.261	0.495	0.895	0.276	
------target--------
3
------result--------
1	
------details--------
 0.86957 0.831638 0.872302 0.832029 0.831983 0.831462  0.83157 0.831846
0.354254 0.832783  0.55158 0.832651 0.833012 0.832689  0.83265 0.832802
   0.046247 1.11353e-06   0.0322302 1.05423e-07 3.25977e-07 1.34671e-06 1.04036e-06 6.08009e-07
------result2--------
3	4	
------details2--------
 0.869362  0.871655  0.871655  0.869558  0.869349  0.871295    0.8715  0.869362  0.872122  0.831585  0.831539         0  0.831121    0.8314         0  0.872122  0.872302  0.872299  0.872127  0.871941  0.872146  0.871655  0.831585         0  0.831932   0.83141         0         0  0.869558  0.831539  0.872299  0.831932  0.831363   0.83147  0.831747  0.869349  0.831462  0.872127   0.83141  0.831363  0.830943  0.831223  0.871295  0.831121  0.871941   0.83157   0.83147  0.830943  0.831388    0.8715    0.8314  0.872146  0.831846  0.831747  0.831223  0.831388
   0.8699   0.84723   0.84723  0.869688  0.869788  0.867663  0.863731  0.353812  0.551125  0.832212  0.832574  0.831638  0.832208  0.832361  0.872302  0.872586         0   0.87233  0.872473  0.872788   0.87302  0.343721  0.832731  0.832029  0.832962  0.832638  0.832029  0.832029  0.354073  0.832686  0.551431  0.832555  0.832592  0.832553  0.832705  0.353468         0  0.550846  0.832039  0.832402  0.832034  0.832188  0.344239  0.832274         0         0  0.832508   0.83218  0.832411  0.343923  0.832548         0         0   0.83278  0.832455  0.832463
 0.353812  0.892994  0.343721  0.354073  0.353468  0.344239  0.343923    0.8699  0.872586  0.832731  0.832686         0  0.832274  0.832548   0.84723  0.551125         0  0.551431  0.550846         0         0   0.84723  0.832212         0  0.832555  0.832039         0         0  0.869688  0.832574   0.87233  0.832962  0.832402  0.832508   0.83278  0.869788   0.83238  0.872473  0.832638  0.832592   0.83218  0.832455  0.867663  0.832208  0.872788   0.83265  0.832553  0.832034  0.832463  0.863731  0.832361   0.87302  0.832879  0.832705  0.832188  0.832411
 0.354965 0.0457469  0.538848  0.356021  0.355043   0.36628  0.390596  0.354965  0.552311  0.833356  0.833717  0.832783  0.833355  0.833507 0.0457469  0.552311  0.832651  0.553035  0.552316  0.684708  0.763644  0.538848  0.833356  0.832651  0.833583  0.833263  0.832651  0.832651  0.356021  0.833717  0.553035  0.833583  0.833625  0.833585  0.833736  0.355043  0.832783  0.552316  0.833263  0.833625  0.833262  0.833414   0.36628  0.833355  0.684708  0.832651  0.833585  0.833262  0.833042  0.390596  0.833507  0.763644  0.832651  0.833736  0.833414  0.833042
  0.0462473   0.0761131   0.0467243    0.046247   0.0462473   0.0462796   0.0463518   0.0462473   0.0322305 1.22035e-06 1.44272e-06 1.11353e-06 2.16317e-06 1.72683e-06    0.076058   0.0322305   0.0809659   0.0322303   0.0322305   0.0555226   0.0689537   0.0467243 1.22035e-06 1.05423e-07    4.32e-07 1.45409e-06 1.05423e-07 1.05423e-07    0.046247 1.44272e-06   0.0322303    4.32e-07 1.67732e-06 1.37038e-06 9.36195e-07   0.0462473 1.39896e-06   0.0322305 1.45409e-06 1.67732e-06  2.4001e-06 1.96202e-06   0.0462796 2.16317e-06   0.0555226 1.04036e-06 1.37038e-06  2.4001e-06 1.45273e-06   0.0463518 1.72683e-06   0.0689537  6.1823e-07 9.36195e-07 1.96202e-06 1.45273e-06
