8	12	12	1
 0  2  1  0  0  0  0  0  0  0  0  0
 0  2  1  0  0  0  4  0  0  0  0  0
 0  2  1  0  0  0  0  0  0  5  0  0
 0  2  1  0 12  0  4  6  0  5  0  0
 3  0  1  0  0  0  0  0  9  0  0  8
 3  0  1  0  0  0  4  0  0  0  7  8
 3  0  1 11  0  0  0  0  0  5  0  0
 3  0  1  0  0 10  4  6  0  5  7  0
0.4	1	0.1	0.3	0.8	0.9	0.2	0.1	0.5	0.8	0.8	0.8	
0.717	0.901	0.132	0.195	0.347	0.312	0.215	0.767	
------target--------
3
------result--------
7	
------details--------
0.824162 0.822992 0.914545 0.911764 0.825662 0.825261 0.884793 0.877068
 0.82746 0.827784 0.760897 0.786002 0.826492 0.827736 0.405222 0.774641
9.42014e-06 1.89753e-05   0.0214994   0.0131635 5.05069e-07 4.13665e-06   0.0660248   0.0092329
------result2--------
3	1	
------details2--------
       0        0        0 0.823984 0.822862 0.913726 0.906941 0.822992 0.913963        0 0.822705        0 0.913141        0 0.914545 0.913963        0 0.914742 0.914111        0        0 0.911764 0.911764 0.911764 0.911935  0.91193 0.910903  0.90444 0.823984 0.822705 0.914742 0.911935 0.825111 0.885102 0.877278 0.822862 0.822862 0.914111  0.91193        0 0.882169 0.877382 0.913726 0.913141 0.913726 0.910903 0.885102 0.882169 0.876272 0.906941 0.906941 0.906941  0.90444 0.877278 0.877382 0.876272
0.824162 0.824162 0.824162 0.824587 0.826905 0.327535 0.757117        0        0 0.822992 0.823654 0.822992 0.327035 0.822992        0 0.917413 0.914545 0.914076 0.915456 0.914545 0.914545        0        0        0 0.911371 0.911029  0.92517 0.922658 0.827168 0.827549  0.75952 0.785756 0.830794 0.404705 0.774618 0.827087 0.827087 0.768699 0.778395 0.825261 0.412698 0.761234 0.860786 0.867646 0.860786 0.871347 0.884078 0.892201  0.89465 0.855457 0.855457 0.855457 0.860355 0.876593 0.875717 0.889534
       0        0        0 0.827168 0.827087 0.860786 0.855457  0.82996 0.917413        0 0.827549 0.827087 0.867646 0.855457        0        0        0  0.75952 0.768699 0.860786 0.855457 0.641505 0.439056 0.922886 0.785756 0.778395 0.871347 0.860355 0.824587 0.823654 0.914076 0.911371 0.826156 0.884078 0.876593 0.826905  0.82357 0.915456 0.911029 0.830794 0.892201 0.875717 0.327535 0.327035 0.927398  0.92517 0.404705 0.412698 0.889534 0.757117 0.725324 0.922044 0.922658 0.774618 0.761234  0.89465
 0.82746  0.82746  0.82746 0.828125 0.828859 0.514423 0.793582  0.82746 0.815903 0.827784 0.828333 0.829314 0.480184 0.802576  0.82746 0.815903 0.760897  0.76404 0.733115 0.269443 0.665011  0.82746 0.827784 0.760897 0.786574 0.803818 0.309127 0.723863 0.828125 0.828333  0.76404 0.786574 0.826675 0.406454 0.774696 0.828859 0.829314 0.733115 0.803818 0.826675 0.385242 0.800932 0.514423 0.480184 0.269443 0.309127 0.406454 0.385242 0.248202 0.793582 0.802576 0.665011 0.723863 0.774696 0.800932 0.248202
9.42014e-06 9.42014e-06 9.42014e-06 9.90403e-06 1.61839e-05    0.071235   0.0112477 2.04834e-05   0.0818947 1.89753e-05 1.95068e-05 2.12582e-05   0.0696926  0.00152039   0.0948458   0.0818947   0.0214994   0.0215065    0.021838   0.0885558   0.0361717   0.0243337   0.0373961   0.0215635   0.0131639   0.0134421   0.0813015    0.022974 9.90403e-06 1.95068e-05   0.0215065   0.0131639 7.48225e-06   0.0660259  0.00923313 1.61839e-05 2.13596e-05    0.021838   0.0134421 7.13822e-06   0.0661476  0.00974562    0.071235   0.0696926   0.0885856   0.0813015   0.0660259   0.0661476   0.0868719   0.0112477   0.0127069   0.0363262    0.022974  0.00923313  0.00974562   0.0868719
