8	12	12	1
 0  0  0  4  0  0  0  0  1  2 10 11
 0  0  0  0  0  0  7  0  1  0  0 11
 0  0  0  0  0  6  0  0  1  2 10  0
 0  0  3  0  0  0  0  0  1  0  0  0
 0  9  0  4  5  0  0 12  0  2  0  0
 8  0  0  0  5  0  7  0  0  0  0  0
 0  9  0  0  0  6  0  0  0  2  0  0
 8  0  3  0  0  0  0  0  0  0  0  0
0.6	0.4	0.8	0.8	0.3	0.2	0.8	0.7	0.2	0.3	0.4	0.1	
0.133	0.158	0.027	0.26	0.97	0.209	0.72	0.861	
------target--------
1
------result--------
2	
------details--------
0.834928 0.834838 0.824332 0.824133 0.823632 0.823953 0.824044 0.823639
0.555629 0.455455 0.824496 0.825216 0.824848 0.824886 0.825114 0.824909
 0.00770842  0.00995265  9.5873e-10 6.11714e-07 1.24671e-06  7.2488e-07 7.79971e-07 1.38083e-06
------result2--------
2	3	
------details2--------
       0 0.834928 0.834766 0.834488 0.834686 0.834751  0.83444        0 0.834928 0.834676 0.834394 0.834594 0.834659 0.834348        0 0.834928 0.824131  0.82363 0.823952 0.824043 0.823637 0.834766 0.834676 0.824131 0.823428 0.823639 0.823842        0 0.834488 0.834394  0.82363 0.823428 0.823244 0.823632 0.822923 0.834686 0.834594 0.823952 0.823639 0.823244 0.823661        0 0.834751 0.834659 0.824043 0.823842        0 0.823661 0.823343  0.83444 0.834348 0.823637 0.823639 0.822923        0 0.823343
0.834928        0 0.835639  0.83525 0.835279 0.835405 0.835331 0.834838 0.826372 0.835551 0.835162 0.835192 0.835319 0.835243 0.824332 0.453797 0.825215 0.824846 0.824884 0.825113 0.824907  0.55544 0.455371 0.824298 0.824648 0.824752 0.824915 0.824133 0.554563 0.455216 0.823807 0.824519 0.824188        0  0.82421 0.555076 0.455325 0.824121 0.824978 0.824469 0.824737 0.823953 0.555178 0.455359 0.824213  0.82493 0.824044 0.824599 0.824622 0.554753 0.455197 0.823812        0 0.824156 0.823639 0.824426
0.826372 0.453797  0.55544 0.554563 0.555076 0.555178 0.554753        0 0.453797 0.455371 0.455216 0.455325 0.455359 0.455197        0 0.826372 0.824298 0.823807 0.824121 0.824213 0.823812 0.835639 0.835551 0.825215 0.824519 0.824978  0.82493        0  0.83525 0.835162 0.824846 0.824648 0.824469 0.824614 0.824156 0.835279 0.835192 0.824884 0.824752 0.824188 0.824599        0 0.835405 0.835319 0.825113 0.824915        0 0.824737 0.824426 0.835331 0.835243 0.824907 0.824752  0.82421 0.824978 0.824622
0.455455 0.824496 0.556478 0.556442 0.556457 0.556892  0.55638 0.455455 0.715122 0.455835 0.455639 0.455652 0.455726 0.455678 0.824496 0.715122 0.825382 0.825015 0.825052 0.825279 0.825076 0.556478 0.455835 0.825382 0.825735 0.825942    0.826 0.825216 0.556442 0.455639 0.825015 0.825735 0.825405 0.825114 0.825428 0.556457 0.455652 0.825052 0.825942 0.825405 0.825671 0.824886 0.556892 0.455726 0.825279    0.826 0.825114 0.825671 0.825695  0.55638 0.455678 0.825076 0.825216 0.825428 0.824886 0.825695
 0.00995531  0.00997323  0.00770883  0.00770898  0.00770875  0.00770876  0.00770915  0.00995265  0.00997971  0.00995306  0.00995316  0.00995296  0.00995296  0.00995336  9.5873e-10  0.00997971 6.12703e-07 1.24777e-06 7.25894e-07 7.80993e-07 1.38188e-06  0.00770883  0.00995306 6.12703e-07 1.86428e-06 1.58344e-06 1.39546e-06 6.11714e-07  0.00770898  0.00995316 1.24777e-06 1.86428e-06 1.98229e-06 1.37137e-06 2.64513e-06  0.00770875  0.00995296 7.25894e-07 1.58344e-06 1.98229e-06 1.51181e-06  7.2488e-07  0.00770876  0.00995296 7.80993e-07 1.39546e-06 7.79971e-07 1.51181e-06 2.17222e-06  0.00770915  0.00995336 1.38188e-06 1.47221e-06 2.64513e-06 1.38387e-06 2.17222e-06
