8	12	12	1
 0  0  0  0  0  2  6  0  0  0 11  0
 0  5  0  0  9  0  6  0  3  0  0  0
 0  0  0  0  0  2  0  0  0  4  0  0
 0  0  0  0  9  0  0  0  3  4  0  0
 0  0 12  1  0  2  0  0  0  0  0 10
 8  5  0  1  0  0  0  0  3  0  0  0
 0  0  0  1  0  2  0  7  0  4  0 10
 8  0  0  1  0  0  0  7  3  4  0  0
0.9	0.7	0.5	0.7	0.5	1	1	1	0.4	0.2	0.1	0.7	
0.611	0.085	0.309	0.113	0.429	0.181	0.889	0.39	
------target--------
4
------result--------
2	
------details--------
0.848143 0.890367 0.848177 0.891359 0.847623 0.847857 0.847722 0.847833
 0.84908 0.394485 0.848487  0.59381 0.848705 0.848868 0.848705 0.848784
1.85946e-07   0.0524409 2.25055e-08   0.0340318 1.13114e-06 8.86454e-07 9.38367e-07 8.30376e-07
------result2--------
2	3	
------details2--------
0.890394 0.848123 0.891391 0.847567 0.847802 0.847666 0.847778 0.890394 0.891359        0 0.889666 0.889986 0.890921   0.8911 0.848123 0.891359        0 0.847594 0.847833        0        0 0.891391        0 0.891359 0.890949   0.8911 0.890921   0.8911 0.847567 0.889666 0.847594 0.890949 0.847283 0.847594 0.847248 0.847802 0.889986 0.847833   0.8911 0.847283 0.847377        0 0.847666 0.890921 0.847722 0.890921        0 0.847377 0.847377 0.847778   0.8911 0.847833   0.8911 0.847248        0 0.847377
0.394477 0.848436  0.59398 0.848651 0.848814 0.848652 0.848731 0.889927 0.876238 0.890367 0.890986 0.891117 0.889776 0.889189 0.849061 0.390198 0.848177 0.848681 0.848844 0.848177 0.848177 0.890826 0.891359        0 0.891712  0.89186 0.891898  0.89186  0.84852 0.396984 0.847977 0.614362 0.848294 0.847977 0.848206 0.848746 0.395574 0.848176 0.602736 0.848365 0.848363 0.847857 0.848616 0.391525        0 0.391525 0.847722 0.848389 0.848389 0.848724 0.390757        0 0.390757 0.848337 0.847833 0.848395
0.889927 0.849061 0.890826  0.84852 0.848746 0.848616 0.848724 0.394477 0.390198        0 0.396984 0.395574 0.391525 0.390757 0.848436 0.876238        0 0.847977 0.848176        0        0  0.59398 0.876238 0.390198 0.614362 0.602736 0.391525 0.390757 0.848651 0.890986 0.848681 0.891712 0.848365 0.848387 0.848337 0.848814 0.891117 0.848844  0.89186 0.848294 0.848389        0 0.848652 0.889776 0.848739 0.891898 0.847977 0.848363 0.848395 0.848731 0.889189 0.848844  0.89186 0.848206 0.848176 0.848389
0.394632 0.849371 0.590917 0.849592 0.849753 0.849594 0.849673 0.394632 0.472497 0.394485 0.392261 0.392328 0.397765 0.400771 0.849371 0.472497 0.848487 0.849128  0.84927 0.848487 0.848487 0.590917 0.394485 0.848487 0.572696  0.57433 0.683905 0.712032 0.849592 0.392261 0.849128 0.572696 0.849374 0.848764 0.849318 0.849753 0.392328  0.84927  0.57433 0.849374 0.849392 0.848868 0.849594 0.397765 0.848487 0.683905 0.848764 0.849392 0.849121 0.849673 0.400771 0.848487 0.712032 0.849318 0.848868 0.849121
   0.052441 2.08933e-07    0.034032 1.32098e-06 1.07464e-06 1.12795e-06 1.01937e-06    0.052441   0.0525629   0.0524409   0.0524439   0.0524427   0.0524442   0.0524491 2.08933e-07   0.0525629 2.25055e-08  1.1711e-06  9.1822e-07 2.25055e-08 2.25055e-08    0.034032   0.0525044   0.0506835   0.0341629   0.0340845   0.0394753   0.0412585 1.32098e-06   0.0524439  1.1711e-06   0.0341629 2.01702e-06 1.18884e-06 1.99538e-06 1.07464e-06   0.0524427  9.1822e-07   0.0340845 2.01702e-06 1.84044e-06 8.86454e-07 1.12795e-06   0.0524442 9.52162e-07   0.0394753 1.01835e-06 1.84044e-06 1.64128e-06 1.01937e-06   0.0524491 8.57023e-07   0.0412585 1.99538e-06 9.05965e-07 1.64128e-06
