8	12	12	1
 4  0  0  0  0  2  0  0  8  0 10  0
 0  0  6  1 12  2  0  0  8  0  0 11
 4  5  0  0  0  2  0  0  0  0  0  0
 0  5  6  1  0  2  0  7  0  0  0  0
 0  0  0  0  0  0  3  0  0  9 10  0
 0  0  0  1  0  0  3  0  0  9  0 11
 0  0  0  0  0  0  3  0  0  0  0  0
 0  0  0  1  0  0  3  7  0  0  0  0
0.1	0.8	1	0.2	0.7	0.6	0.2	0.7	1	1	0.9	0.9	
0.02	0.925	0.305	0.738	0.124	0.129	0.008	0.426	
------target--------
5
------result--------
1	
------details--------
0.911977 0.833628 0.834002 0.833425 0.912009 0.834107 0.834214 0.833744
0.124027 0.834803 0.835028 0.834698 0.135599 0.835116 0.834867 0.834707
   0.143606 1.24763e-06 6.26473e-07 1.37905e-06    0.141351 3.54285e-07 2.51632e-09 8.38338e-07
------result2--------
1	7	
------details2--------
0.911952 0.911944 0.911951        0 0.911979 0.912009 0.912029 0.911952 0.833412 0.832826 0.911986 0.833627 0.833627  0.83315 0.911944 0.833412        0 0.911976 0.833893 0.834001 0.833423 0.911951 0.832826 0.833425 0.911988 0.833314 0.833423        0        0 0.911986 0.911976 0.911988 0.911979 0.912009 0.912029 0.911979        0 0.833893 0.833314 0.911979 0.834107 0.833635 0.912009 0.833627 0.834001 0.833423        0        0        0 0.912029  0.83315 0.833423        0 0.912029 0.833635 0.833744
0.912001 0.912101 0.911993 0.911977 0.911955 0.892813 0.911922 0.123984 0.834445 0.834112 0.135884 0.834302 0.834302 0.834122 0.124009 0.834591 0.834002 0.135577 0.834905 0.834655 0.834531 0.123975 0.834015        0 0.136558 0.834331 0.834129 0.833425 0.912009 0.912032 0.912133 0.912021 0.912257        0 0.911988 0.123984 0.834107  0.83492  0.83459 0.123984        0 0.834599  0.12399 0.834802 0.835027 0.834697 0.834214 0.834214 0.834214 0.123959 0.834332 0.834661 0.833744 0.123959 0.834652        0
0.123984 0.124009 0.123975        0 0.123984  0.12399 0.123959 0.912001 0.834591 0.834015 0.912032 0.834716 0.834802 0.834332 0.912101 0.834445        0 0.912133  0.83492 0.835027 0.834661 0.911993 0.834112 0.834532 0.912021  0.83459 0.834697 0.834661 0.892813 0.135884 0.135577 0.136558 0.123984  0.12399 0.123959 0.911955 0.834302 0.834905 0.834331 0.912257  0.83512 0.834652 0.892813 0.834302 0.834655 0.834129        0        0        0 0.911922 0.834122 0.834531 0.834129 0.911988 0.834599 0.834707
0.124071 0.124096 0.124059 0.124027 0.124386 0.152226 0.124099 0.124071 0.835619 0.835289 0.135309 0.835123 0.835475 0.835298 0.124096 0.835619 0.835028 0.135683 0.835931 0.835684 0.835669 0.124059 0.835289 0.835028 0.135003 0.835603 0.835395 0.834708 0.124027 0.135309 0.135683 0.135003 0.220877 0.834867 0.147523 0.124386 0.835123 0.835931 0.835603 0.220877 0.834867 0.835592 0.152226 0.835475 0.835684 0.835395 0.834867 0.834867 0.834867 0.124099 0.835298 0.835669 0.834708 0.147523 0.835592 0.834867
   0.143606    0.143606    0.143606    0.143606    0.143606     0.14361    0.143606    0.143606 1.87977e-06 2.64125e-06    0.141351 1.29935e-06 1.25031e-06 2.09562e-06    0.143606 1.87977e-06 6.26473e-07    0.141351 9.82049e-07 6.29004e-07 1.68044e-06    0.143606 2.64125e-06 1.50225e-06    0.141351 1.73696e-06 1.38195e-06 1.37987e-06    0.143609    0.141351    0.141351    0.141351    0.141726    0.143445    0.141411    0.143606 3.56342e-07 9.82049e-07 1.73696e-06    0.141726  3.5466e-07  1.1894e-06     0.14361 1.25031e-06 6.29004e-07 1.38195e-06 2.51632e-09 2.51632e-09 2.51632e-09    0.143606 2.09562e-06 1.68044e-06 8.39165e-07    0.141411  1.1894e-06  8.3849e-07
