8	12	12	1
 0  0  3  0  5  1  0  0  0  0  8  0
 0  0  3  0  0  1  0  0  7  0  0  0
 0  4  3  0  0  1  0  0  0 10  8  0
 0  0  3  0  0  1  0  0  0  0  0  0
 0  0  0  2  5  1  0 11  0  0  0  9
 0  0  0  2  0  1  0  0  7  0  0  0
 6  4  0  2  0  1 12  0  0  0  0  9
 6  0  0  2  0  1  0  0  0  0  0  0
0.1	0.1	0.7	0.5	0.6	0.2	0.7	0.2	0.6	0.1	0.4	0.8	
0.252	0.088	0.323	0.76	0.955	0.038	0.857	0.45	
------target--------
2
------result--------
6	
------details--------
0.880123 0.917049 0.880103 0.880178 0.880328 0.907348 0.880102 0.880423
0.880825 0.837206 0.880824 0.880833 0.881082 0.364103 0.880918  0.88117
5.82919e-07  0.00752085 6.16372e-07 4.97287e-07 3.80947e-07    0.040202 7.77352e-07 1.11323e-07
------result2--------
4	6	
------details2--------
0.916859        0 0.880123 0.879993 0.916859 0.879765 0.880089 0.916859 0.916839 0.917049 0.917097        0 0.916999 0.917069 0.880103 0.916839 0.880103 0.879972 0.916839 0.879744 0.880069        0        0        0 0.880048 0.917049 0.879821 0.880145 0.879993 0.917097 0.879972 0.880048 0.907322 0.879971 0.880294 0.916859        0 0.916839 0.917049 0.907322 0.907168 0.907346 0.879765 0.916999 0.879744 0.879821 0.879971 0.907168 0.880102 0.880089 0.917069 0.880069 0.880145 0.880294 0.907346        0
0.304623 0.880123        0 0.880755 0.304623 0.880588 0.880845 0.919047 0.918695        0 0.916816 0.917049 0.917113  0.91661        0 0.304784        0 0.880736 0.304784 0.880568 0.880826 0.880178 0.880178 0.880178 0.880808 0.303583 0.880642 0.880897 0.880698 0.837067 0.880697 0.880706  0.36418 0.880792  0.88105 0.897021 0.907348 0.897646 0.894494 0.907474 0.907583  0.90739 0.880473 0.836872 0.880472 0.880481 0.880736 0.364323        0 0.880792 0.837167 0.880791   0.8808 0.881051 0.364118 0.880423
0.919047        0 0.880756 0.880698 0.897021 0.880473 0.880792 0.304623 0.304784 0.303583 0.837067 0.894494 0.836872 0.837167 0.880795 0.918695 0.880765 0.880697 0.897646 0.880472 0.880791        0        0        0 0.880706 0.894494 0.880481   0.8808 0.880755 0.916816 0.880736 0.880808 0.907474 0.880736 0.881051 0.304623        0 0.304784 0.303583  0.36418 0.364323 0.364118 0.880588 0.917113 0.880568 0.880642 0.880792 0.907583  0.88089 0.880845  0.91661 0.880826 0.880897  0.88105  0.90739        0
0.876623 0.880825 0.880833 0.881455 0.468932 0.881291 0.881542 0.876623 0.875402 0.880833 0.837895 0.364103 0.837648 0.838063 0.880825 0.875402 0.880833 0.881454 0.460781  0.88129 0.881542 0.880833 0.880833 0.880833 0.881463 0.505126 0.881298  0.88155 0.881455 0.837895 0.881454 0.881463 0.363713 0.881549 0.881801 0.468932 0.364103 0.460781 0.505126 0.363713 0.363809 0.363757 0.881291 0.837648  0.88129 0.881298 0.881549 0.363809  0.88117 0.881542 0.838063 0.881542  0.88155 0.881801 0.363757  0.88117
  0.0322977 5.82919e-07 5.84159e-07  9.6902e-07   0.0414163 1.36742e-06 6.95959e-07   0.0322977   0.0314911   0.0351219  0.00752105   0.0409013  0.00752111  0.00752093 6.16435e-07   0.0314911 6.17594e-07 1.00325e-06    0.041331 1.40169e-06 7.29743e-07 4.97287e-07 4.97287e-07 4.97287e-07 8.82281e-07   0.0417965 1.28043e-06 6.09934e-07  9.6902e-07  0.00752105 1.00325e-06 8.82281e-07    0.040202 1.16513e-06 4.94534e-07   0.0414163    0.040202    0.041331   0.0417965    0.040202   0.0402022    0.040202 1.36742e-06  0.00752111 1.40169e-06 1.28043e-06 1.16513e-06   0.0402022  7.9202e-07 6.95959e-07  0.00752093 7.29743e-07 6.09934e-07 4.94534e-07    0.040202 1.11323e-07
