8	12	12	1
 1  0  0  0  0  4  0  0  0  7  0  0
 1  0  0  0  0  0 10  5  6  0  0  0
 0 12  0  0  0  0  0  0  0  7  3  0
 0  0  0  0  0  0  0  0  6  0  3  0
 1  0 11  2  8  4  0  0  0  0  0  0
 1  0  0  2  8  0  0  5  0  0  0  9
 0  0  0  2  0  0  0  0  0  0  3  0
 0  0  0  2  0  0  0  0  0  0  3  9
1	0.5	0.7	0.6	0.7	0.7	0.2	0.9	0.3	0.9	1	0.8	
0.45	0.084	0.904	0.118	0.885	0.321	0.692	0.524	
------target--------
4
------result--------
2	
------details--------
0.843034 0.859202 0.842262 0.870454 0.842941   0.8431 0.842916 0.842481
 0.84411   0.3963 0.843706 0.818743 0.843995 0.843902  0.84385 0.843739
9.73088e-07   0.0185404 1.34625e-06  0.00254575 1.02997e-06 5.62594e-07 8.25135e-07 1.20046e-06
------result2--------
4	7	
------details2--------
0.858716        0 0.870412  0.84258 0.842745  0.84251 0.842064 0.858716 0.869909 0.870281 0.858878 0.857318 0.870281 0.869867 0.842262 0.869909 0.870085   0.8418 0.841822 0.842262 0.841822 0.870412        0 0.870085 0.870272 0.870041 0.870454 0.870041  0.84258 0.858878   0.8418 0.870272 0.842647 0.842462 0.842021 0.842745 0.857318 0.841822 0.870041 0.842647 0.842481        0  0.84251 0.870281        0        0 0.842462 0.842481        0 0.842064 0.869867 0.841822 0.870041 0.842021        0 0.842481
0.398985 0.843034  0.81926 0.843639 0.843542 0.843517 0.843391  0.86018 0.856263 0.848743 0.859636 0.862533 0.848743 0.855191        0 0.290551        0 0.842871 0.842823        0 0.842823 0.870534 0.870454 0.870748 0.870696 0.870987        0 0.870987 0.843662 0.396823 0.843256 0.818207 0.843454 0.843402  0.84329 0.843817 0.419679 0.843404 0.823538 0.843705 0.843576   0.8431 0.843678 0.289555 0.842916 0.842916 0.843522 0.843478 0.842916 0.843252 0.291318 0.843002        0 0.843088 0.842481        0
 0.86018        0 0.870534 0.843662 0.843817 0.843678 0.843252 0.398985 0.290551 0.881114 0.396823 0.419679 0.289555 0.291318 0.843408 0.856263 0.870748 0.843256 0.843404 0.843439 0.843002  0.81926 0.848743        0 0.818207 0.823538        0        0 0.843639 0.859636 0.842871 0.870696 0.843705 0.843522 0.843088 0.843542 0.862533 0.842823 0.870987 0.843454 0.843478        0 0.843517 0.848743        0        0 0.843402 0.843576        0 0.843391 0.855191 0.842823 0.870987  0.84329 0.843576 0.843478
0.390912  0.84411 0.817628 0.844718 0.844627 0.844572 0.844466 0.390912 0.442751  0.25704 0.395582 0.360256 0.622134 0.461731  0.84411 0.442751 0.829819 0.844314 0.844291  0.84385  0.84388 0.817628  0.25704 0.829819 0.819469 0.807236  0.84385 0.832707 0.844718 0.395582 0.844314 0.819469 0.844509 0.844457 0.844347 0.844627 0.360256 0.844291 0.807236 0.844509 0.844523 0.843902 0.844572 0.622134  0.84385  0.84385 0.844457 0.844523  0.84385 0.844466 0.461731  0.84388 0.832707 0.844347 0.843902  0.84385
  0.0185434 9.73088e-07  0.00254678 2.00982e-06  1.5357e-06 1.86419e-06 2.23173e-06   0.0185434   0.0190274   0.0240367    0.018541    0.018626   0.0207142   0.0192132 1.70285e-06   0.0190274   0.0146929 2.38795e-06 2.07344e-06 1.46047e-06 1.91109e-06  0.00254678   0.0240327   0.0146929  0.00254653  0.00264261   0.0302598   0.0178793 2.00982e-06    0.018541 2.38795e-06  0.00254653 1.59802e-06 1.86145e-06 2.24075e-06  1.5357e-06    0.018626 2.07344e-06  0.00264261 1.59802e-06 1.63546e-06 5.62594e-07 1.86419e-06   0.0207142 8.25135e-07 8.25135e-07 1.86145e-06 1.63546e-06 8.25135e-07 2.23173e-06   0.0192132 1.91109e-06   0.0178793 2.24075e-06 1.27328e-06    1.28e-06
