8	12	12	1
 0  5  0 10  2  0  0  0  3  9  4  0
 1  0  0 10  2 12  0  0  0  0  4  0
 0  0  0  0  2  0  0  0  3  9  0 11
 1  0  8  0  2  0  0  0  0  0  0 11
 0  5  0  0  0  0  6  0  3  0  4  0
 1  0  0  0  0  0  0  0  0  0  4  0
 0  0  0  0  0  0  6  7  3  0  0  0
 1  0  8  0  0  0  0  7  0  0  0  0
0.6	1	0.1	0.9	1	0.5	0.4	0.6	0.7	0.4	0.5	0.8	
0.563	0.553	0.098	0.721	0.387	0.399	0.127	0.564	
------target--------
7
------result--------
8	
------details--------
0.831063 0.830893 0.832278 0.828857  0.83134 0.831442 0.894643 0.890965
0.832272 0.832182 0.830821 0.835037 0.832359 0.832479 0.538511 0.386395
 1.3057e-06 1.42749e-06  1.8502e-06 3.38354e-05 8.04304e-07 6.44952e-07   0.0540316   0.0708288
------result2--------
8	7	
------details2--------
        0   0.83169  0.828216  0.830964  0.831063  0.894314  0.890321  0.830893  0.831526  0.828012  0.830796  0.830893  0.894397  0.890396   0.83169  0.831526         0  0.831983  0.832059  0.895097  0.891312  0.828216  0.828012         0  0.828386  0.828633  0.894618  0.891312  0.830964  0.830796  0.831983  0.828386   0.83134         0  0.893911         0         0  0.832059  0.828633         0   0.89434   0.89034  0.894314  0.894397  0.895097  0.894618   0.89434   0.89434         0  0.890321  0.890396  0.891312         0  0.893911   0.89034  0.894216
 0.831063  0.830212  0.834452  0.831715         0  0.566233  0.389184         0  0.830036  0.834307  0.831532         0  0.564748  0.389985  0.832871  0.832781  0.832278  0.832909  0.833084  0.540849  0.404827  0.829502  0.829421  0.828857  0.829863  0.829678  0.530298         0  0.832009  0.831911  0.830465  0.834867         0   0.83134   0.37834  0.831442  0.831442  0.830601  0.834806  0.831442  0.568963  0.388859  0.894964  0.894803  0.894022  0.894673  0.895665  0.895665  0.894643  0.891616  0.891346  0.890494  0.890965  0.884707   0.89327  0.866649
        0  0.832871  0.829502  0.832009  0.832116  0.894964  0.891616   0.83174  0.832781  0.829421  0.831911  0.832017  0.894803  0.891346  0.830212  0.830036         0  0.830465  0.830601  0.894022  0.890494  0.834452  0.834307    0.8909  0.834867  0.834806  0.894673  0.890494  0.831715  0.831532  0.832909  0.829863  0.832113  0.895665  0.884707         0         0  0.833084  0.829678         0  0.895665   0.89327  0.566233  0.564748  0.540849  0.530298         0  0.568963  0.866649  0.389184  0.389985  0.404827         0   0.37834  0.388859  0.902069
 0.832272  0.831445  0.835636  0.832529  0.832479  0.504786  0.383533  0.832272  0.831356  0.835534  0.832524  0.832479  0.518033  0.383931  0.831445  0.831356  0.830821  0.831597  0.831641   0.53529  0.359138  0.835636  0.835534  0.830821  0.835406  0.835898  0.548846  0.572855  0.832529  0.832524  0.831597  0.835406  0.832479  0.739726   0.40566  0.832479  0.832479  0.831641  0.835898  0.832479  0.351229  0.377327  0.504786  0.518033   0.53529  0.548846  0.739726  0.351229 0.0691126  0.383533  0.383931  0.359138  0.572855   0.40566  0.377327 0.0691126
 1.3057e-06 3.14333e-06 3.52079e-05  1.5411e-06 1.36321e-06   0.0543647   0.0708327 1.51247e-06 3.26255e-06 3.53489e-05 1.71439e-06 1.53233e-06   0.0542231    0.070832 3.14333e-06 3.26255e-06  1.8502e-06 2.65138e-06 2.48812e-06   0.0540355   0.0709545 3.52079e-05 3.53489e-05 0.000461793  3.4851e-05 3.45178e-05   0.0540618   0.0951299  1.5411e-06 1.71439e-06 2.65138e-06  3.4851e-05 8.37829e-07  0.00655279   0.0709502 6.44952e-07 6.44952e-07 2.48812e-06 3.45178e-05 6.44952e-07    0.056071   0.0708409   0.0543647   0.0542231   0.0540355   0.0540618    0.102274    0.056071    0.116924   0.0708327    0.070832   0.0709545   0.0951291   0.0709502   0.0708409    0.116938
