8	12	12	1
 0  0  0  0  0  0  0  0 12  0  8  9
 0  7  0  0  0  0  1  0  0  0  0  9
 0  0  0  3 10  0  0  6  0  0  0  0
 5  7 11  3  0  0  1  0  0  0  0  0
 0  0  0  0  0  4  0  0  0  2  8  0
 0  0  0  0  0  0  1  0  0  2  0  0
 0  0  0  0  0  4  0  6  0  2  0  0
 5  0  0  0  0  0  1  0  0  2  0  0
0.1	0.5	0.3	0.7	0.6	0.3	0.7	1	0.7	0.3	0.6	0.8	
0.479	0.527	0.516	0.01	0.069	0.096	0.875	0.086	
------target--------
8
------result--------
4	
------details--------
0.881408 0.881599 0.881224  0.88905  0.88184 0.881868 0.881364 0.889247
0.882309  0.88241 0.882217 0.233632 0.882255 0.881888 0.882257 0.698157
9.74812e-07 7.01117e-07 1.07935e-06   0.0125503 5.23623e-08 5.92685e-11 9.39931e-07  0.00489231
------result2--------
8	6	
------details2--------
 0.881408  0.880755    0.8887  0.881407  0.881407  0.880898  0.888906         0   0.88095  0.888835  0.881569  0.881598  0.881091  0.889035  0.880755   0.88095  0.888468  0.881192   0.88122   0.88122  0.888734    0.8887  0.888835  0.888468  0.889209  0.889229  0.888801  0.889229         0  0.881569  0.881192  0.889209   0.88184  0.881337  0.889226  0.881407  0.881598   0.88122  0.889229         0         0         0  0.880898  0.881091         0  0.888801  0.881337  0.881364  0.888818  0.888906  0.889035  0.888734         0  0.889226  0.889247  0.888818
        0  0.881758  0.233013  0.881438  0.881438  0.881797  0.699296  0.881599  0.881948  0.233321  0.881995  0.881622  0.881988  0.697686  0.881667  0.881768  0.234554  0.881603  0.881318  0.881318  0.733049  0.889384   0.88948  0.889365  0.886872  0.883384  0.889241  0.883384   0.88184  0.882382  0.882186  0.229563         0   0.88225         0  0.882308  0.882409  0.882213  0.229592  0.881868  0.881868  0.881868  0.881806  0.881908  0.881364   0.22943  0.882052         0         0  0.889573  0.889672  0.889521  0.889247  0.889761         0  0.889596
 0.882122  0.881667  0.889384  0.882288  0.882308  0.881806  0.889573         0  0.881768   0.88948  0.882382  0.882409  0.881908  0.889672  0.881758  0.881948  0.889365  0.882186  0.882213  0.881861  0.889521  0.233013  0.233321  0.234554  0.229563  0.229592   0.22943  0.895258  0.881438  0.881995  0.881603  0.886872  0.882555  0.882052  0.889761  0.881438  0.881622  0.881318  0.883384         0         0         0  0.881797  0.881988  0.881318  0.889241   0.88225  0.882278  0.889596  0.699296  0.697686  0.733049  0.883384         0         0         0
  0.88241  0.882661  0.234242  0.882493  0.882342  0.882701  0.697013   0.88241  0.882762  0.234269  0.882802  0.882433  0.882801  0.699122  0.882661  0.882762  0.233123   0.88269  0.882376  0.882281  0.670842  0.234242  0.234269  0.233123  0.311375   0.55115  0.237043 0.0092705  0.882493  0.882802   0.88269  0.311375  0.881888  0.882322  0.873246  0.882342  0.882433  0.882376   0.55115  0.881888  0.881888  0.881888  0.882701  0.882801  0.882281  0.237043  0.882322  0.881888  0.771068  0.697013  0.699122  0.670842 0.0092705  0.873246  0.881888  0.771068
1.02106e-06   2.064e-06   0.0125509 9.84447e-07 9.74961e-07 1.92389e-06  0.00489298 7.01117e-07 1.78725e-06   0.0125508 7.55774e-07 7.01198e-07 1.64677e-06   0.0048928   2.064e-06 1.78725e-06   0.0125513 1.14639e-06 1.08203e-06  1.1505e-06  0.00498086   0.0125509   0.0125508   0.0125513   0.0125611   0.0125879    0.012551   0.0171507 1.15922e-07 7.55774e-07 1.14639e-06   0.0125611 8.83831e-08 9.80753e-07   0.0168037 9.74961e-07 7.01198e-07 1.08203e-06   0.0125879 5.92685e-11 5.92685e-11 5.92685e-11 1.92389e-06 1.64677e-06  1.0012e-06    0.012551 9.80753e-07 9.61077e-07  0.00973153  0.00489298   0.0048928  0.00498086   0.0171502   0.0168037    0.017439  0.00973153
