8	12	12	1
 0  0  2  0  0  0  5  3  0  0  0 10
 0  0  2  6  0  8  0  3  0  4  0 10
 0  0  0  0  0  0  0  3  0  0  0  0
 0  0  0  6  0  0  0  3  0  4  0  0
 0  1  2  0 11  0  5  0  7  0  9  0
 0  1  2  0  0  8  0  0  0  4  9  0
12  1  0  0  0  0  0  0  7  0  0  0
 0  1  0  0  0  0  0  0  0  4  0  0
0.3	0.6	0.3	0.5	0.5	0.1	0.3	0.2	0.2	1	1	0.8	
0.852	0.393	0.814	0.26	0.039	0.107	0.242	0.348	
------target--------
6
------result--------
5	
------details--------
0.855151 0.854659 0.855573 0.855147 0.914061 0.925329  0.85565 0.855366
0.856083 0.856055 0.856441 0.856394 0.189971  0.71206 0.856543 0.856637
 8.4208e-07 1.46385e-06 4.08411e-07 1.55984e-06     0.10407   0.0378462 2.04366e-07 1.29607e-06
------result2--------
5	6	
------details2--------
        0  0.855151  0.854659   0.91223  0.925248  0.855089  0.854747         0  0.854659  0.854659  0.924779  0.925051  0.854596  0.854659         0         0         0  0.914012  0.925384  0.855511  0.855224  0.854659         0  0.855147  0.924947  0.925218  0.855085  0.855147   0.91223  0.924779  0.914012  0.924947  0.925059  0.914058  0.925059  0.925248  0.925051  0.925384  0.925218         0  0.925348  0.925329  0.855089  0.854596  0.855511  0.855085  0.914058  0.925348  0.855305  0.854747         0  0.855224         0  0.925059         0  0.855305
 0.855151         0  0.855946  0.194853  0.728444  0.855994   0.85608  0.854659         0         0  0.168299         0  0.855507         0  0.855573  0.855573  0.855573   0.19039  0.712594  0.856409    0.8565  0.855547  0.855147         0   0.16768         0  0.855988         0  0.915281  0.910612  0.914321  0.901218  0.885829  0.914109  0.885829  0.925379  0.925471  0.925042  0.925666  0.925329  0.925067         0  0.856022  0.855994  0.856382  0.856334  0.190071  0.712005  0.856577  0.855748  0.855366  0.856103  0.855366  0.167045  0.855366  0.856201
        0  0.855954  0.855547  0.915281  0.925379  0.856022  0.855748  0.855946  0.855952  0.855547  0.910612  0.925471  0.855994  0.855727         0         0         0  0.914321  0.925042  0.856382  0.856103  0.855946         0  0.856369  0.901218  0.925666  0.856334  0.856029  0.194853  0.168299   0.19039   0.16768  0.940342  0.190071  0.167045  0.728444         0  0.712594         0  0.885829  0.712005         0  0.855994  0.855507  0.856409  0.855988  0.914109  0.925067  0.856201   0.85608         0    0.8565         0  0.885829         0  0.856577
 0.856083  0.856441  0.856623  0.186793   0.69941  0.856919  0.857086  0.856083  0.856441  0.856394  0.198557  0.755508  0.856893  0.856637  0.856441  0.856441  0.856441  0.187725  0.709144  0.857277  0.857388  0.856623  0.856394  0.856441  0.227437  0.815807  0.857235  0.856637  0.186793  0.198557  0.187725  0.227437 0.0599505  0.188577  0.302985   0.69941  0.755508  0.709144  0.815807 0.0599505  0.712828  0.856637  0.856919  0.856893  0.857277  0.857235  0.188577  0.712828  0.857476  0.857086  0.856637  0.857388  0.856637  0.302985  0.856637  0.857476
 8.4208e-07 9.54634e-07 2.17859e-06    0.104087   0.0380117 1.04954e-06 2.26738e-06   1.473e-06 1.58553e-06 1.99081e-06    0.104342   0.0626815 1.67245e-06 2.04754e-06 4.08411e-07 4.08411e-07 4.08411e-07     0.10407   0.0378475 6.14954e-07 1.71675e-06 2.17859e-06 1.55984e-06 1.56199e-06      0.1051   0.0976993 1.76849e-06 1.72295e-06    0.104087    0.104342     0.10407      0.1051    0.126705     0.10407    0.106413   0.0380117   0.0626815   0.0378475   0.0976993    0.126684   0.0378463    0.122277 1.04954e-06 1.67245e-06 6.14954e-07 1.76849e-06     0.10407   0.0378463 1.50228e-06 2.26738e-06 1.29607e-06 1.71675e-06 1.29607e-06    0.106413 1.29607e-06 1.50228e-06
