8	12	12	1
 0  0  3  4  0  0  1  0  7  2  0  0
 0  8  3  0  0 10  0  0  0  2  0  0
 0  0  0  0  0  0  1  0  7  0  9  0
 5  0  0  0 11  0  0  0  0  0  0  0
 0  0  0  4  0  0  1  0  0  2  0  0
 0  8  0  0  0  0  0  0  0  2  0  0
 0  0  0  0  0  0  1  6  0  0  9  0
 5  0  0  0  0  0  0  6  0  0  0 12
0.6	0.1	0.3	0.1	0.3	0.5	0.6	0.8	0.6	0.2	0.4	1	
0.104	0.412	0.141	0.015	0.235	0.245	0.138	0.546	
------target--------
3
------result--------
7	
------details--------
0.816509 0.816095 0.859494 0.816626 0.816575 0.816571 0.858036 0.815543
 0.81821 0.818939 0.570686 0.819388 0.819359 0.819365 0.434194 0.818653
6.78052e-07 4.18326e-06   0.0294332 1.08804e-07 5.69177e-07 6.06226e-07   0.0409884  7.3732e-06
------result2--------
1	7	
------details2--------
0.815961        0 0.816497 0.816509 0.816441  0.85953  0.81541 0.815961  0.85946 0.816083  0.81603 0.816095 0.857972 0.814985  0.85953  0.85946 0.859495  0.85953 0.859532        0 0.858991 0.816497 0.816083 0.859495 0.816563  0.81656 0.858036 0.815531        0  0.81603  0.85953 0.816563 0.816508 0.858066 0.815478 0.816441        0 0.859532  0.81656 0.816508 0.858068 0.815474  0.85953 0.857972        0 0.858036 0.858066 0.858068 0.857495  0.81541 0.814985 0.858991 0.815531 0.815478 0.815474 0.857495
0.818818 0.816509 0.819272        0 0.819257 0.427846 0.818526 0.817702 0.570224 0.818881 0.818871        0  0.43408  0.81812 0.857943 0.859637 0.859294 0.857943 0.857962 0.859494 0.860415 0.818199 0.818928 0.570676 0.819348 0.819355 0.434191 0.818641 0.816575 0.818882 0.570857 0.819334 0.819318 0.434182 0.818593 0.818153 0.816571 0.570597 0.819331 0.819308 0.434176 0.818589 0.840328 0.858308 0.858036 0.858008 0.856774 0.856741 0.859028 0.817151 0.817871 0.569971 0.818335 0.818317 0.818324 0.433915
0.817702 0.857943 0.818199 0.817727 0.818153 0.840328 0.817151 0.818818 0.859637 0.818928 0.818882 0.818878 0.858308 0.817871 0.427846 0.570224 0.570676 0.570857 0.570597 0.833557 0.569971 0.819272 0.818881 0.859294 0.819334 0.819331 0.858008 0.818335        0 0.818871 0.857943 0.819348 0.819308 0.856774 0.818317 0.819257        0 0.857962 0.819355 0.819318 0.856741 0.818324 0.427846  0.43408        0 0.434191 0.434182 0.434176 0.433915 0.818526  0.81812 0.860415 0.818641 0.818593 0.818589 0.859028
0.820509 0.804446 0.820933 0.819359 0.820868 0.539224 0.820242 0.820509 0.572759 0.821711 0.821682 0.819365 0.434707 0.820979 0.804446 0.572759 0.573361 0.562229 0.574711 0.434194 0.572054 0.820933 0.821711 0.573361 0.822103 0.822111 0.434749 0.821423 0.819359 0.821682 0.562229 0.822103 0.822106 0.434756 0.821393 0.820868 0.819365 0.574711 0.822111 0.822106 0.435014   0.8214 0.539224 0.434707 0.434194 0.434749 0.434756 0.435014 0.434728 0.820242 0.820979 0.572054 0.821423 0.821393   0.8214 0.434728
4.88649e-06  0.00014596 7.87585e-07 8.19476e-07 1.29096e-06   0.0412146 8.07662e-06 4.88649e-06   0.0294335 4.29468e-06 4.77323e-06 4.19988e-06   0.0409885 1.16505e-05   0.0401066   0.0294335   0.0294332   0.0294338   0.0294335   0.0411151   0.0294351 7.87585e-07 4.29468e-06   0.0294332 6.78586e-07 7.15671e-07   0.0409884 7.48469e-06 5.69177e-07 4.77323e-06   0.0294338 6.78586e-07 1.18211e-06   0.0409885 7.95975e-06 1.29096e-06 6.06226e-07   0.0294335 7.15671e-07 1.18211e-06   0.0409885 7.99787e-06   0.0412146   0.0409885   0.0409884   0.0409884   0.0409885   0.0409885   0.0409904 8.07662e-06 1.16505e-05   0.0294351 7.48469e-06 7.95975e-06 7.99787e-06   0.0409904
