8	12	12	1
 0  0  0  3  8  0  0  1  0  0  0  4
 0  0  0  3  0  0  0  1  0  0  0  4
 0  0  0  3  8 10  2  1  0  0  0  0
 0  0  0  3  0  0  2  1  0  0  0  0
 0  0  0  0  0  0  0  1  5  6  0  4
 0  9  0  0  0  0  0  1  5  0  0  4
12  0  0  0  0  0  2  1  0  6  7  0
 0  0 11  0  0  0  2  1  0  0  7  0
0.7	0.1	0.8	0.1	0.9	0.6	0.9	0.9	1	0.8	1	0.9	
0.094	0.104	0.308	0.307	0.344	0.071	0.826	0.088	
------target--------
2
------result--------
6	
------details--------
 0.933084  0.934236  0.857124  0.860913  0.929826    0.9339  0.846623  0.860833
 0.498148  0.242656  0.873924   0.86152  0.697218 0.0694009  0.873619  0.862577
  0.0834363    0.127702 0.000210596 4.45685e-08   0.0428168    0.159107 0.000756709 6.76232e-07
------result2--------
6	2	
------details2--------
  0.933084          0   0.933084   0.928835   0.933042   0.929255   0.933073          0   0.933091   0.934236          0          0   0.930544   0.934227   0.933091   0.933091   0.857124   0.928835   0.933048   0.842113   0.857018          0          0          0   0.930126   0.934196   0.846572   0.860815   0.928835   0.930126   0.928835   0.930126   0.929779          0    0.92981   0.933042   0.934196   0.933048   0.934196   0.929779   0.930183   0.933889   0.929255   0.930544   0.842113   0.846572   0.930231   0.930183   0.846494   0.933073   0.934227   0.857018   0.860815    0.92981   0.933889   0.846494
         0   0.933084          0   0.946769   0.939187   0.936387   0.933264   0.934236    0.93867          0   0.934236   0.934236   0.937426   0.934392          0          0          0     0.6896  0.0676897   0.870324   0.858897   0.860913   0.860913   0.860913   0.696809  0.0695278   0.873605   0.862559   0.939195   0.920284   0.933133   0.920284   0.936625   0.929826   0.930087    0.94205     0.9244    0.93676     0.9244   0.947198   0.937116   0.934082   0.465587    0.22139   0.861716   0.848217          0  0.0620378   0.848747    0.49822   0.242898    0.87383   0.861425    0.69717  0.0694918   0.873524
  0.950281          0   0.418402   0.939195    0.94205   0.465587    0.49822          0          0          0   0.920284     0.9244    0.22139   0.242898   0.933047    0.93867   0.875806   0.933133    0.93676   0.861716    0.87383          0          0          0   0.920284     0.9244   0.848217   0.861425   0.946769   0.947486     0.6896   0.696809   0.947198          0    0.69717   0.939187   0.940118  0.0676897  0.0695278   0.936625  0.0620378  0.0694918   0.936387   0.937426   0.870324   0.873605   0.929199   0.937116   0.873524   0.933264   0.934392   0.858897   0.862559   0.930087   0.934082   0.848747
  0.242656   0.802883    0.86152   0.196931 0.00655099   0.531355   0.496914   0.242656   0.597718    0.86152  0.0706148 0.00180153   0.266136   0.238489   0.802883   0.597718    0.86152   0.724661  0.0764168   0.885069   0.875545    0.86152    0.86152    0.86152   0.711247   0.064624    0.87411   0.863193   0.196931  0.0706148   0.724661   0.711247  0.0170673   0.813201   0.698046 0.00655099 0.00180153  0.0764168   0.064624  0.0170673  0.0779054  0.0678389   0.531355   0.266136   0.885069    0.87411   0.813201  0.0779054   0.875243   0.496914   0.238489   0.875545   0.863193   0.698046  0.0678389   0.875243
   0.127848    0.147332   0.0939412    0.134499    0.176028   0.0838796   0.0834364    0.127702    0.157475     0.17443    0.158894    0.177992    0.127932    0.127703    0.147332    0.157475 0.000234063   0.0429833    0.159133 0.000974703 0.000211351 4.45685e-08 4.45685e-08 4.45685e-08   0.0428357    0.159127 0.000756873 7.21476e-07    0.134499     0.15931   0.0429833   0.0428357    0.172799    0.102153   0.0428169    0.176028    0.177994    0.159133    0.159127    0.172799    0.159236    0.159107   0.0838796    0.127932 0.000974703 0.000756873    0.102155    0.159236 0.000757578   0.0834364    0.127703 0.000211351 7.21476e-07   0.0428169    0.159107 0.000757578
