8	12	12	1
 0  6  0  0  0  0  2  0  0  7  0  0
 4  0  3  0  0  0  2 11  0  0  0  0
 0  6  0  1  0  0  0  0  0  0  0  0
 0  0  3  1  0  5  0  0  0  0  0 12
 0  0  0  0  0  0  2  0  0  7  0  0
 4  0  0  0  0  0  2  0  0  0  8  0
 0  0  0  1 10  0  0  0  0  0  0  0
 0  0  0  1  0  5  0  0  9  0  8  0
1	0.8	0.2	0.5	0.1	0.2	0.5	0.4	0.8	0.4	1	0.3	
0.118	0.766	0.519	0.851	0.102	0.683	0.473	0.011	
------target--------
1
------result--------
5	
------details--------
0.877487 0.842509 0.842516 0.842546 0.870226 0.842287 0.842716 0.842282
 0.78086 0.843492 0.843313 0.843519 0.472427 0.843397 0.843682 0.843395
 0.00784669 6.92452e-07 5.09071e-07 6.12912e-07   0.0280033 1.13616e-06 1.50897e-07 1.14457e-06
------result2--------
3	5	
------details2--------
0.877471 0.877487 0.877505        0 0.877254 0.877511 0.877253 0.877471 0.842263 0.842292 0.870135 0.842034 0.842465 0.842028        0 0.842263   0.8423 0.877487 0.842041 0.842472 0.842036 0.877505 0.842292   0.8423 0.870171 0.842071 0.842501 0.842065        0 0.870135 0.877487 0.870171 0.869911 0.870229 0.869908 0.877254 0.842034 0.842041 0.842071 0.869911 0.842243        0 0.877511 0.842465 0.842472 0.842501 0.870229 0.842243 0.842238 0.877253 0.842028 0.842036 0.842065 0.869908 0.842282 0.842238
0.877536        0 0.877426 0.877487 0.877801 0.876982 0.877798 0.780557 0.843065 0.843274 0.472485 0.843149 0.843441 0.843146 0.842516  0.84325 0.843278 0.425667 0.843155 0.843443 0.843152 0.780579 0.843282 0.843101 0.472475 0.843185 0.843478 0.843183 0.870226 0.870492 0.854205 0.870422 0.870652 0.870156 0.870649 0.780404 0.843024 0.842844 0.843052 0.472489 0.843219 0.842287 0.780786  0.84345  0.84327 0.843478  0.47243 0.843355 0.843352 0.780398 0.843019 0.842838 0.843047  0.47249        0 0.843214
0.780557 0.425667 0.780579 0.854205 0.780404 0.780786 0.780398 0.877536  0.84325 0.843282 0.870492 0.843024  0.84345 0.843019        0 0.843065 0.843101 0.854205 0.842844  0.84327 0.842838 0.877426 0.843274 0.843278 0.870422 0.843052 0.843478 0.843047        0 0.472485 0.425667 0.472475 0.472489  0.47243  0.47249 0.877801 0.843149 0.843155 0.843185 0.870652 0.843355        0 0.876982 0.843441 0.843443 0.843478 0.870156 0.843219 0.843214 0.877798 0.843146 0.843152 0.843183 0.870649 0.843113 0.843352
0.781762 0.843313 0.781877 0.472427 0.781485 0.782482 0.781483 0.781762 0.844048 0.844257 0.472254 0.844134 0.844418 0.844131 0.843313 0.844048 0.844076 0.636647 0.843954 0.844239 0.843951 0.781877 0.844257 0.844076 0.472253 0.844161 0.844447 0.844159 0.472427 0.472254 0.636647 0.472253 0.472342 0.472377 0.472342 0.781485 0.844134 0.843954 0.844161 0.472342 0.844323 0.843397 0.782482 0.844418 0.844239 0.844447 0.472377 0.844323 0.844321 0.781483 0.844131 0.843951 0.844159 0.472342 0.843397 0.844321
 0.00784698   0.0274733    0.007847   0.0284744  0.00784721  0.00784686  0.00784721  0.00784698  1.2063e-06 1.31314e-06   0.0280034 1.83589e-06  8.4601e-07 1.84438e-06 5.09071e-07  1.2063e-06 1.12662e-06   0.0295443 1.65046e-06 6.61374e-07 1.65893e-06    0.007847 1.31314e-06 1.12662e-06   0.0280034 1.75609e-06  7.6671e-07 1.76458e-06   0.0280033   0.0280034   0.0295443   0.0280034   0.0280039   0.0280033   0.0280039  0.00784721 1.83589e-06 1.65046e-06 1.75609e-06   0.0280039 1.28915e-06 1.13616e-06  0.00784686  8.4601e-07 6.61374e-07  7.6671e-07   0.0280033 1.28915e-06 1.29759e-06  0.00784721 1.84438e-06 1.65893e-06 1.76458e-06   0.0280039 1.14569e-06 1.29759e-06
