8	12	12	1
 0  0  0  0  0  0  0  0  0  0  0  4
 1  0  0  0  8  0  0  5  0  0  0  4
 0  0  0  0  0  3  0  0  9  0  0  0
 1  0  0  0  0  3  0  0  0  0 11  0
 0  2  0  0  0  0  0  0  0  6  0  4
 1  2 10  0  0  0  0  5  0  0  0  4
 0  2  0  7  0  3  0  0  0  6  0  0
 1  2  0  7  0  3 12  0  0  0  0  0
0.1	0.9	0.4	0.2	0.8	0.1	0.5	0.3	0.9	0.6	0.2	0.7	
0.93	0.217	0.141	0.485	0.114	0.973	0.074	0.025	
------target--------
7
------result--------
8	
------details--------
 0.89735 0.897288 0.897699 0.897705 0.897345 0.897196 0.910697 0.910239
0.898123 0.898094 0.898362 0.898354 0.898093 0.898046 0.639605 0.412302
8.07936e-07 8.56188e-07  2.0874e-07 1.88398e-07 7.51183e-07 8.73328e-07   0.0122193    0.018572
------result2--------
8	7	
------details2--------
        0  0.897286  0.897291         0         0  0.910398  0.909793  0.897288  0.897223  0.897228  0.897284  0.897139  0.910374  0.909772  0.897286  0.897223  0.897641   0.89728  0.897131  0.910658  0.910198  0.897291  0.897228  0.897641  0.897285  0.897135  0.910698  0.910237  0.897345  0.897284   0.89728  0.897285  0.897192         0  0.910292  0.897196  0.897139  0.897131  0.897135  0.897192  0.910392   0.90979  0.910398  0.910374  0.910658  0.910698  0.910398  0.910392         0  0.909793  0.909772  0.910198  0.910237  0.910292   0.90979  0.910593
  0.89735  0.897952  0.897947   0.89735   0.89735  0.712501  0.414668         0   0.89789  0.897886  0.897374  0.897668  0.710835  0.414339  0.898059  0.898031  0.898291  0.898029  0.897983  0.639384  0.412181  0.898065  0.898036  0.898304  0.898035  0.897988  0.639081  0.411855         0   0.89781  0.897947  0.897942  0.897731  0.897345  0.406153         0  0.897639  0.897799  0.897798  0.897268  0.708086  0.413426  0.910948  0.910915  0.911065  0.910689  0.910948  0.910845  0.910697  0.910627  0.910564  0.910618  0.910255  0.910197  0.910463   0.90029
        0  0.898059  0.898065         0         0  0.910948  0.910627  0.897818  0.898031  0.898036   0.89781  0.897639  0.910915  0.910564  0.897952   0.89789  0.898304  0.897947  0.897799  0.911065  0.910618  0.897947  0.897886  0.898291  0.897942  0.897798  0.910689  0.910255  0.897447  0.897374  0.898029  0.898035  0.897268  0.910948  0.910197  0.897738  0.897668  0.897983  0.897988  0.897731  0.910845  0.910463  0.712501  0.710835  0.639384  0.639081         0  0.708086   0.90029  0.414668  0.414339  0.412181  0.411855  0.406153  0.413426  0.919708
 0.898123  0.898723  0.898715  0.898123  0.898123  0.508438  0.410233  0.898123  0.898695  0.898687  0.898122  0.898126  0.547327  0.410869  0.898723  0.898695  0.898952  0.898693  0.898647  0.641693  0.413453  0.898715  0.898687  0.898952  0.898685   0.89864  0.645047  0.416999  0.898123  0.898122  0.898693  0.898685  0.898119  0.737265   0.41737  0.898123  0.898126  0.898647   0.89864  0.898119  0.582425  0.411731  0.508438  0.547327  0.641693  0.645047  0.737265  0.582425 0.0243943  0.410233  0.410869  0.413453  0.416999   0.41737  0.411731 0.0243943
8.07936e-07 1.01841e-06 9.98978e-07 8.07936e-07 8.07936e-07   0.0131972   0.0185733 8.81316e-07 1.06685e-06 1.04759e-06 8.82109e-07 1.02933e-06   0.0128986   0.0185731 1.01841e-06 1.06685e-06 3.97833e-07 9.61673e-07 1.08432e-06   0.0122194   0.0185721 9.98978e-07 1.04759e-06 3.97833e-07 9.42301e-07 1.06572e-06   0.0122196   0.0185721 8.09225e-07 8.82109e-07 9.61673e-07 9.42301e-07  9.5765e-07  0.00476453   0.0185737 9.58905e-07 1.02933e-06 1.08432e-06 1.06572e-06  9.5765e-07   0.0126282   0.0185727   0.0131972   0.0128986   0.0122194   0.0122196   0.0195684   0.0126282   0.0309036   0.0185733   0.0185731   0.0185721   0.0185721   0.0185737   0.0185727   0.0309092
