8	12	12	1
 0  0  0  1  0  0  0  0  0  0  3  4
 0  0  0  1  0  0  0  0  0  0  3  4
 0  2  7  1  0  0  0  0  0 10  0  4
 0  2  7  1  8  0  0  0  0  0  0  4
11  0  0  1  0  0  5  0  6  0  3  0
 0  0  0  1  0  9  0  0  6  0  3  0
 0  2  0  1  0  0  5  0  0  0  0  0
 0  2  0  1  8  0  0 12  0  0  0  0
1	0.2	0.1	0.3	0.9	0.8	0.2	0.8	0.6	0.2	0.7	0.9	
0.614	0.516	0.214	0.122	0.378	0.342	0.403	0.084	
------target--------
4
------result--------
8	
------details--------
0.835674 0.835674 0.835643 0.899758  0.83633 0.836439 0.836579 0.875018
0.837266 0.837266 0.837249 0.801807   0.8374 0.837487 0.837575 0.474993
2.19135e-06 2.19135e-06 2.19706e-06  0.00857776 8.88642e-07 6.60287e-07  2.6178e-07   0.0382143
------result2--------
4	2	
------details2--------
       0        0        0 0.835342 0.835453 0.835594 0.898876        0        0        0 0.835342 0.835453 0.835594 0.898876 0.835643 0.835643 0.899609  0.83531 0.835422 0.835563 0.898727 0.899758 0.899758 0.899609   0.8997 0.899696 0.899788        0 0.835342 0.835342  0.83531   0.8997 0.836111  0.83633 0.874791 0.835453 0.835453 0.835422 0.899696 0.836111 0.836361 0.874858 0.835594 0.835594 0.835563 0.899788        0 0.836361 0.874982 0.898876 0.898876 0.898727 0.898876 0.874791 0.874858 0.874982
0.835674 0.835674 0.835674 0.836422 0.836509 0.836601  0.37822 0.835674 0.835674 0.835674 0.836422 0.836509 0.836601  0.37822        0        0        0 0.836391 0.836479 0.836572 0.378716        0        0 0.903724 0.899889 0.899996 0.899416 0.899758  0.83694  0.83694 0.836923 0.801536 0.837163        0 0.475218 0.837049 0.837049 0.837032 0.801628 0.837185 0.837362 0.475135 0.837189 0.837189 0.837172 0.801741 0.836579  0.83741 0.475068 0.860869 0.860869 0.861756 0.860869 0.875534  0.87563 0.875446
       0        0        0  0.83694 0.837049 0.837189 0.860869        0        0        0  0.83694 0.837049 0.837189 0.860869 0.836494 0.836494 0.903724 0.836923 0.837032 0.837172 0.861756        0        0        0 0.801536 0.801628 0.801741 0.860869 0.836422 0.836422 0.836391 0.899889 0.837185  0.83734 0.875534 0.836509 0.836509 0.836479 0.899996 0.837163  0.83741  0.87563 0.836601 0.836601 0.836572 0.899416        0 0.837362 0.875446  0.37822  0.37822 0.378716 0.915212 0.475218 0.475135 0.475068
0.837266 0.837266 0.837266 0.838015 0.838101 0.838194  0.56609 0.837266 0.837266 0.837266 0.838015 0.838101 0.838194  0.56609 0.837266 0.837266 0.835856 0.837998 0.838084 0.838177 0.559311 0.837266 0.837266 0.835856 0.802429 0.802495 0.802591 0.364672 0.838015 0.838015 0.837998 0.802429 0.838234 0.837575 0.474475 0.838101 0.838101 0.838084 0.802495 0.838234 0.838409 0.474445 0.838194 0.838194 0.838177 0.802591 0.837575 0.838409 0.474091  0.56609  0.56609 0.559311 0.364672 0.474475 0.474445 0.474091
2.19135e-06 2.19135e-06 2.19135e-06  3.0914e-06  2.8594e-06 2.45802e-06   0.0413528 2.19135e-06 2.19135e-06 2.19135e-06  3.0914e-06  2.8594e-06 2.45802e-06   0.0413528 2.22697e-06 2.22697e-06   0.0534141 3.09787e-06  2.8655e-06 2.46421e-06   0.0411217   0.0552986   0.0552986   0.0534141  0.00857812  0.00857804  0.00857789   0.0500838  3.0914e-06  3.0914e-06 3.09787e-06  0.00857812 1.55372e-06 9.00457e-07   0.0382148  2.8594e-06  2.8594e-06  2.8655e-06  0.00857804 1.55372e-06 9.24156e-07   0.0382147 2.45802e-06 2.45802e-06 2.46421e-06  0.00857789  2.6178e-07 9.24156e-07   0.0382144   0.0413528   0.0413528   0.0411217   0.0501119   0.0382148   0.0382147   0.0382144
