8	12	12	1
 0  0  0  0  0  0 11  0  0  2  0  0
 0  0  0  0  0 10  0  4  0  0  0  0
 0  6  1  0  9  0  0  0  0  2  0  0
 0  0  1  0  0  0  0  4  5  0  0  0
 0  0  0  7  0  0  0  0  0  2  3  0
12  0  0  0  0  0  0  0  0  0  3  8
 0  6  1  7  0  0  0  0  0  2  3  0
 0  0  1  0  0  0  0  0  5  0  3  8
0.7	0.2	0.8	1	0.7	0.7	0.1	0.8	0.1	1	0.4	1	
0.942	0.287	0.262	0.772	0.036	0.002	0.552	0.04	
------target--------
8
------result--------
6	
------details--------
 0.943311  0.943283  0.943288   0.94334  0.943187  0.970396  0.943187  0.970665
 0.943681  0.943662  0.943666   0.94339  0.943602 0.0390805  0.943602  0.694286
1.02906e-07 1.82305e-07 1.69137e-07 1.53421e-09 3.78666e-07   0.0833842 3.78666e-07   0.0374755
------result2--------
6	8	
------details2--------
   0.94325   0.943255   0.943308   0.943154    0.97041   0.943154   0.970682    0.94325   0.943226   0.943279   0.943126   0.970387   0.943126   0.970658   0.943255   0.943226   0.943284   0.943131   0.970388   0.943131   0.970658   0.943308   0.943279   0.943284   0.943184   0.970657   0.943184          0   0.943154   0.943126   0.943131   0.943184   0.970356          0   0.970628    0.97041   0.970387   0.970388   0.970657   0.970356   0.970356   0.970657   0.943154   0.943126   0.943131   0.943184          0   0.970356   0.970628   0.970682   0.970658   0.970658   0.970665   0.970628          0   0.970628
   0.94363   0.943634    0.94336    0.94357  0.0391029    0.94357   0.695618   0.943622   0.943606    0.94333   0.943542  0.0390988   0.943542   0.694714   0.943627   0.943607   0.943335   0.943547  0.0390972   0.943547   0.694676   0.943678   0.943658   0.943662   0.943599  0.0387996   0.943599    0.94334   0.943528   0.943507   0.943511   0.943235  0.0391147   0.943187   0.695022   0.970249   0.970442   0.970443   0.967085   0.970463   0.970463   0.967085   0.943528   0.943507   0.943511   0.943235   0.943187  0.0391147   0.695022   0.970483     0.9707   0.970701          0   0.970725   0.970665   0.970725
  0.943622   0.943627   0.943678   0.943528   0.970249   0.943528   0.970483    0.94363   0.943607   0.943658   0.943507   0.970442   0.943507     0.9707   0.943634   0.943606   0.943662   0.943511   0.970443   0.943511   0.970701    0.94336    0.94333   0.943335   0.943235   0.967085   0.943235          0    0.94357   0.943542   0.943547   0.943599   0.970463          0   0.970725  0.0391029  0.0390988  0.0390972  0.0387996  0.0391147  0.0391147   0.977029    0.94357   0.943542   0.943547   0.943599          0   0.970463   0.970725   0.695618   0.694714   0.694676          0   0.695022   0.967085   0.695022
  0.943999   0.944003   0.943727   0.943941  0.0388434   0.943941   0.679353   0.943999   0.943983   0.943709   0.943921  0.0389841   0.943921    0.69201   0.944003   0.943983   0.943713   0.943925  0.0389831   0.943925   0.691991   0.943727   0.943709   0.943713   0.943651  0.0431712   0.943651    0.94339   0.943941   0.943921   0.943925   0.943651  0.0390232   0.943602   0.693047  0.0388434  0.0389841  0.0389831  0.0431712  0.0390232  0.0390232 0.00288009   0.943941   0.943921   0.943925   0.943651   0.943602  0.0390232   0.693047   0.679353    0.69201   0.691991    0.94339   0.693047 0.00288009   0.693047
2.86025e-07 2.72795e-07 1.04641e-07 4.82886e-07   0.0833842 4.82886e-07   0.0374801 2.86025e-07 3.52183e-07 1.83931e-07 5.62382e-07   0.0833842 5.62382e-07   0.0374757 2.72795e-07 3.52183e-07 1.70756e-07  5.4911e-07   0.0833842  5.4911e-07   0.0374757 1.04641e-07 1.83931e-07 1.70756e-07  3.8035e-07   0.0833987  3.8035e-07 1.53421e-09 4.82886e-07 5.62382e-07  5.4911e-07  3.8035e-07   0.0833842 3.78666e-07   0.0374757   0.0833842   0.0833842   0.0833842   0.0833987   0.0833842   0.0833842   0.0875217 4.82886e-07 5.62382e-07  5.4911e-07  3.8035e-07 3.78666e-07   0.0833842   0.0374757   0.0374801   0.0374757   0.0374757   0.0825059   0.0374757   0.0875209   0.0374757
