8	12	12	1
 7  0  0  0  0  0 10  1  3  0  0  5
 0  0  2  0  0  0  0  1  0  0  0  5
 7  0  0  0  0  0  0  1  3  0  4  5
 0  0  2  0  0  0  0  1  0  8  4  5
 0  0  0  0 11  0 10  1  3  0  0  0
 0  6  2  0  0  0  0  1  0  0  0  0
 0  0  0  0  0  9  0  1  3  0  4  0
 0  6  2 12  0  9  0  1  0  8  4  0
0.3	0.4	0.7	0.7	0.4	0.3	0.9	0.1	0.8	0.3	1	1	
0.114	0.32	0.108	0.094	0.099	0.021	0.68	0.551	
------target--------
1
------result--------
5	
------details--------
0.916753 0.847752 0.847731 0.847704 0.906361 0.848179 0.847834  0.84734
0.699697 0.849618 0.849513 0.849605 0.316319 0.850013 0.849729 0.849376
  0.0367066 2.44948e-06 2.37701e-06 2.69108e-06   0.0840759 1.09889e-07 2.15513e-06 3.92588e-06
------result2--------
1	3	
------details2--------
0.916753 0.916753 0.916727        0 0.916755 0.916856 0.916849        0        0        0 0.915527 0.847737 0.847387 0.846873        0 0.847731 0.847683 0.916187 0.847716 0.847365  0.84685 0.916727 0.847704 0.847683   0.9155 0.847689 0.847337        0 0.916187 0.915527 0.916187   0.9155 0.906358 0.906333 0.906021 0.916755 0.847737 0.847716 0.847689 0.906358 0.847818        0 0.916856 0.847387 0.847365 0.847337 0.906333 0.847818        0 0.916849 0.846873  0.84685 0.846873 0.906021  0.84734  0.84734
       0        0 0.917683 0.916753 0.916535 0.916321 0.916624 0.847752 0.847752 0.847752 0.289803 0.849579 0.849294 0.848944 0.847731        0 0.849443 0.288363 0.849559 0.849273 0.848923 0.247407        0 0.848385 0.290018 0.849535 0.849249 0.847704 0.879622 0.878187 0.879622 0.881155 0.906704 0.906477 0.906829 0.699687 0.849603 0.849498  0.84959  0.31635 0.849715 0.848179 0.699506 0.849262 0.849158 0.849251 0.317278 0.849677 0.847834 0.701431  0.84879 0.848685  0.84879  0.31882        0        0
0.247261        0 0.247407 0.879622 0.699687 0.699506 0.701431        0        0        0 0.878187 0.849603 0.849262  0.84879        0 0.848432 0.848385 0.879622 0.849498 0.849158 0.848685 0.917683 0.849465 0.849443 0.881155  0.84959 0.849251  0.84879 0.931713 0.289803 0.288363 0.290018  0.31635 0.317278  0.31882 0.916535 0.849579 0.849559 0.849535 0.906704 0.849677        0 0.916321 0.849294 0.849273 0.849249 0.906477 0.849715        0 0.916624 0.848944 0.848923 0.848908 0.906829 0.849363 0.849083
0.849618 0.849513 0.844292 0.107593 0.700839 0.700531 0.697175 0.849618 0.849618 0.849618 0.453563 0.851448 0.851169 0.850834 0.849513 0.849618 0.849619 0.442244 0.851346 0.851068 0.850729 0.844292 0.849618 0.849619 0.432812 0.851437 0.851159 0.850591 0.107593 0.453563 0.442244 0.432812 0.312454 0.312075 0.312749 0.700839 0.851448 0.851346 0.851437 0.312454 0.851581 0.850013 0.700531 0.851169 0.851068 0.851159 0.312075 0.851581 0.849729 0.697175 0.850834 0.850729 0.850591 0.312749 0.850013 0.849729
  0.0853219    0.119544   0.0834138     0.11553   0.0367066   0.0367069     0.03671 2.44948e-06 2.44948e-06 2.44948e-06   0.0861678 2.56054e-06 4.63115e-06 6.48185e-06 2.37701e-06 2.49176e-06  2.7346e-06   0.0861761 2.48826e-06 4.56309e-06 6.41169e-06   0.0834138 2.69283e-06  2.7346e-06   0.0859164 2.80253e-06 4.88156e-06 3.50261e-06     0.11557   0.0861678   0.0861761   0.0859164   0.0840759   0.0840768   0.0840787   0.0367066 2.56054e-06 2.48826e-06 2.80253e-06   0.0840759 2.26831e-06 1.09889e-07   0.0367069 4.63115e-06 4.56309e-06 4.88156e-06   0.0840768 2.26831e-06 2.15513e-06     0.03671 6.48185e-06 6.41169e-06 6.37953e-06   0.0840787 3.93956e-06 4.09555e-06
