8	12	12	1
 0  0  0  2  0  0  0  6  7  0  0  0
 0  0  0  0  0  0  0  6  0  0  0 12
 0  3  0  2  0  0  0  0  7  0  8  0
 0  0  0  0  4  0  0  0  0  0  8  0
 9  0  1  2  0  0  0  0  0  0  0  0
 0  0  1  0  0  0  0  0  0  0  0  0
 0  3  1  2  0  0  5  0  0 10  0  0
 0  0  1  0  4 11  5  0  0  0  0  0
0.1	1	0.4	0.8	0.2	0.2	0.1	0.7	0.7	0.4	0.7	0.4	
0.249	0.919	0.129	0.07	0.282	0.785	0.37	0.588	
------target--------
3
------result--------
4	
------details--------
 0.82905 0.828904  0.89263 0.887598  0.82886 0.828885 0.828779 0.828791
0.830234 0.829967 0.627893 0.334551 0.829961 0.829968 0.829909 0.829925
6.12765e-07 8.34198e-07   0.0397118   0.0754392  9.4488e-07 8.87409e-07  1.0722e-06 1.06882e-06
------result2--------
1	4	
------details2--------
0.828732        0  0.89263 0.828687 0.828712 0.828606 0.828618 0.828732 0.892681 0.887592 0.828538 0.828564 0.828457 0.828468  0.89263 0.892681        0 0.892661 0.892642 0.892673 0.892696  0.89263 0.887592        0 0.887567 0.887555 0.887565 0.887586 0.828687 0.828538 0.892661 0.887567  0.82886 0.828754 0.828766 0.828712 0.828564 0.892642 0.887555        0        0        0 0.828606 0.828457 0.892673 0.887565 0.828754 0.828779 0.828687 0.828618 0.828468 0.892696 0.887586 0.828766 0.828791 0.828687
0.829797  0.82905 0.319678 0.829791 0.829798 0.829738 0.829755  0.82992 0.627736 0.334543 0.829648 0.829655 0.829595 0.829612        0  0.89251  0.89263 0.892568 0.892604 0.892564 0.892523 0.859033 0.887614 0.887598 0.887662 0.887694 0.887651 0.887619 0.829875  0.82961 0.627711 0.334539        0 0.829654 0.829707   0.8299 0.829634 0.627725 0.334542 0.828885 0.828885 0.828885 0.829796 0.829531 0.627673  0.33454 0.829733        0  0.82962 0.829808 0.829543 0.627676 0.334536 0.829747        0 0.829581
 0.82992        0 0.859033 0.829875   0.8299 0.829796 0.829808 0.829797  0.89251 0.887614  0.82961 0.829634 0.829531 0.829543 0.319678 0.627736 0.859033 0.627711 0.627725 0.627673 0.627676 0.319678 0.334543        0 0.334539 0.334542  0.33454 0.334536 0.829791 0.829648 0.892568 0.887662 0.829841 0.829733 0.829747 0.829798 0.829655 0.892604 0.887694        0        0        0 0.829738 0.829595 0.892564 0.887651 0.829654  0.82968 0.829581 0.829755 0.829612 0.892523 0.887619 0.829707 0.829732  0.82962
0.830986 0.830234 0.467348  0.83098 0.830986 0.830928 0.830945 0.830986 0.628268 0.334571 0.830712 0.830719  0.83066 0.830677 0.830234 0.628268 0.334551  0.62827 0.628269  0.62824 0.628253 0.467348 0.334571 0.334551 0.334577 0.334572  0.33457 0.334577  0.83098 0.830712  0.62827 0.334577 0.829968 0.829972 0.829972 0.830986 0.830719 0.628269 0.334572 0.829968 0.829968 0.829968 0.830928  0.83066  0.62824  0.33457 0.829972 0.829968 0.829983 0.830945 0.830677 0.628253 0.334577 0.829972 0.829968 0.829983
 1.4517e-06 6.12765e-07   0.0764967 1.56269e-06 1.50474e-06 1.69076e-06  1.6876e-06  1.4517e-06   0.0397119   0.0754392 1.79019e-06 1.73142e-06 1.91908e-06 1.91652e-06    0.072463   0.0397119   0.0760488   0.0397119   0.0397119   0.0397119   0.0397119   0.0764967   0.0754392   0.0754392   0.0754392   0.0754392   0.0754392   0.0754392 1.56269e-06 1.79019e-06   0.0397119   0.0754392 9.45834e-07 1.14602e-06 1.13524e-06 1.50474e-06 1.73142e-06   0.0397119   0.0754392 8.87409e-07 8.87409e-07 8.87409e-07 1.69076e-06 1.91908e-06   0.0397119   0.0754392 1.14602e-06 1.09099e-06 1.27284e-06  1.6876e-06 1.91652e-06   0.0397119   0.0754392 1.13524e-06 1.07984e-06 1.27284e-06
