8	12	12	1
 1  0  0  0  0  4  0  0  0  0 11  0
 0  0  3  0  0  0  0  0  9  0  0  0
 1  0  0  0  0  4  0  6  0  0  0 12
 0  0  0  0 10  0  0  0  0  7  0  0
 1  0  0  2  0  0  0  0  0  0  0  0
 0  0  3  2  0  0  0  0  0  0  0  0
 1  8  0  2  0  0  5  6  0  0  0  0
 0  0  0  2  0  0  5  0  0  7  0  0
0.3	0.9	1	0.6	0.9	0.9	0.7	1	0.4	0.7	0.8	0.1	
0.294	0.076	0.354	0.251	0.79	0.053	0.228	0.736	
------target--------
6
------result--------
2	
------details--------
0.925459  0.95138 0.925533 0.925391 0.925406 0.958743 0.925353 0.925263
0.925958 0.481182 0.926012 0.925804 0.925754 0.882003 0.925753 0.925727
 2.6737e-07   0.0432126 5.47009e-08 2.92279e-07 2.12675e-07   0.0104686 2.89742e-07 3.68418e-07
------result2--------
6	5	
------details2--------
0.951332 0.925443   0.9253 0.925315 0.958724 0.925262 0.925171 0.951332 0.951379 0.949165 0.958558 0.958558 0.958223 0.957576 0.925443 0.951379 0.925374 0.925389 0.958753 0.925336 0.925246   0.9253 0.949165 0.925374 0.925195 0.957798 0.925146 0.925195 0.925315 0.958558 0.925389 0.925195        0        0        0 0.958724        0 0.958753 0.957798 0.958743 0.958406 0.957757 0.925262 0.958223 0.925336 0.925146 0.925353 0.958406 0.925215 0.925171 0.957576 0.925246        0 0.925263 0.957757 0.925215
0.481525 0.925924 0.925714 0.925664 0.881947 0.925663 0.925637 0.951601 0.951412 0.954967 0.941334 0.941334 0.944383 0.947582 0.925942  0.48136 0.925788 0.925738 0.881997 0.925737 0.925711 0.925801 0.501194 0.925857 0.925609 0.891876 0.925597 0.925609 0.925816 0.427167 0.925872 0.925666 0.925406 0.925406 0.925406 0.958828 0.958743 0.958462  0.95991        0 0.960933 0.960588 0.925763 0.429571  0.92582  0.92561        0        0 0.925613 0.925674 0.434421 0.925733 0.925263        0        0 0.925583
0.951601 0.925942 0.925801 0.925816 0.958828 0.925763 0.925674 0.481525  0.48136 0.501194 0.427167 0.965024 0.429571 0.434421 0.925924 0.951412 0.925857 0.925872 0.958462  0.92582 0.925733 0.925714 0.954967 0.925788 0.925666  0.95991  0.92561 0.925644 0.925664 0.941334 0.925738 0.925609        0        0        0 0.881947 0.941334 0.881997 0.891876        0        0        0 0.925663 0.944383 0.925737 0.925597 0.925749 0.960933 0.925583 0.925637 0.947582 0.925711 0.925609 0.925672 0.960588 0.925613
0.479604 0.926422 0.926214 0.926164 0.882256 0.926163 0.926137 0.479604 0.475977  0.45165 0.589682 0.278213  0.55148  0.51652 0.926422 0.475977 0.926268 0.926218 0.882155 0.926217 0.926192 0.926214  0.45165 0.926268 0.926106 0.858823 0.926086 0.925832 0.926164 0.589682 0.926218 0.926106 0.925754 0.925754 0.925754 0.882256 0.278213 0.882155 0.858823 0.925754  0.91935 0.909308 0.926163  0.55148 0.926217 0.926086 0.925754  0.91935 0.925772 0.926137  0.51652 0.926192 0.925832 0.925754 0.909308 0.925772
  0.0432128 3.22506e-07 5.60996e-07 4.81497e-07   0.0104686 5.58952e-07 6.38068e-07   0.0432128   0.0432127   0.0433596   0.0445861    0.056635   0.0441027   0.0436394 3.22506e-07   0.0432127 3.47569e-07 2.67958e-07   0.0104686 3.45192e-07 4.24097e-07 5.60996e-07   0.0433596 3.47569e-07 5.99509e-07   0.0109384 6.70815e-07 4.96249e-07 4.81497e-07   0.0445861 2.67958e-07 5.99509e-07 2.12675e-07 2.12675e-07 2.12675e-07   0.0104686   0.0566262   0.0104686   0.0109384     0.05845   0.0511115   0.0398567 5.58952e-07   0.0441027 3.45192e-07 6.70815e-07 2.89754e-07   0.0511115  4.3394e-07 6.38068e-07   0.0436394 4.24097e-07 4.24176e-07 3.74965e-07   0.0398567  4.3394e-07
