8	12	12	1
 0  0  3  2  0  0 11  0  1  0  0  0
 0  5  0  2  0  0  0  0  1  6  0  0
 0  0  3  2  9  7  0  0  1  0  0  0
10  5  0  2  0  7  0  0  1  0  0  8
 0  0  3  0  0  0  0 12  1  0  4  0
 0  0  0  0  0  0  0  0  1  6  4  0
 0  0  3  0  0  0  0  0  1  0  4  0
 0  0  0  0  0  0  0  0  1  0  4  8
0.4	0.5	0.2	0.8	0.3	0.7	1	0.3	0.9	0.1	0.7	0.6	
0.476	0.179	0.199	0.021	0.706	0.831	0.123	0.028	
------target--------
8
------result--------
4	
------details--------
 0.95978  0.95985 0.959857 0.973344 0.959807  0.95983 0.959855 0.974256
0.960069 0.960099 0.960119 0.352803 0.960049 0.960054 0.960021 0.847196
2.35833e-07 6.39581e-08 4.77915e-08   0.0340099 1.49099e-07 9.81755e-08 3.23488e-08   0.0138711
------result2--------
8	7	
------details2--------
 0.959758  0.959765  0.973312  0.959715  0.959738  0.959763  0.974231  0.959758  0.959835  0.973289  0.959782         0   0.95983  0.974267  0.959765  0.959835  0.973346  0.959792  0.959815   0.95984   0.97426  0.973312  0.973289  0.973346  0.974211   0.97423  0.974219  0.974219  0.959715  0.959782  0.959792  0.974211  0.959782  0.959807  0.974248  0.959738         0  0.959815   0.97423  0.959782   0.95983  0.974267  0.959763   0.95983   0.95984  0.974219         0         0         0  0.974231  0.974267   0.97426         0  0.974248  0.974267  0.974256
 0.960008  0.960029  0.352996  0.959958  0.959964   0.95993  0.847026  0.960048  0.960099   0.35411  0.960031   0.95985  0.960014  0.854127  0.960055  0.960084  0.352887  0.960035   0.96004  0.960007  0.847143  0.973414  0.973921  0.973312  0.970963  0.969449  0.965539  0.965539  0.960005  0.960047  0.960057   0.33973  0.960047         0         0  0.960029   0.95983   0.96008   0.33943  0.960042         0         0  0.960053  0.960093  0.960103  0.339145  0.959855  0.959855  0.959855   0.97431  0.974143  0.974193  0.974256  0.974289  0.974143         0
 0.960048  0.960055  0.973414  0.960005  0.960029  0.960053   0.97431  0.960008  0.960084  0.973921  0.960047         0  0.960093  0.974143  0.960029  0.960099  0.973312  0.960057   0.96008  0.960103  0.974193  0.352996   0.35411  0.352887   0.33973   0.33943  0.339145  0.978868  0.959958  0.960031  0.960035  0.970963  0.960042  0.960066  0.974289  0.959964  0.960014   0.96004  0.969449  0.960047  0.960093  0.974143   0.95993  0.960014  0.960007  0.965539         0         0         0  0.847026  0.854127  0.847143  0.965539         0         0         0
 0.960297  0.960318   0.35238  0.960248  0.960253   0.96022  0.847569  0.960297  0.960347  0.339137  0.960304  0.960099   0.96029  0.638677  0.960318  0.960347  0.351368  0.960298  0.960302  0.960269  0.848103   0.35238  0.339137  0.351368  0.395923  0.429838  0.558247 0.0515459  0.960248  0.960304  0.960298  0.395923  0.960058  0.960021  0.937255  0.960253  0.960099  0.960302  0.429838  0.960058  0.960021  0.948441   0.96022   0.96029  0.960269  0.558247  0.960021  0.960021  0.960021  0.847569  0.638677  0.848103 0.0515459  0.937255  0.948441  0.960021
3.00517e-07 2.84058e-07     0.03401 3.86316e-07 3.35019e-07  2.6847e-07   0.0138712 3.00517e-07 1.12116e-07   0.0340114 2.22477e-07 6.39581e-08 1.03619e-07   0.0143671 2.84058e-07 1.12116e-07   0.0340099 1.97421e-07 1.46398e-07 8.02253e-08   0.0138711     0.03401   0.0340114   0.0340099   0.0340746   0.0341207   0.0342559    0.044525 3.86316e-07 2.22477e-07 1.97421e-07   0.0340746 2.06825e-07 1.50748e-07   0.0382812 3.35019e-07 1.02419e-07 1.46398e-07   0.0341207 2.06825e-07 1.01267e-07   0.0417367  2.6847e-07 1.03619e-07 8.02253e-08   0.0342559 3.23488e-08 3.23488e-08 3.23488e-08   0.0138712   0.0143671   0.0138711   0.0445218   0.0382812   0.0417367   0.0455014
