8	12	12	1
 0  0  0  0  1  0  0  0  0  0  8 12
 0  0  0  0  1  0  0  0  6  0  0  0
 0  0  0  0  1  0  0 11  0  3  0  0
 4  0  0  0  1  0  0  0  0  3  0  0
 0  0  2  7  1  0  0  0  0  0  8  0
 0 10  2  7  1  0  0  0  6  0  0  0
 0  0  2  0  1  9  5  0  0  3  0  0
 4  0  2  0  1  0  5  0  0  3  0  0
0.4	0.1	0.3	0.9	0.1	0.2	0.8	0.8	0.7	0.8	0.6	0.5	
0.846	0.838	0.775	0.789	0.921	0.074	0.318	0.137	
------target--------
8
------result--------
7	
------details--------
0.820886 0.821189  0.82118 0.821392 0.821147 0.821182 0.884951 0.893487
0.822187 0.822374 0.822382 0.822471 0.822331 0.822372 0.384451 0.671551
1.37634e-06  1.1608e-06 1.19602e-06 7.72808e-07 1.18195e-06 1.17404e-06   0.0728004   0.0345799
------result2--------
8	4	
------details2--------
0.820387 0.820379 0.820593 0.820886  0.82038 0.884679 0.893436 0.820387 0.820686   0.8209 0.820653        0 0.884739 0.893391 0.820379 0.820686 0.820891 0.820644 0.820679 0.884717 0.893363 0.820593   0.8209 0.820891 0.820858 0.820893 0.892813        0        0 0.820653 0.820644 0.820858 0.820646 0.884721 0.893383  0.82038 0.821182 0.820679 0.820893 0.820646 0.884741 0.893396 0.884679 0.884739 0.884717 0.892813 0.884721 0.884741 0.892813 0.893436 0.893391 0.893363 0.893487 0.893383 0.893396        0
0.821586 0.821594 0.821685        0 0.821584 0.386906 0.671811   0.8217 0.821896 0.821986 0.821845 0.821189 0.385578 0.671608 0.821691 0.821879 0.821978 0.821836 0.821877 0.385455 0.671567 0.821903  0.82209 0.822098 0.822047 0.822088 0.363426 0.821392 0.821147 0.821846 0.821855 0.821945 0.821845 0.385686 0.671614 0.821693        0 0.821889  0.82198 0.821838 0.385644  0.67162 0.885125 0.885251 0.885281 0.863837 0.885233 0.885244 0.863837  0.89352 0.893623 0.893662        0 0.893615 0.893614 0.893487
  0.8217 0.821691 0.821903 0.821786 0.821693 0.885125  0.89352 0.821586 0.821879  0.82209 0.821846        0 0.885251 0.893623 0.821594 0.821896 0.822098 0.821855 0.821889 0.885281 0.893662 0.821685 0.821986 0.821978 0.821945  0.82198 0.863837        0        0 0.821845 0.821836 0.822047 0.821838 0.885233 0.893615 0.821584 0.822195 0.821877 0.822088 0.821845 0.885244 0.893614 0.386906 0.385578 0.385455 0.363426 0.385686 0.385644 0.904244 0.671811 0.671608 0.671567        0 0.671614  0.67162 0.863837
0.822888 0.822896 0.822988 0.822331 0.822886 0.382834 0.671381 0.822888 0.823082 0.823174 0.823031 0.822374 0.382816 0.671469 0.822896 0.823082 0.823182 0.823039 0.823081 0.383005 0.671528 0.822988 0.823174 0.823182 0.823131 0.823172 0.461322 0.822471 0.822331 0.823031 0.823039 0.823131 0.823029 0.382902 0.671473 0.822886 0.822374 0.823081 0.823172 0.823029 0.382748 0.671453 0.382834 0.382816 0.383005 0.461322 0.382902 0.382748  0.14476 0.671381 0.671469 0.671528 0.822471 0.671473 0.671453  0.14476
2.55157e-06 2.58622e-06 2.16221e-06 1.49636e-06  2.5652e-06   0.0728016   0.0345799 2.55157e-06 2.36713e-06 1.94292e-06 2.35357e-06  1.1608e-06   0.0728011   0.0345799 2.58622e-06 2.36713e-06 1.97772e-06 2.38845e-06  2.3806e-06   0.0728011     0.03458 2.16221e-06 1.94292e-06 1.97772e-06 1.96425e-06 1.95643e-06   0.0739167 7.72808e-07 1.18195e-06 2.35357e-06 2.38845e-06 1.96425e-06 2.36707e-06   0.0728011   0.0345799  2.5652e-06 1.17446e-06  2.3806e-06 1.95643e-06 2.36707e-06   0.0728012   0.0345799   0.0728016   0.0728011   0.0728011   0.0739167   0.0728011   0.0728012     0.10934   0.0345799   0.0345799     0.03458    0.115877   0.0345799   0.0345799    0.109314
