8	12	12	1
 0  0  0  0  1  6  0  0  0  0  4 12
 5  0  0  0  0  0  0  0  0  0  4  0
 0  8  9  0  1  6  0  0  0  3  4  0
 5  0  9  0  0  0  0  0  0  3  4  0
 0  0  0  0  1  0  7  0  2  0  0  0
 0  0  0  0  0  0  7  0  2  0  0  0
 0  8  0 10  1  0  0  0  2  3  0  0
 0  0  0 10  0  0  0 11  2  3  0  0
0.2	0.9	0.1	0.2	0.2	0.8	0.2	1	0.1	0.9	0.5	0.5	
0.757	0.477	0.037	0.125	0.327	0.798	0.765	0.205	
------target--------
4
------result--------
3	
------details--------
0.833883 0.834194 0.843414 0.844045 0.833997 0.833997 0.834055 0.833931
0.834932 0.834238 0.207021 0.748713 0.835017 0.835017 0.835072 0.834981
8.35105e-07 5.69745e-10   0.0141017  0.00275083 5.95154e-07 5.95154e-07 4.51707e-07 7.56188e-07
------result2--------
2	3	
------details2--------
0.833879 0.843197  0.84384 0.833679 0.833679 0.833738 0.833613 0.833879 0.844045        0 0.833992 0.833992  0.83405 0.833926 0.843197 0.844045        0 0.843337 0.843337 0.843356 0.843257  0.84384 0.844045        0 0.843981 0.843981 0.843996   0.8439 0.833679 0.833992 0.843337 0.843981        0 0.833851 0.833726 0.833679 0.833992 0.843337 0.843981        0 0.833851 0.833726 0.833738  0.83405 0.843356 0.843996 0.833851 0.833851        0 0.833613 0.833926 0.843257   0.8439 0.833726 0.833726 0.833931
 0.83393 0.207075 0.748331 0.834709 0.834709 0.834764  0.83467 0.834927 0.197919 0.834194 0.835013 0.835013 0.835068 0.834976 0.843921 0.837046 0.843414 0.843731 0.843731  0.84377 0.843876 0.844522        0 0.844045 0.844305 0.844305 0.844341 0.844468 0.834734 0.834046 0.207085 0.748297 0.833997 0.834878 0.834784 0.834734 0.834046 0.207085 0.748297 0.833997 0.834878 0.834784 0.834791 0.834102 0.207066 0.748427 0.834879 0.834879 0.834055 0.834668 0.833979 0.207072 0.748296 0.834757 0.834757        0
0.834927 0.843921 0.844522 0.834734 0.834734 0.834791 0.834668  0.83393 0.837046        0 0.834046 0.834046 0.834102 0.833979 0.207075 0.197919        0 0.207085 0.207085 0.207066 0.207072 0.748331 0.197919 0.837046 0.748297 0.748297 0.748427 0.748296 0.834709 0.835013 0.843731 0.844305        0 0.834879 0.834757 0.834709 0.835013 0.843731 0.844305        0 0.834879 0.834757 0.834764 0.835068  0.84377 0.844341 0.834878 0.834878        0  0.83467 0.834976 0.843876 0.844468 0.834784 0.834784 0.834868
0.834978 0.206891 0.749632 0.835756 0.835756  0.83581 0.835719 0.834978 0.417961 0.834238  0.83506  0.83506 0.835114 0.835025 0.206891 0.417961 0.207021 0.206741 0.206741 0.206727 0.206864 0.749632 0.834238 0.207021 0.750502 0.750502 0.750555 0.749984 0.835756  0.83506 0.206741 0.750502 0.835017 0.835898 0.835806 0.835756  0.83506 0.206741 0.750502 0.835017 0.835898 0.835806  0.83581 0.835114 0.206727 0.750555 0.835898 0.835898 0.835072 0.835719 0.835025 0.206864 0.749984 0.835806 0.835806 0.835072
8.35879e-07   0.0141021  0.00275126 1.43901e-06 1.43901e-06 1.29336e-06 1.59972e-06 8.35879e-07   0.0141882 5.69745e-10 5.95974e-07 5.95974e-07 4.52458e-07 7.56981e-07   0.0141021   0.0141882   0.0141017   0.0141018   0.0141018   0.0141018    0.014102  0.00275126   0.0139207   0.0141165   0.0027511   0.0027511  0.00275103  0.00275119 1.43901e-06 5.95974e-07   0.0141018   0.0027511 5.95154e-07 1.05477e-06 1.36091e-06 1.43901e-06 5.95974e-07   0.0141018   0.0027511 5.95154e-07 1.05477e-06 1.36091e-06 1.29336e-06 4.52458e-07   0.0141018  0.00275103 1.05477e-06 1.05477e-06 4.51707e-07 1.59972e-06 7.56981e-07    0.014102  0.00275119 1.36091e-06 1.36091e-06 7.65624e-07
