8	12	12	1
 0  0  1  0  0  0  0 12  2  0  0  8
 0  0  1  0  0  0  5  0  2  0  0  0
10  0  1  0  0  0  0  0  0  7  0  0
 0  0  1  0  0  4  5  0  0  7  0  0
 0  0  0  0  0  0  0  0  2  0 11  8
 0  0  0  0  3  0  0  0  2  0  0  0
 0  0  0  6  0  0  0  0  0  0  0  0
 0  9  0  6  3  4  0  0  0  0  0  0
0.5	1	0.2	0.6	0.3	0.9	0.8	1	0.6	0.8	1	1	
0.821	0.409	0.018	0.143	0.49	0.344	0.435	0.243	
------target--------
4
------result--------
3	
------details--------
 0.811067  0.811312   0.87625  0.887022   0.81132  0.811615  0.811464  0.811201
 0.812407  0.812958 0.0828962  0.647757  0.812572  0.812744   0.81264  0.812496
1.46804e-06  1.6658e-06    0.116584   0.0378237 1.12233e-06 3.67463e-07 7.81517e-07 1.32367e-06
------result2--------
3	4	
------details2--------
  0.81065  0.875933  0.886839  0.810658  0.810955  0.810803  0.810536   0.81065  0.886853         0  0.810905  0.811201   0.81105  0.810784  0.875933  0.886853  0.886853  0.876055  0.876242  0.876163  0.876095  0.886839  0.887022         0  0.886908  0.887052  0.887001  0.887007  0.810658  0.810905  0.876055  0.886908  0.811209  0.811057  0.810791  0.810955  0.811201  0.876242  0.887052  0.811209  0.811352         0  0.810803   0.81105  0.876163  0.887001  0.811057  0.811352         0  0.810536  0.810784  0.876095  0.887007  0.810791  0.811201  0.811201
 0.812303 0.0830374  0.647358  0.811917  0.812094  0.811987  0.811842  0.811996 0.0729148  0.811312  0.812162  0.812335  0.812231  0.812086  0.876579  0.846091  0.846091   0.87666  0.876324  0.876556  0.876478   0.88721         0  0.887022  0.887259  0.886745  0.887095  0.887043  0.812003  0.812555 0.0829821  0.647512  0.812344  0.812238  0.812094  0.812297  0.812848 0.0829519  0.647691  0.812463  0.812533  0.811615  0.812147  0.812698  0.082978  0.647601  0.812313   0.81249  0.811464  0.811885  0.812436 0.0830763  0.647442  0.812051         0         0
 0.811996  0.876579   0.88721  0.812003  0.812297  0.812147  0.811885  0.812303  0.846091         0  0.812555  0.812848  0.812698  0.812436 0.0830374 0.0729148  0.907592 0.0829821 0.0829519  0.082978 0.0830763  0.647358         0  0.846091  0.647512  0.647691  0.647601  0.647442  0.811917  0.812162   0.87666  0.887259  0.812463  0.812313  0.812051  0.812094  0.812335  0.876324  0.886745  0.812344   0.81249         0  0.811987  0.812231  0.876556  0.887095  0.812238  0.812533         0  0.811842  0.812086  0.876478  0.887043  0.812094  0.812418  0.812322
 0.813644 0.0827481  0.648175  0.813258   0.81343  0.813326  0.813183  0.813644  0.141738  0.812958  0.813809  0.813987  0.813879  0.813736 0.0827481  0.141738 0.0220723 0.0827143 0.0823719 0.0826052  0.082627  0.648175  0.812958 0.0220723  0.648274  0.648378   0.64831  0.648226  0.813258  0.813809 0.0827143  0.648274  0.813594  0.813491  0.813348   0.81343  0.813987 0.0823719  0.648378  0.813594  0.813669  0.812744  0.813326  0.813879 0.0826052   0.64831  0.813491  0.813669   0.81264  0.813183  0.813736  0.082627  0.648226  0.813348  0.812744   0.81264
3.14418e-06    0.116584   0.0378239 2.59924e-06    1.84e-06 2.25697e-06  2.8048e-06 3.14418e-06    0.118158  1.6658e-06 2.79601e-06 2.03739e-06 2.45401e-06 3.00133e-06    0.116584    0.118158    0.131378    0.116584    0.116584    0.116584    0.116584   0.0378239    0.121171    0.131366   0.0378238   0.0378237   0.0378237   0.0378238 2.59924e-06 2.79601e-06    0.116584   0.0378238 1.49319e-06 1.90949e-06 2.45595e-06    1.84e-06 2.03739e-06    0.116584   0.0378237 1.49319e-06 1.15502e-06 3.67463e-07 2.25697e-06 2.45401e-06    0.116584   0.0378237 1.90949e-06 1.15502e-06 7.81517e-07  2.8048e-06 3.00133e-06    0.116584   0.0378238 2.45595e-06 1.34945e-06  1.3569e-06
