8	12	12	1
 1  0  0  0  0  0  0  6  0  3  0  0
 1  0  0  0  0  0  0  0  0  3  0  0
 1  7  0  0 10  5  0  6  2  0  0  0
 1  7  8  0  0  0  0  0  2  0  0  0
 1  0  0  4  0  0  0  0  0  3  9 12
 1  0  0  0  0  0  0  0  0  3  9  0
 1  0  0  4  0  5 11  0  2  0  0  0
 1  0  8  0  0  0  0  0  2  0  0  0
0.2	0.1	0.1	0.8	0.4	0.2	0.2	0.4	1	0.1	0.4	0.7	
0.102	0.232	0.058	0.494	0.637	0.692	0.7	0.543	
------target--------
1
------result--------
3	
------details--------
0.896194 0.862463 0.895677 0.862384 0.862022 0.862249 0.862357 0.862384
0.336422 0.862589 0.323137 0.863244 0.862945 0.863063 0.863215 0.863244
  0.0487018  1.5288e-09   0.0488853 2.70619e-07 8.96058e-07  5.4765e-07 3.44125e-07 2.70619e-07
------result2--------
1	2	
------details2--------
 0.896194         0  0.896242  0.896078  0.896151  0.896229  0.896242         0  0.895866  0.862381         0         0  0.862354  0.862381  0.895866  0.895866  0.895722  0.895747  0.895821  0.895708  0.895722  0.896242  0.862381  0.895722  0.861936  0.862165  0.862274         0  0.896078  0.862022  0.895747  0.861936  0.862022   0.86191  0.861936  0.896151  0.862249  0.895821  0.862165         0  0.862138  0.862165  0.896229  0.862354  0.895708  0.862274   0.86191  0.862138  0.862274  0.896242  0.862381  0.895722         0  0.861936  0.862165  0.862274
        0  0.896194   0.89574  0.896325  0.896323  0.895956   0.89574  0.862463  0.322204  0.863241  0.862463  0.862463  0.863212  0.863241  0.887885  0.887885  0.895253  0.895601   0.89528  0.895463  0.895253  0.337592  0.862514  0.323142  0.862864  0.862983  0.863137  0.862384         0         0  0.322551  0.862813         0   0.86278  0.862813         0         0  0.322368  0.863033  0.862249  0.863002  0.863033   0.33731  0.862486  0.323142  0.863141  0.862837  0.862957  0.863141  0.337592  0.862514  0.323142  0.862384  0.862864  0.862983  0.863137
        0  0.887885  0.337592         0         0   0.33731  0.337592         0  0.887885  0.862514         0         0  0.862486  0.862514  0.911191  0.322204  0.323142  0.322551  0.322368  0.323142  0.323142   0.89574  0.863241  0.895253  0.862813  0.863033  0.863141         0  0.896325  0.862963  0.895601  0.862864  0.862797  0.862837  0.862864  0.896323  0.863109   0.89528  0.862983         0  0.862957  0.862983  0.895956  0.863212  0.895463  0.863137   0.86278  0.863002  0.863137   0.89574  0.863241  0.895253         0  0.862813  0.863033  0.863141
 0.862589 0.0111758  0.324677  0.499921  0.623251  0.330033  0.324677  0.862589  0.369421  0.863372  0.862589  0.862589  0.863348  0.863372 0.0111758  0.369421  0.323086  0.323788  0.325322  0.323102  0.323086  0.324677  0.863372  0.323086  0.863728  0.863847  0.863998  0.863244  0.499921  0.862589  0.323788  0.863728  0.863063  0.863699  0.863728  0.623251  0.862589  0.325322  0.863847  0.863063  0.863818  0.863847  0.330033  0.863348  0.323102  0.863998  0.863699  0.863818  0.863998  0.324677  0.863372  0.323086  0.863244  0.863728  0.863847  0.863998
  0.0777757   0.0770124   0.0487038   0.0590761   0.0656359   0.0487026   0.0487038  1.5288e-09   0.0488982 2.72337e-07  1.5288e-09  1.5288e-09 3.45818e-07 2.72337e-07   0.0770384   0.0488982   0.0488854   0.0488854   0.0488858   0.0488853   0.0488854   0.0487038 2.72337e-07   0.0488854 1.17359e-06 8.23179e-07 6.19057e-07 2.70619e-07   0.0590761 9.09261e-07   0.0488854 1.17359e-06 9.31663e-07 1.24736e-06 1.17359e-06   0.0656359 5.72142e-07   0.0488858 8.23179e-07  5.4765e-07 8.96791e-07 8.23179e-07   0.0487026 3.45818e-07   0.0488853 6.19057e-07 1.24736e-06 8.96791e-07 6.19057e-07   0.0487038 2.72337e-07   0.0488854 2.70619e-07 1.17359e-06 8.23179e-07 6.19057e-07
