8	12	12	1
 0  0  0  0  0  0  0  0  0  0  0  3
 4  0  0  0  0  0  0  0  0  0  0  3
 0  0  0  1  0  0  0  7  0  0  0  3
 0  0  0  1  0  0  6  0  0  0  0  3
 0  5  0  0 11  2  0  0  0  0  0  0
 4  0  0  0  0  2  0  0  0 10  8  0
 0  5  9  1  0  2  0  7  0  0  0  0
 0  0  9  1  0  2  6  0 12  0  8  0
0.1	0.4	1	1	0.2	0.6	0.7	0.3	0.9	0.2	0.5	0.7	
0.933	0.633	0.536	0.119	0.977	0.724	0.026	0.018	
------target--------
4
------result--------
8	
------details--------
0.841531 0.841478 0.841427 0.894976 0.841989 0.842024 0.842115  0.87653
0.842694 0.842679 0.842647 0.801607 0.842963 0.842889 0.842574 0.372872
1.26598e-06 1.33435e-06 1.34573e-06  0.00834504 5.10245e-07 3.66966e-07 6.59472e-08   0.0427288
------result2--------
4	1	
------details2--------
       0        0        0 0.841359 0.841355  0.84141 0.894763 0.841478 0.841375 0.894892 0.841305        0 0.841358 0.894679 0.841427 0.841375 0.894522 0.841254  0.84125        0 0.894307 0.894976 0.894892 0.894522 0.895045 0.894964 0.894525        0 0.841359 0.841305 0.841254 0.895045 0.841853 0.841946 0.876473 0.841355 0.841355  0.84125 0.894964 0.841853 0.841984 0.875973  0.84141 0.841358  0.84141 0.894525 0.841946 0.841984        0 0.894763 0.894679 0.894307 0.894763 0.876473 0.875973 0.875114
0.841531 0.841531 0.841531 0.842342 0.842335 0.842237 0.287408        0  0.84217        0 0.842292 0.841478 0.842183 0.287731        0 0.842272        0 0.842242 0.842232 0.841427 0.293228        0 0.896332 0.898038 0.894652 0.895034 0.897635 0.894976 0.842527 0.842512  0.84248 0.801436 0.842727 0.842409 0.372809 0.842566 0.842566 0.842517 0.803502 0.842835 0.842426 0.375963 0.842656 0.842639 0.842656 0.805882 0.842921 0.842841 0.842115 0.861476 0.863069 0.864995 0.861476 0.876803 0.879603 0.894347
       0        0        0 0.842527 0.842566 0.842656 0.861476 0.842382 0.842272 0.896332 0.842512 0.842566 0.842639 0.863069 0.842225  0.84217 0.898038  0.84248 0.842517 0.842656 0.864995        0        0        0 0.801436 0.803502 0.805882 0.861476 0.842342 0.842292 0.842242 0.894652 0.842835 0.842921 0.876803 0.842335 0.842312 0.842232 0.895034 0.842727 0.842841 0.879603 0.842237 0.842183 0.842337 0.897635 0.842409 0.842426 0.894347 0.287408 0.287731 0.293228 0.901963 0.372809 0.375963 0.212726
0.842694 0.842694 0.842694 0.843506 0.843535 0.843496 0.497476 0.842694 0.842697 0.840161 0.843492 0.843218 0.843446 0.480615 0.842694 0.842697 0.836911  0.84346 0.843472 0.842594 0.458555 0.842694 0.840161 0.836911 0.802437 0.789382 0.721373 0.249563 0.843506 0.843492  0.84346 0.802437 0.843703 0.843387 0.373179 0.843535 0.843218 0.843472 0.789382 0.843703  0.84333 0.356424 0.843496 0.843446 0.842594 0.721373 0.843387  0.84333 0.688072 0.497476 0.480615 0.458555 0.249563 0.373179 0.356424 0.688072
1.26598e-06 1.26598e-06 1.26598e-06 1.78346e-06 1.72915e-06 1.47551e-06   0.0454706 1.34382e-06  1.4661e-06   0.0529952 1.85398e-06 1.46402e-06 1.53861e-06   0.0451339 1.39041e-06  1.4661e-06   0.0491766 1.86567e-06 1.80253e-06 1.34678e-06   0.0446264    0.055983   0.0529952   0.0491766  0.00834535  0.00838573  0.00890973    0.053759 1.78346e-06 1.85398e-06 1.86567e-06  0.00834535 8.84011e-07 5.77519e-07   0.0427289 1.72915e-06 1.63125e-06 1.80253e-06  0.00838573 8.84011e-07 4.30444e-07   0.0427437 1.47551e-06 1.53861e-06 1.36988e-06  0.00890973 5.77519e-07 4.30444e-07  0.00246807   0.0454706   0.0451339   0.0446264   0.0537625   0.0427289   0.0427437   0.0502256
