8	12	12	1
 6  0  0  0  0  0  0  0  1  0  0  8
 0  0  0  0  3  9  0  5  1  0  0  0
 6  0  0  2  0  0  0  0  1  0  0  0
 0  0  0  0  3  0  0  0  1  0  0  0
 0 10  0  0  0  0  0  0  1  7  0  8
 0  0  0  0  0  0  0  5  1  0 11  0
 0  0 12  2  0  0  4  0  1  7  0  0
 0  0  0  0  0  0  4  0  1  0  0  0
0.7	0.1	0.4	0.9	0.4	0.9	0.4	0.2	0.5	0.8	1	0.9	
0.138	0.443	0.506	0.437	0.769	0.057	0.833	0.799	
------target--------
1
------result--------
5	
------details--------
0.912773 0.818926 0.818879 0.819203 0.899728 0.819335 0.818819 0.819054
0.645545 0.820125 0.820707 0.820302 0.380052 0.820437 0.820023 0.820171
  0.0525081 1.14394e-06 2.25194e-06 5.57124e-07   0.0943286 1.65432e-07 1.21967e-06 8.74871e-07
------result2--------
1	3	
------details2--------
0.912761 0.912773 0.912796        0 0.912762 0.912889 0.912813 0.912761  0.81842 0.818926 0.899573 0.818879 0.818355 0.818594        0  0.81842 0.818699  0.91232 0.818833 0.818311 0.818548 0.912796        0 0.818699 0.899686 0.819156 0.818636 0.818873  0.91232 0.899573  0.91232 0.899686 0.899706 0.899621 0.899648 0.912762 0.818879 0.818833 0.819156 0.899706 0.818772 0.819007 0.912889 0.818355 0.818311 0.818636 0.899621 0.818772 0.818819 0.912813 0.818594 0.818548 0.818873 0.899648 0.819007        0
0.912791        0 0.912651 0.912773 0.913011 0.912641 0.912677 0.645514 0.820252        0 0.381799 0.819986 0.819571  0.81972 0.818879 0.819625 0.819804  0.35368 0.819939 0.819522 0.819672 0.645559 0.819203 0.820528 0.380982  0.82026 0.819846 0.819994 0.868253 0.899981 0.868253 0.899945 0.900226 0.899849  0.89992 0.645534 0.820079 0.820661 0.820256 0.380144 0.819977 0.820125 0.645627 0.819566 0.820143 0.819748 0.383551  0.81988        0 0.645568   0.8198 0.820379 0.819979 0.381749 0.820113 0.819054
0.645514        0 0.645559 0.868253 0.645534 0.645627 0.645568 0.912791 0.819625 0.819992 0.899981 0.820079 0.819566   0.8198        0 0.820252 0.820528 0.868253 0.820661 0.820143 0.820379 0.912651        0 0.819804 0.899945 0.820256 0.819748 0.819979 0.918624 0.381799  0.35368 0.380982 0.380144 0.383551 0.381749 0.913011 0.819986 0.819939  0.82026 0.900226  0.81988 0.820113 0.912641 0.819571 0.819522 0.819846 0.899849 0.819977 0.819773 0.912677  0.81972 0.819672 0.819994  0.89992 0.820125        0
0.645597 0.820707 0.645472 0.147001 0.645814 0.645451 0.645491 0.645597 0.821459 0.820302 0.377147 0.821184 0.820771 0.820919 0.820707 0.821459 0.821639 0.476038 0.821768  0.82136 0.821507 0.645472 0.820302 0.821639 0.375162 0.821361 0.820949 0.821096 0.147001 0.377147 0.476038 0.375162 0.377942 0.375958 0.375877 0.645814 0.821184 0.821768 0.821361 0.377942 0.821083  0.82123 0.645451 0.820771  0.82136 0.820949 0.375958 0.821083 0.820171 0.645491 0.820919 0.821507 0.821096 0.375877  0.82123 0.820171
  0.0525081     0.15044   0.0525081    0.140539   0.0525081   0.0525081   0.0525081   0.0525081 3.40906e-06 1.17433e-06   0.0943305 1.31066e-06 2.37933e-06 2.02917e-06 2.25194e-06 3.40906e-06 2.81654e-06   0.0969158 2.41888e-06 3.48909e-06 3.13844e-06   0.0525081 5.57124e-07 2.81654e-06   0.0943302 7.23267e-07 1.78605e-06 1.43803e-06     0.14055   0.0943305   0.0969158   0.0943302   0.0943287   0.0943334    0.094331   0.0525081 1.31066e-06 2.41888e-06 7.23267e-07   0.0943287 1.38675e-06 1.04141e-06   0.0525081 2.37933e-06 3.48909e-06 1.78605e-06   0.0943334 1.38675e-06 1.27821e-06   0.0525081 2.02917e-06 3.13844e-06 1.43803e-06    0.094331 1.04141e-06 8.74871e-07
