8	12	12	1
 6  0  1  0  0  0 11  3  0  0  0  0
 6  0  1  0  0  0  0  3  0  0  0 10
 0  0  1  0  0  0  0  0  7  0  9  0
 0  0  1  0  0  0  0  0  0  0  9  0
 0  0  1  0 12  2  0  3  0  8  0  0
 0  5  1  0  0  2  0  3  0  0  0 10
 0  0  1  4  0  2  0  0  7  8  0  0
 0  5  1  4  0  2  0  0  0  0  0  0
0.2	0.6	0.7	0.1	0.8	0.2	0.3	1	0.5	0.8	0.4	0.1	
0.341	0.012	0.224	0.726	0.32	0.024	0.674	0.547	
------target--------
6
------result--------
2	
------details--------
0.965584 0.967278 0.965534 0.965534  0.96547 0.967765 0.965505 0.965591
 0.96581 0.389418 0.965765 0.965765 0.965739 0.959576 0.965758 0.965645
6.62234e-08  0.00410337 1.71718e-07 1.71718e-07 2.73145e-07 0.000189623 2.29397e-07 8.31713e-09
------result2--------
2	8	
------details2--------
0.967264 0.965512 0.965512 0.965448 0.967754 0.965483 0.965569 0.967264 0.967228 0.967228 0.967165        0 0.967193 0.967765 0.965512 0.967228        0 0.965397 0.967724 0.965433 0.965519 0.965512 0.967228        0 0.965397 0.967724 0.965433 0.965519 0.965448 0.967165 0.965397 0.965397 0.967662  0.96547 0.965455 0.967754        0 0.967724 0.967724 0.967662 0.967687 0.967765 0.965483 0.967193 0.965433 0.965433        0 0.967687 0.965491 0.965569 0.967765 0.965519 0.965519 0.965455        0 0.965491
0.389514 0.965744 0.965744 0.965718  0.95954 0.965736 0.965624 0.967412  0.96739  0.96739  0.96739 0.967278 0.967408 0.965904 0.965741 0.389725 0.965534 0.965668 0.959465 0.965687 0.965574 0.965741 0.389725 0.965534 0.965668 0.959465 0.965687 0.965574 0.965677 0.389869 0.965631 0.965631  0.95941        0 0.965511 0.967869 0.967765 0.967856 0.967856 0.967866 0.967883        0 0.965712 0.389735 0.965666 0.965666 0.965505 0.959457 0.965545 0.965797 0.332431 0.965751 0.965751 0.965725 0.965591 0.965743
0.967412 0.965741 0.965741 0.965677 0.967869 0.965712 0.965797 0.389514 0.389725 0.389725 0.389869        0 0.389735 0.332431 0.965744  0.96739        0 0.965631 0.967856 0.965666 0.965751 0.965744  0.96739        0 0.965631 0.967856 0.965666 0.965751 0.965718  0.96739 0.965668 0.965668 0.967866 0.965671 0.965725  0.95954 0.965904 0.959465 0.959465  0.95941 0.959457 0.332431 0.965736 0.967408 0.965687 0.965687        0 0.967883 0.965743 0.965624 0.965904 0.965574 0.965574 0.965511        0 0.965545
0.388456 0.965971 0.965971 0.965945 0.959928 0.965963  0.96585 0.388456 0.388698 0.388698 0.388959 0.389418 0.388923 0.781682 0.965971 0.388698 0.965765   0.9659  0.95983 0.965918 0.965805 0.965971 0.388698 0.965765   0.9659  0.95983 0.965918 0.965805 0.965945 0.388959   0.9659   0.9659 0.959743 0.965758  0.96578 0.959928 0.389418  0.95983  0.95983 0.959743  0.95976 0.965645 0.965963 0.388923 0.965918 0.965918 0.965758  0.95976 0.965798  0.96585 0.781682 0.965805 0.965805  0.96578 0.965645 0.965798
  0.0041034  2.3888e-07  2.3888e-07 3.40333e-07  0.00018968 2.96372e-07 7.46935e-08   0.0041034  0.00410346  0.00410346  0.00410357  0.00410337  0.00410355    0.004249  2.3888e-07  0.00410346 1.71718e-07 4.47196e-07 0.000189762 4.02941e-07 1.80405e-07  2.3888e-07  0.00410346 1.71718e-07 4.47196e-07 0.000189762 4.02941e-07 1.80405e-07 3.40333e-07  0.00410357 4.47196e-07 4.47196e-07  0.00018984 2.82621e-07 2.81878e-07  0.00018968  0.00411382 0.000189762 0.000189762  0.00018984 0.000189807  0.00416115 2.96372e-07  0.00410355 4.02941e-07 4.02941e-07 2.29397e-07 0.000189807 2.38042e-07 7.46935e-08    0.004249 1.80405e-07 1.80405e-07 2.81878e-07 8.31713e-09 2.38042e-07
