8	12	12	1
 7  0  0  0  0  0  0  0  0  1  0  8
 0  0  0  0  0  0 10  0  0  1  0  8
 0  0  0  0  4  0  0  0  0  1 11  0
 0  0  0  0  0  0  0  5  0  1  0  0
 7 12  2  3  0  0  0  0  0  1  0  0
 0  0  2  3  0  9  0  0  6  1  0  0
 0  0  2  0  4  0  0  0  0  1  0  0
 0  0  2  0  0  0  0  5  6  1  0  0
0.3	0.4	0.8	0.1	0.5	0.1	0.4	0.8	0.7	0.1	1	1	
0.926	0.849	0.606	0.646	0.406	0.247	0.686	0.143	
------target--------
8
------result--------
6	
------details--------
0.813456 0.813208 0.813627 0.813748 0.814172 0.867831  0.81399 0.882592
0.814925 0.814814 0.814933 0.815342 0.815302 0.228119 0.815142 0.718644
1.71642e-06 1.78899e-06 1.40103e-06 1.95502e-06 5.15337e-07    0.077137 9.18861e-07   0.0213495
------result2--------
6	8	
------details2--------
        0   0.81274  0.812864  0.813292  0.867231  0.813107  0.882188  0.813208  0.812486  0.812613  0.813042  0.867187  0.812856  0.882275   0.81274  0.812486  0.813034  0.813462  0.867497  0.813627  0.882502  0.812864  0.812613  0.813034  0.813585  0.882412  0.813401         0  0.813292  0.813042  0.813462  0.813585  0.867778  0.813827  0.882608  0.867231  0.867187  0.867497  0.882412  0.867778  0.867686  0.882412  0.813107  0.812856         0  0.813401  0.813827  0.867686  0.882576  0.882188  0.882275  0.882502  0.882592  0.882608         0  0.882576
 0.813456  0.814057  0.814467  0.814432  0.229052  0.814269  0.718003         0  0.813811   0.81422  0.814188  0.230391  0.814024  0.717816  0.814219  0.814108  0.814638  0.814605  0.229951         0  0.718124  0.814341  0.814229  0.814349  0.814722  0.193208  0.814561  0.813748  0.814765  0.814654  0.814773  0.815183  0.228736  0.814983  0.718524  0.868235  0.868105  0.868114  0.843839   0.86815   0.86817  0.843839  0.814582  0.814471   0.81399  0.815001  0.814964  0.229127  0.718391  0.882863  0.882727  0.882668         0  0.882499  0.882592  0.882629
        0  0.814219  0.814341  0.814765  0.868235  0.814582  0.882863  0.814174  0.814108  0.814229  0.814654  0.868105  0.814471  0.882727  0.814057  0.813811  0.814349  0.814773  0.868114  0.814676  0.882668  0.814467   0.81422  0.814638  0.815183  0.843839  0.815001         0  0.814432  0.814188  0.814605  0.814722   0.86815  0.814964  0.882499  0.229052  0.230391  0.229951  0.193208  0.228736  0.229127  0.890088  0.814269  0.814024         0  0.814561  0.814983   0.86817  0.882629  0.718003  0.717816  0.718124         0  0.718524  0.843839  0.718391
 0.814925  0.815528  0.815938  0.815898  0.227482  0.815738   0.71908  0.814925  0.815418  0.815829  0.815789  0.227129  0.815628  0.719002  0.815528  0.815418  0.815948  0.815907  0.226532  0.815142  0.719091  0.815938  0.815829  0.815948   0.81632  0.335211  0.816158  0.815342  0.815898  0.815789  0.815907   0.81632  0.224318  0.816116  0.719374  0.227482  0.227129  0.226532  0.335211  0.224318  0.225698 0.0985422  0.815738  0.815628  0.815142  0.816158  0.816116  0.225698  0.719247   0.71908  0.719002  0.719091  0.815342  0.719374 0.0985422  0.719247
1.71642e-06  3.1306e-06 3.68447e-06 2.23732e-06   0.0771381 2.64439e-06   0.0213501 1.95313e-06 3.20753e-06  3.7607e-06  2.3121e-06   0.0771382 2.72019e-06   0.0213499  3.1306e-06 3.20753e-06 3.37129e-06 1.92373e-06   0.0771381 1.49722e-06   0.0213498 3.68447e-06  3.7607e-06 3.37129e-06 2.47709e-06   0.0793492 2.88463e-06 1.95502e-06 2.23732e-06  2.3121e-06 1.92373e-06 2.47709e-06   0.0771376 1.43947e-06   0.0213496   0.0771381   0.0771382   0.0771381   0.0793492   0.0771376   0.0771378   0.0961667 2.64439e-06 2.72019e-06 9.18861e-07 2.88463e-06 1.43947e-06   0.0771378   0.0213497   0.0213501   0.0213499   0.0213498   0.0932035   0.0213496   0.0961628   0.0213497
