8	12	12	1
 1  0  0  2  0  0  0  0  0  0  0  0
 1  0  0  0  5 12  0  0  7  0  0  0
 1  4  0  2  0  0  0  0  0  0  0  9
 1  0  8  0  5  0  0  0  0  0 11  9
 1  0  0  2  0  0  0  0  0  3  0  0
 1  0  0  0  0  0  0  0  7  3  0  0
 1  4  0  2  0  0  6 10  0  3  0  0
 1  0  8  0  0  0  6  0  0  3  0  0
0.6	0.5	0.2	0.5	0.8	0.6	0.3	0.1	0.1	0.8	0.8	0.6	
0.317	0.631	0.641	0.195	0.14	0.659	0.293	0.922	
------target--------
5
------result--------
6	
------details--------
0.815935  0.81141 0.815602 0.800913 0.930453 0.921987 0.930264 0.920822
0.820755 0.827904 0.818346 0.836815 0.504198 0.304066  0.53428 0.520845
1.06817e-05 0.000200187 6.08876e-06  0.00106901     0.10629     0.14445   0.0978277    0.091424
------result2--------
5	1	
------details2--------
 0.810249         0  0.798726         0  0.930087         0  0.928885  0.810249  0.809892  0.794807  0.930402  0.922224  0.930206   0.92066  0.815602  0.809892         0  0.929413  0.929047  0.929217  0.927838  0.798726  0.794807  0.798726   0.92812   0.91779  0.927905  0.918195  0.930453  0.930402  0.929413   0.92812         0         0         0  0.930087         0  0.929047   0.91779  0.930087  0.929891  0.920417  0.930264  0.930206  0.929217  0.927905  0.930264  0.929891  0.928676  0.928885   0.92066  0.927838         0  0.928885  0.920417  0.928676
  0.82787  0.815935  0.836232  0.815935  0.291048  0.815935  0.507243   0.81731  0.813585  0.832343  0.493536         0  0.523997  0.510699         0  0.827503  0.815602         0  0.293747   0.15326  0.510477  0.810152  0.813621  0.810152  0.509852  0.282167  0.535222         0         0  0.930557  0.932959  0.933094  0.930453  0.930453  0.930453  0.883063  0.921987  0.912044  0.927125  0.883063  0.889329   0.92992         0  0.930383  0.932787  0.932933         0  0.935759  0.938275  0.882149  0.921154  0.910985  0.920822  0.882149  0.926775  0.888448
  0.81731         0  0.810152         0  0.883063         0  0.882149   0.82787  0.827503  0.813621  0.930557  0.921381  0.930383  0.921154  0.816738  0.813585  0.810152  0.932959  0.912044  0.932787  0.910985  0.836232  0.832343  0.870872  0.933094  0.927125  0.932933  0.925918         0  0.493536         0  0.509852  0.883063         0  0.882149  0.291048         0  0.293747  0.282167  0.935865  0.935759  0.926775  0.151994  0.523997   0.15326  0.535222  0.937209  0.889329  0.888448  0.507243  0.510699  0.510477         0  0.938378   0.92992  0.938275
 0.828079  0.820755  0.840746  0.820755  0.396671  0.820755  0.604807  0.828079   0.82849  0.846345   0.52814  0.582574  0.557305  0.543854  0.820755   0.82849   0.82125    0.6917   0.32084  0.698826   0.53708  0.840746  0.846345   0.82125  0.494238  0.337469  0.532667  0.718038  0.820755   0.52814    0.6917  0.494238 0.0672196  0.504198  0.157657  0.396671  0.582574   0.32084  0.337469 0.0672196 0.0752265 0.0659007  0.820755  0.557305  0.698826  0.532667  0.504198 0.0752265    0.1748  0.604807  0.543854   0.53708  0.718038  0.157657 0.0659007    0.1748
0.000215467 1.06817e-05   0.0011085 1.06817e-05     0.14656 1.06817e-05   0.0934576 0.000215467 0.000207768  0.00127568    0.106426     0.18868   0.0979643   0.0915461  1.1428e-05 0.000207768 3.86059e-05    0.171093    0.144921    0.136348   0.0918587   0.0011085  0.00127568  0.00199008    0.106355    0.144868   0.0978632    0.159375    0.214142    0.106426    0.171093    0.106355    0.209131     0.10629    0.184286     0.14656     0.18868    0.144921    0.144868    0.209143    0.206276     0.20689     0.16648   0.0979643    0.136348   0.0978632    0.106297    0.206276    0.179512   0.0934576   0.0915461   0.0918587    0.159307    0.184358     0.20689    0.179512
