8	12	12	1
 4  0  0  0  1  0  5  0  0  0  8  0
 4  0  0  3  1  0  0 11  0  0  0  0
 0  0  0  0  1  0  0  0  6  2  8  9
 0  7 10  0  1  0  0  0  0  2  0  9
 0  0  0  0  1  0  5  0  0  0  0  0
 0  0  0  3  1  0  0  0  0  0  0  0
 0  0  0  0  1  0  0  0  6  2  0  0
 0  7  0  0  1 12  0  0  0  2  0  0
0.1	0.8	0.2	0.3	0.1	0.9	0.9	0.2	0.3	1	0.1	1	
0.149	0.332	0.137	0.668	0.329	0.5	0.794	0.877	
------target--------
3
------result--------
4	
------details--------
0.819998 0.820045 0.912239 0.905156 0.820004 0.820106 0.820018 0.819644
 0.82113 0.821167 0.602624 0.488767 0.821162 0.821201 0.821173 0.820907
7.74312e-07 6.61663e-07   0.0623857   0.0800628 7.81433e-07 4.92336e-07 7.47873e-07 1.35194e-06
------result2--------
4	3	
------details2--------
 0.819781         0   0.90506  0.819998  0.819842  0.819754  0.819378  0.819781  0.912281  0.905128  0.819788  0.820045  0.819801  0.819425  0.912066  0.912281         0  0.912066  0.912259  0.912239  0.912072   0.90506  0.905128   0.91109  0.904928  0.905129  0.910954   0.90488         0  0.819788  0.912066  0.904928  0.819849  0.819762  0.819386  0.819842         0  0.912259  0.905129  0.819849  0.819863  0.819487  0.819754  0.819801         0  0.910954  0.819762  0.819863  0.819399  0.819378  0.819425  0.912072   0.90488  0.819386  0.819487  0.819399
 0.820908  0.819998  0.489309         0  0.820942  0.820913  0.820645  0.820918  0.603275  0.489982   0.82095         0  0.820961  0.820694   0.91284  0.912062  0.912239   0.91284  0.912114         0  0.912413  0.905473  0.905274   0.88463  0.905959  0.905317  0.884003  0.905445  0.820004  0.820915  0.605002  0.489411  0.820949  0.820919  0.820652  0.820978  0.820106  0.603036  0.489538  0.821009  0.821021  0.820754  0.820891  0.820929  0.820018  0.478066  0.820922  0.820963  0.820666  0.820517  0.820559  0.603134   0.48992  0.820549  0.820593  0.820561
 0.820918   0.91284  0.905473  0.820491  0.820978  0.820891  0.820517  0.820908  0.912062  0.905274  0.820915  0.821074  0.820929  0.820559  0.594366  0.603275   0.88463  0.605002  0.603036 0.0841134  0.603134  0.489309  0.489982  0.920547  0.489411  0.489538  0.478066   0.48992         0   0.82095   0.91284  0.905959  0.821009  0.820922  0.820549  0.820942         0  0.912114  0.905317  0.820949  0.820963  0.820593  0.820913  0.820961         0  0.884003  0.820919  0.821021  0.820561  0.820645  0.820694  0.912413  0.905445  0.820652  0.820754  0.820666
 0.822043   0.62736  0.486939  0.821162  0.822077   0.82205  0.821781  0.822043  0.599802  0.483488  0.822074  0.821201  0.822098  0.821819   0.62736  0.599802  0.177773  0.593851  0.600046  0.821173  0.602081  0.486939  0.483488  0.177773  0.486463  0.483936  0.535903  0.487537  0.821162  0.822074  0.593851  0.486463  0.822107  0.822085  0.821813  0.822077  0.821201  0.600046  0.483936  0.822107   0.82213  0.821853   0.82205  0.822098  0.821173  0.535903  0.822085   0.82213  0.821827  0.821781  0.821819  0.602081  0.487537  0.821813  0.821853  0.821827
1.44139e-06    0.013121   0.0800633 7.90363e-07 1.27047e-06 1.52788e-06  2.1331e-06 1.44139e-06   0.0623869   0.0800654 1.44781e-06 6.63725e-07  1.4185e-06 2.02237e-06   0.0625135   0.0623869    0.142683   0.0623991   0.0623864    0.138427    0.062386   0.0800633   0.0800654    0.142726   0.0800642   0.0800643   0.0808128   0.0800637 7.81433e-07 1.44781e-06   0.0623991   0.0800642 1.27714e-06 1.53423e-06 2.13972e-06 1.27047e-06 4.92336e-07   0.0623864   0.0800643 1.27714e-06 1.24637e-06 1.85051e-06 1.52788e-06  1.4185e-06 7.47873e-07   0.0808128 1.53423e-06 1.24637e-06 2.10901e-06  2.1331e-06 2.02237e-06    0.062386   0.0800637 2.13972e-06 1.85051e-06 2.10901e-06
