8	12	12	1
 0  7  0  0  1  0  0  0  0  0  0  9
 0  0 12  0  1  0  5  6  2  0  0  0
 0  0  0  0  1  0  0  0  0  0  8  9
 0  0  0  0  1  0  5  0  2 10  8  0
 0  7  0  0  1  4  0  0  0  0  0  0
 3  0  0  0  1  0  0  6  2  0  0  0
 0  0  0 11  1  4  0  0  0  0  0  0
 3  0  0  0  1  0  0  0  2  0  0  0
0.3	0.1	0.8	0.1	0.8	0.5	0.2	0.9	1	0.4	0.1	0.4	
0.144	0.523	0.069	0.386	0.303	0.843	0.785	0.83	
------target--------
1
------result--------
3	
------details--------
0.856064 0.811444 0.855764 0.811994 0.812142 0.811383 0.812067 0.811892
0.430328 0.812642 0.281818 0.813135 0.812417 0.812689 0.813203 0.813012
  0.0430558 1.13672e-06   0.0566754  5.0282e-07   6.984e-09 1.35491e-06 2.86966e-07 7.28693e-07
------result2--------
3	5	
------details2--------
0.855803        0 0.856056 0.856064 0.855897 0.856112 0.856089 0.855803 0.855494 0.811286 0.811436 0.811086 0.811359 0.811086        0 0.855494 0.855752 0.856064 0.855585 0.855808 0.855782 0.856056 0.811286 0.855752 0.811986 0.811223  0.81191 0.811735        0 0.811436 0.856064 0.811986 0.811374 0.812058 0.811884 0.855897        0 0.855585 0.811223 0.811374 0.811296 0.811383 0.856112 0.811359 0.855808  0.81191 0.812058 0.811296 0.811807 0.856089 0.811086 0.855782 0.811735 0.811884        0 0.811807
0.856246 0.856064  0.85612        0 0.856182 0.855466 0.855984 0.430728 0.281713 0.812435 0.811721 0.812395 0.812509 0.812395 0.855764 0.855953 0.855839 0.845851  0.85589 0.855208 0.855704  0.43054 0.812487 0.281804 0.812266 0.812534 0.813053 0.812859 0.812142 0.812634 0.280826 0.813127 0.812681 0.813195 0.813004 0.431147 0.811383 0.281718 0.812378 0.811668 0.812457        0 0.430792 0.812559 0.281807 0.813055 0.812341 0.812607 0.812932 0.430838 0.812402 0.281797 0.812883 0.812169 0.811892 0.812956
0.430728 0.845851  0.43054 0.280826 0.431147 0.430792 0.430838 0.856246 0.855953 0.812487 0.812634 0.812157 0.812559 0.812402        0 0.281713 0.281804 0.280826 0.281718 0.281807 0.281797  0.85612 0.812435 0.855839 0.813127 0.812378 0.813055 0.812883        0 0.811721 0.845851 0.812266 0.811668 0.812341 0.812169 0.856182 0.812395  0.85589 0.812534 0.812681 0.812607 0.812481 0.855466 0.812509 0.855208 0.813053 0.813195 0.812457 0.812956 0.855984 0.812395 0.855704 0.812859 0.813004        0 0.812932
0.430043 0.281818 0.428948 0.812417 0.429737 0.424111 0.428562 0.430043 0.281893 0.813632 0.812916 0.812758 0.813699 0.813602 0.281818 0.281893 0.281911 0.321574 0.281891 0.281971 0.281892 0.428948 0.813632 0.281911 0.813413 0.813679 0.814193 0.814003 0.812417 0.812916 0.321574 0.813413 0.812965  0.81348  0.81329 0.429737 0.812758 0.281891 0.813679 0.812965 0.813747 0.813012 0.424111 0.813699 0.281971 0.814193  0.81348 0.813747  0.81407 0.428562 0.813602 0.281892 0.814003  0.81329 0.813012  0.81407
   0.043056   0.0566863   0.0430558   0.0555267    0.043056   0.0430565    0.043056    0.043056   0.0566755 1.64452e-06 1.14413e-06 1.70408e-06  1.4279e-06 2.03985e-06   0.0566754   0.0566755   0.0566754   0.0566935   0.0566754   0.0566754   0.0566754   0.0430558 1.64452e-06   0.0566754   5.101e-07 1.86499e-06 7.92726e-07 1.23685e-06   6.984e-09 1.14413e-06   0.0566935   5.101e-07 1.36258e-06 2.94358e-07 7.36212e-07    0.043056 1.39423e-06   0.0566754 1.86499e-06 1.36258e-06 1.64862e-06 1.48469e-06   0.0430565  1.4279e-06   0.0566754 7.92726e-07 2.94358e-07 1.64862e-06 1.02097e-06    0.043056 2.03985e-06   0.0566754 1.23685e-06 7.36212e-07 7.28693e-07 1.02097e-06
