8	12	12	1
 1  0  0  0  0  0  6  3  0  0  4  0
 1  0  0  0  0 10  0  3  0  0  0  0
 1  0  0  2  0  0  0  3  0  0  4  0
 1 12  7  2  0  0  0  3  0  0  0  0
 1  0  0  0  0  0  6  0  0  8  4  5
 1  0  0  0  0 10  0  0  0  8  0  5
 1  0  0  2  9  0  0  0  0  0  4  5
 1  0  7  2  9  0  0  0 11  0  0  5
0.4	0.5	0.4	0.6	0.9	0.9	0.2	0.5	0.1	0.9	0.9	1	
0.173	0.321	0.459	0.435	0.935	0.482	0.086	0.171	
------target--------
7
------result--------
8	
------details--------
0.881966  0.88204 0.881989 0.882164 0.881581 0.881761 0.936973  0.92547
0.882877 0.882725  0.88289 0.882919 0.882619 0.882561 0.795474 0.233251
9.30881e-07 5.35308e-07 8.87413e-07 4.12879e-07 1.09733e-06 6.72599e-07   0.0222371   0.0797738
------result2--------
8	7	
------details2--------
 0.881725  0.881966  0.881826         0   0.88123  0.936942  0.936861  0.881725  0.881748  0.881899   0.88123         0  0.937113  0.926079         0  0.881748  0.881849         0  0.881262         0  0.936893  0.881826  0.881899  0.881849  0.881438  0.881619  0.936985  0.925428  0.881581   0.88123  0.881581  0.881438         0  0.935591  0.935511   0.88123         0  0.881262  0.881619   0.88123  0.935683  0.919776  0.936942  0.937113  0.936973  0.936985  0.935591  0.935683         0  0.936861  0.926079  0.936893  0.925428  0.935511  0.919776  0.936893
 0.882369         0  0.882584  0.881966  0.882237         0  0.197555    0.8826  0.882612  0.882657  0.882347   0.88204  0.790868  0.231395  0.881989  0.882393  0.882607  0.881989   0.88226  0.881989  0.197197  0.882738  0.882587  0.882752   0.88248  0.882422  0.795342  0.233984         0  0.882021         0  0.882202  0.881581         0   0.20217  0.882349  0.881761  0.882365   0.88238  0.882349  0.824391  0.258079   0.93787  0.936739         0  0.936921  0.938184  0.937453  0.936973  0.906733  0.924496  0.904838  0.925654  0.921156    0.9282  0.904838
   0.8826  0.882657  0.882738         0  0.882349   0.93787  0.906733  0.882369  0.882393  0.882587  0.882021         0  0.936739  0.924496         0  0.882612  0.882752         0  0.882365         0  0.904838  0.882584  0.882657  0.882607  0.882202   0.88238  0.936921  0.925654  0.882326  0.882347  0.882347   0.88248  0.882349  0.938184  0.921156  0.882237  0.882346   0.88226  0.882422  0.882021  0.937453    0.9282         0  0.790868         0  0.795342         0  0.824391  0.904838  0.197555  0.231395  0.197197  0.233984   0.20217  0.258079  0.941768
 0.883289   0.88289  0.883495  0.882877  0.883249  0.879617  0.340345  0.883289  0.883302  0.883343  0.883105  0.882725  0.802387  0.236357   0.88289  0.883302  0.883509   0.88289   0.88327   0.88289  0.358092  0.883495  0.883343  0.883509  0.883237  0.883179  0.796064  0.229949  0.882877  0.883105   0.88289  0.883237  0.882695   0.83334  0.250631  0.883249  0.882725   0.88327  0.883179  0.882695  0.775841  0.222757  0.879617  0.802387   0.88289  0.796064   0.83334  0.775841 0.0958082  0.340345  0.236357  0.358092  0.229949  0.250631  0.222757 0.0958082
1.42949e-06 9.36307e-07 1.34757e-06 9.30881e-07 1.88537e-06   0.0895024   0.0818213 1.42949e-06 1.38542e-06  9.5098e-07 1.76711e-06 5.35308e-07   0.0222752   0.0797788 8.87413e-07 1.38542e-06 1.30353e-06 8.87413e-07  1.8379e-06 8.87413e-07   0.0820615 1.34757e-06  9.5098e-07 1.30353e-06 1.51549e-06  1.0892e-06   0.0222372   0.0797743 1.35069e-06 1.76711e-06  1.3452e-06 1.51549e-06 1.16651e-06   0.0518162   0.0801715 1.88537e-06 7.87835e-07  1.8379e-06  1.0892e-06 1.39179e-06   0.0229235   0.0799231   0.0895024   0.0222752   0.0922625   0.0222372   0.0518162   0.0229235   0.0964557   0.0818213   0.0797788   0.0820615   0.0797743   0.0801715   0.0799231   0.0964578
