8	12	12	1
 0  7  0  1  2  0  0  0  0  0  0  0
 0  7  4  1  0  0  0  0  9  0  0  0
11  0  0  0  2  0  0  0  0  3  8  0
 0  0  4  0  0  5  0  0  0  3  0  0
 0  0  0  1  2  0  0  6  0  0  0  0
 0  0  0  1  0  0 10  0  0  0  0  0
 0  0  0  0  2  0  0  6  0  3  8  0
 0  0  0  0  0  5  0  0  0  3  0 12
0.2	0.6	0.9	0.5	0.1	0.3	0.8	0.3	0.9	1	1	0.6	
0.816	0.991	0.402	0.71	0.563	0.935	0.141	0.974	
------target--------
7
------result--------
3	
------details--------
0.813688 0.813439 0.902418 0.813819 0.813754 0.813626 0.907689 0.813619
0.814281 0.814145 0.369613 0.814372 0.814912 0.814261 0.519534  0.81423
2.80928e-07 3.47147e-07    0.104432 1.65168e-07  5.7772e-07  3.3262e-07   0.0797366 3.08442e-07
------result2--------
7	5	
------details2--------
        0  0.902352  0.813573  0.813509   0.81338  0.907661  0.813372  0.813439  0.902297  0.813323  0.813258  0.813129  0.907649  0.813121  0.902352  0.902297  0.902416  0.906849  0.902324  0.906849  0.902388  0.813573  0.813323  0.902416   0.81364  0.813511  0.907713         0  0.813509  0.813258  0.906849   0.81364  0.813446         0  0.813439   0.81338  0.813129  0.902324  0.813511  0.813446   0.90764   0.81331  0.907661  0.907649         0  0.907713  0.907689   0.90764  0.907724  0.813372  0.813121  0.902388  0.813619  0.813439   0.81331  0.907724
 0.813688  0.370195  0.814129  0.814669  0.814017  0.519861  0.813987         0  0.370912  0.813881  0.814419  0.813768  0.520269  0.813738  0.902512  0.902471  0.902426    0.8789  0.902519    0.8789  0.902447  0.814167  0.814032  0.370149  0.814799  0.814147  0.519853  0.813819  0.814103  0.813967  0.360953  0.814195  0.814083  0.813754  0.814053  0.813974  0.813839  0.370253  0.814067  0.814606  0.519884  0.813924  0.907728  0.907706  0.907689  0.907596         0  0.907742  0.907655  0.813968  0.813832  0.370873         0  0.814599  0.813948  0.520275
        0  0.902512  0.814167  0.814103  0.813974  0.907728  0.813968  0.813951  0.902471  0.814032  0.813967  0.813839  0.907706  0.813832  0.370195  0.370912  0.370149  0.360953  0.370253  0.918085  0.370873  0.814129  0.813881  0.902426  0.814195  0.814067  0.907596         0  0.814669  0.814419    0.8789  0.814799  0.814606         0  0.814599  0.814017  0.813768  0.902519  0.814147  0.814083  0.907742  0.813948  0.519861  0.520269    0.8789  0.519853         0  0.519884  0.520275  0.813987  0.813738  0.902447  0.814136  0.814053  0.813924  0.907655
 0.814281  0.368776  0.814721  0.815263   0.81461  0.519065   0.81458  0.814281  0.369047  0.814586  0.815128  0.814475  0.519214  0.814445  0.368776  0.369047  0.367518  0.426924  0.368923 0.0851144  0.368402  0.814721  0.814586  0.367518  0.815358  0.814701  0.518288  0.814372  0.815263  0.815128  0.426924  0.815358  0.815243  0.814912  0.815215   0.81461  0.814475  0.368923  0.814701  0.815243  0.519157   0.81456  0.519065  0.519214 0.0851144  0.518288  0.814912  0.519157  0.518823   0.81458  0.814445  0.368402  0.814372  0.815215   0.81456  0.518823
2.80928e-07    0.104432 4.47091e-07  8.6036e-07 6.14904e-07   0.0797367 5.91068e-07 4.07845e-07    0.104432 5.13613e-07 9.27103e-07 6.81502e-07   0.0797367 6.57796e-07    0.104432    0.104432    0.104432    0.105074    0.104432    0.166394    0.104433 4.47091e-07 5.13613e-07    0.104432 7.44443e-07 4.98878e-07   0.0797368 1.65168e-07  8.6036e-07 9.27103e-07    0.105074 7.44443e-07 9.12214e-07  5.7772e-07  8.8876e-07 6.14904e-07 6.81502e-07    0.104432 4.98878e-07 9.12214e-07   0.0797367  6.4293e-07   0.0797367   0.0797367    0.166354   0.0797368    0.173212   0.0797367   0.0797368 5.91068e-07 6.57796e-07    0.104433 3.31184e-07  8.8876e-07  6.4293e-07   0.0797368
