8	12	12	1
 0  0  0  0  0  0  4  0  0  0  0  0
 0  0  0  0 11  0  0  0  0  0  2  0
 0  0  0  8  0  0  4  5  0  0  0  0
 3  0  0  0  0  0  0  5  0  0  2  0
 0  0  0  0  0  1  0  0  6  0  0  0
 0  0  0  0  0  1  0  0  6  0  2 12
 0  0  9  8  0  1  0  0  0  7  0  0
 3 10  0  0  0  1  0  0  0  7  2  0
0.9	0.4	0.2	0.9	0.2	0.3	0.3	0.4	0.9	1	0.5	0.2	
0.721	0.929	0.092	0.656	0.173	0.421	0.257	0.931	
------target--------
3
------result--------
7	
------details--------
0.875788 0.875756 0.924903 0.875769  0.87578 0.875722 0.917525 0.875646
0.876293 0.876537 0.804086 0.876282 0.876586 0.876552 0.462224  0.87644
1.80006e-07 3.86177e-07   0.0158888 2.10321e-07  3.3528e-07 4.98981e-07   0.0531859 6.09247e-07
------result2--------
7	3	
------details2--------
0.875658        0 0.875679 0.875684 0.875625  0.92012 0.875548 0.875658  0.92494 0.875639 0.875651 0.875592 0.917494 0.875515 0.924903  0.92494 0.924903 0.924857 0.924874        0   0.9249 0.875679 0.875639        0 0.875665 0.875606 0.921419 0.875529 0.875684 0.875651 0.924857 0.875665        0 0.917457 0.875541 0.875625 0.875592 0.924874 0.875606 0.875722 0.917443 0.875482  0.92012 0.917494 0.924571 0.921419 0.917457 0.917443 0.917427 0.875548 0.875515   0.9249 0.875529 0.875541 0.875482 0.917427
0.876443 0.875788 0.876166 0.876491 0.876457 0.450882 0.876346 0.876168 0.804238 0.876156 0.876459 0.876426 0.463541 0.876314        0 0.924718        0 0.925214  0.92502 0.924903  0.92491 0.876153 0.876424 0.875769 0.876472 0.876438 0.444768 0.876326  0.87619 0.876434 0.804068 0.876179  0.87578 0.462489 0.876337 0.876133 0.876378 0.804138 0.876121        0 0.463092  0.87628 0.906632 0.917681 0.905919 0.904325 0.917988 0.917863 0.917754 0.876059 0.876305 0.804231 0.876047  0.87635 0.876317 0.463811
0.876168        0 0.876153  0.87619 0.876133 0.906632 0.876059 0.876443 0.924718 0.876424 0.876434 0.876378 0.917681 0.876305 0.740707 0.804238 0.715005 0.804068 0.804138 0.905919 0.804231 0.876166 0.876156        0 0.876179 0.876121 0.904325 0.876047 0.876491 0.876459 0.925214 0.876472        0 0.917988  0.87635 0.876457 0.876426  0.92502 0.876438 0.876486 0.917863 0.876317 0.450882 0.463541 0.931396 0.444768 0.462489 0.463092 0.463811 0.876346 0.876314  0.92491 0.876326 0.876337  0.87628 0.917754
0.876951 0.876293 0.876794 0.876998 0.876965 0.520492 0.876854 0.876951 0.803293 0.876941 0.877241 0.877209 0.455307 0.877097 0.876293 0.803293 0.876282 0.804208 0.803867 0.245186 0.803741 0.876794 0.876941 0.876282 0.876987 0.876954 0.537862 0.876843 0.876998 0.877241 0.804208 0.876987 0.876586 0.460404 0.877145 0.876965 0.877209 0.803867 0.876954 0.876586 0.458577 0.877111 0.520492 0.455307 0.245186 0.537862 0.460404 0.458577 0.458425 0.876854 0.877097 0.803741 0.876843 0.877145 0.877111 0.458425
5.69586e-07 1.80006e-07 3.95854e-07 5.16403e-07 6.81646e-07   0.0534719 7.93204e-07 5.69586e-07   0.0158889 5.99799e-07 7.23143e-07 8.89514e-07   0.0531876 1.00187e-06   0.0219569   0.0158889   0.0241812   0.0158888   0.0158888   0.0747319   0.0158888 3.95854e-07 5.99799e-07 2.10321e-07 5.46799e-07 7.11991e-07    0.053727 8.23553e-07 5.16403e-07 7.23143e-07   0.0158888 5.46799e-07  3.3528e-07   0.0531862 9.46812e-07 6.81646e-07 8.89514e-07   0.0158888 7.11991e-07 5.01027e-07   0.0531866 1.11342e-06   0.0534719   0.0531876   0.0747414    0.053727   0.0531862   0.0531866   0.0531871 7.93204e-07 1.00187e-06   0.0158888 8.23553e-07 9.46812e-07 1.11342e-06   0.0531871
