8	12	12	1
 0  0  0  0  0  0  0  0  7  0  0  0
 1  0  0  0  4  0  0  0  0 10  0  0
 0  0  3  0  0  0 12  0  7  0  8  0
 1  0  3  0  4  5  0  0  0  0  0  0
 0  0  0  0  0  0  0  2  0  0  0  9
 1  0  0 11  0  0  0  2  0  0  0  9
 0  6  0  0  0  0  0  2  0  0  8  0
 1  6  0  0  0  5  0  2  0  0  0  0
0.1	1	0.9	0.9	0.3	1	1	0.1	0.9	0.4	0.1	0.1	
0.975	0.774	0.575	0.431	0.324	0.689	0.097	0.12	
------target--------
8
------result--------
7	
------details--------
0.840338 0.840714 0.839613 0.840503 0.840937 0.840516 0.904486 0.917124
0.841445 0.841707 0.841516 0.842082 0.841907 0.841605 0.101409 0.701714
1.12292e-06 7.03107e-07 2.77391e-06 1.94022e-06 1.07501e-07 1.07648e-06    0.121916   0.0378944
------result2--------
7	8	
------details2--------
  0.84008         0  0.839874  0.840307  0.839881  0.904168  0.916979   0.84008  0.839345  0.840246  0.840682  0.840258  0.904441  0.917177  0.839613  0.839345   0.83906  0.839579  0.839144  0.904138  0.916975  0.839874  0.840246   0.83906  0.840472  0.840047  0.917063         0  0.840307  0.840682  0.839579  0.840472         0   0.90449  0.917144  0.839881  0.840258  0.839144  0.840047  0.840516  0.904305  0.917073  0.904168  0.904441         0  0.917063   0.90449  0.904305  0.917063  0.916979  0.917177  0.916975  0.917124  0.917144  0.917073         0
 0.841082  0.840338   0.84144   0.84129  0.840977  0.103702  0.701387  0.841192  0.841264  0.841828  0.841663  0.841352  0.102106  0.701561         0  0.840379  0.840921  0.840629  0.840264         0  0.700184  0.840977  0.841244  0.841084  0.841445  0.841141 0.0874294  0.840503  0.841415  0.841677  0.841486  0.842051  0.840937  0.101636  0.701694  0.840994  0.841259  0.841066  0.841631         0  0.102157  0.701436  0.904726  0.904615  0.904486  0.875788  0.904361   0.90474  0.875788  0.917234  0.916971  0.917184         0  0.916512  0.917196  0.917124
 0.841192         0  0.840977  0.841415  0.840994  0.904726  0.917234  0.841082  0.840379  0.841244  0.841677  0.841259  0.904615  0.916971  0.841799  0.841264  0.841084  0.841486  0.841066  0.904628  0.917184   0.84144  0.841828  0.840921  0.842051  0.841631  0.875788         0   0.84129  0.841663  0.840629  0.841445         0  0.904361  0.916512  0.840977  0.841352  0.840264  0.841141   0.84158   0.90474  0.917196  0.103702  0.102106         0 0.0874294  0.101636  0.102157  0.923543  0.701387  0.701561  0.700184         0  0.701694  0.701436  0.875788
 0.842188  0.841445  0.842574  0.842387  0.842085 0.0996456  0.701964  0.842188  0.842254  0.842829   0.84265  0.842348 0.0993519  0.702163  0.841445  0.842254  0.842557  0.842442  0.842154   0.13704  0.702341  0.842574  0.842829  0.842557  0.843039  0.842724  0.166416  0.842082  0.842387   0.84265  0.842442  0.843039  0.841907 0.0942511  0.702313  0.842085  0.842348  0.842154  0.842724  0.841907   0.10034  0.702109 0.0996456 0.0993519   0.13704  0.166416 0.0942511   0.10034 0.0319421  0.701964  0.702163  0.702341  0.842082  0.702313  0.702109 0.0319421
 1.8336e-06 1.12292e-06 3.07313e-06 1.23196e-06 2.20835e-06    0.121918   0.0378945  1.8336e-06 3.49106e-06  2.6515e-06 8.12508e-07 1.78788e-06    0.121916   0.0378945 2.82766e-06 3.49106e-06 4.75263e-06 2.88456e-06 3.86641e-06    0.124486   0.0378952 3.07313e-06  2.6515e-06 4.75263e-06 2.04935e-06 3.02639e-06     0.12411 1.94022e-06 1.23196e-06 8.12508e-07 2.88456e-06 2.04935e-06 1.07501e-07    0.121916   0.0378945 2.20835e-06 1.78788e-06 3.86641e-06 3.02639e-06 1.08819e-06    0.121916   0.0378945    0.121918    0.121916    0.124486     0.12411    0.121916    0.121916    0.137737   0.0378945   0.0378945   0.0378952    0.124835   0.0378945   0.0378945    0.137735
