8	12	12	1
 0  0  0 12  0  0  0  0  3  0  8  1
 4  0  0  0  0  0  0  0  3  0  8  1
 0  7  0  0  0  0  0  0  0  0  0  1
 4  7  0  0  0  0  0  0  0  0  0  1
 0  0  2  0  9  0  6  0  3  0  0  1
 4  0  2  0  0  5  6  0  3  0  0  1
 0  0  2  0  9  0  0  0  0 10  0  1
 4  0  2  0  0  5  0 11  0  0  0  1
0.4	0.9	0.5	0.8	0.3	0.5	0.4	1	0.2	0.5	0.4	0.5	
0.72	0.369	0.233	0.023	0.118	0.207	0.084	0.639	
------target--------
5
------result--------
7	
------details--------
0.840657 0.841028 0.840995 0.840995 0.870063 0.841142 0.868095 0.840719
0.841752 0.841997 0.842012 0.842012 0.603892 0.841489 0.473642 0.841829
1.11706e-06 4.38126e-07 5.48606e-07 5.48606e-07   0.0205067 3.24601e-08    0.027136 1.11113e-06
------result2--------
5	6	
------details2--------
 0.840657  0.840481  0.840481  0.869894  0.840629   0.86789  0.840202         0  0.840853  0.840853  0.870035     0.841  0.868056  0.840576  0.840481  0.840853         0  0.869976  0.840968  0.867999  0.840544  0.840481  0.840853         0  0.869976  0.840968  0.867999  0.840544  0.869894  0.870035  0.869976  0.869976  0.870063         0  0.869825  0.840629     0.841  0.840968  0.840968         0  0.869432  0.840692   0.86789  0.868056  0.867999  0.867999  0.869432  0.869432  0.867833  0.840202  0.840576  0.840544  0.840544  0.869825  0.840692  0.867833
        0  0.841504  0.841504  0.603379  0.840985  0.473044   0.84132  0.841028  0.841872  0.841872  0.603734  0.841351  0.473442  0.841689  0.841579  0.841825  0.840995  0.603747  0.841317  0.473499  0.841656  0.841579  0.841825  0.840995  0.603747  0.841317  0.473499  0.841656  0.870255  0.870226  0.870484  0.870484         0  0.870063  0.870412  0.841725   0.84197  0.841985  0.841985  0.841142   0.46406  0.841802  0.868329  0.868327  0.868565  0.868565  0.852596  0.852596   0.86848  0.841305  0.841552  0.841565  0.841565  0.603521  0.841045  0.473285
 0.841641  0.841579  0.841579  0.870255  0.841725  0.868329  0.841305         0  0.841825  0.841825  0.870226   0.84197  0.868327  0.841552  0.841504  0.841872         0  0.870484  0.841985  0.868565  0.841565  0.841504  0.841872         0  0.870484  0.841985  0.868565  0.841565  0.603379  0.603734  0.603747  0.603747         0  0.852596  0.603521  0.840985  0.841351  0.841317  0.841317         0  0.852596  0.841045  0.473044  0.473442  0.473499  0.473499  0.886103   0.46406  0.473285   0.84132  0.841689  0.841656  0.841656  0.870412  0.841802   0.86848
 0.841997  0.842599  0.842599  0.604491  0.842076  0.474338  0.842416  0.841997  0.842843  0.842843  0.604842  0.842319  0.474842  0.842661  0.842599  0.842843  0.842012   0.60461  0.842335  0.474347  0.842675  0.842599  0.842843  0.842012   0.60461  0.842335  0.474347  0.842675  0.604491  0.604842   0.60461   0.60461  0.841489 0.0714323  0.604446  0.842076  0.842319  0.842335  0.842335  0.841489  0.631328  0.842153  0.474338  0.474842  0.474347  0.474347 0.0714323  0.631328  0.474175  0.842416  0.842661  0.842675  0.842675  0.604446  0.842153  0.474175
 1.1647e-06 1.67067e-06 1.67067e-06   0.0205069 1.15075e-06   0.0271363 2.23785e-06 4.38126e-07 9.88947e-07 9.88947e-07   0.0205068 4.71147e-07   0.0271361 1.55352e-06 1.67067e-06 9.88947e-07 5.48606e-07   0.0205069 5.81536e-07   0.0271362 1.66377e-06 1.67067e-06 9.88947e-07 5.48606e-07   0.0205069 5.81536e-07   0.0271362 1.66377e-06   0.0205069   0.0205068   0.0205069   0.0205069   0.0593315   0.0535544   0.0205071 1.15075e-06 4.71147e-07 5.81536e-07 5.81536e-07 3.24601e-08   0.0274259  1.1445e-06   0.0271363   0.0271361   0.0271362   0.0271362   0.0535957   0.0274259   0.0271365 2.23785e-06 1.55352e-06 1.66377e-06 1.66377e-06   0.0205071  1.1445e-06   0.0271365
