8	12	12	1
12  0  0  0  3  0  0  0  4  9  0  0
 0  0  2  0  3  0  0  7  0  0  0  0
 0  1  0  8  3  5  0  0  4  0  0  0
 0  1  2  8  3  0  0  7  0  0  0  0
 0  0  0  0  0  0  6  0  4  9  0  0
 0  0  2  0  0  0  0  0  0  0  0  0
 0  1  0  0  0  5  6  0  4  0 11 10
 0  1  2  0  0  0  0  0  0  0  0 10
0.1	0.4	0.4	0.1	1	0.8	0.4	0.4	0.9	0.7	0.2	0.7	
0.859	0.243	0.475	0.647	0.35	0.627	0.178	0.099	
------target--------
8
------result--------
7	
------details--------
0.865985 0.866051 0.866191 0.865968 0.866049 0.866118  0.90943 0.915415
 0.86691 0.866699 0.866923 0.866715 0.866938 0.866671 0.368037  0.74377
7.62084e-07 3.90638e-07 1.81776e-07 5.70158e-07 6.04833e-07 2.45362e-07    0.061357   0.0236393
------result2--------
8	6	
------details2--------
0.865779  0.86592 0.865693 0.865985 0.865847 0.909343 0.915393 0.865779 0.865968        0 0.865844 0.866051   0.9149 0.915217  0.86592 0.865968        0 0.865986 0.866041 0.909185 0.915423 0.865693 0.865968        0 0.865761 0.865968 0.914893 0.915211        0 0.865844 0.865986 0.865761 0.865912 0.909329 0.915351 0.865847        0 0.866041        0 0.865912 0.915098        0 0.909343   0.9149 0.909185 0.914893 0.909329 0.915098 0.915098 0.915393 0.915217 0.915423 0.915211 0.915351 0.915415        0
0.866433 0.866663  0.86645        0 0.866405 0.369188 0.743751 0.866708 0.866787 0.866051 0.866736        0 0.345633        0 0.866848 0.866655 0.866191 0.866876 0.866627 0.370028 0.748682 0.866628        0 0.865968 0.866654        0 0.346726        0 0.866049 0.866496 0.866722 0.866512 0.866468 0.368449 0.743702 0.866775 0.866118 0.866827 0.866118 0.866803 0.344531 0.866118 0.909643 0.897682 0.912043 0.900778 0.909769 0.892499 0.892499 0.915469 0.917444 0.915343 0.916336 0.915631        0 0.915415
0.866708 0.866848 0.866628 0.866803 0.866775 0.909643 0.915469 0.866433 0.866655        0 0.866496 0.866801 0.897682 0.917444 0.866663 0.866787        0 0.866722 0.866827 0.912043 0.915343  0.86645 0.866787 0.866655 0.866512 0.866794 0.900778 0.916336        0 0.866736 0.866876 0.866654 0.866803 0.909769 0.915631 0.866405        0 0.866627        0 0.866468 0.892499        0 0.369188 0.345633 0.370028 0.346726 0.368449 0.344531  0.92449 0.743751        0 0.748682        0 0.743702        0 0.892499
 0.86736 0.867585 0.867376 0.866938 0.867332 0.365166 0.743816  0.86736 0.867506 0.866699 0.867387 0.866671  0.43149  0.85376 0.867585 0.867506 0.866923  0.86761 0.867482 0.346861   0.6634 0.867376 0.866699 0.866923 0.867403 0.866671 0.410623 0.841327 0.866938 0.867387  0.86761 0.867403 0.867359 0.366641 0.743999 0.867332 0.866671 0.867482 0.866671 0.867359 0.469452 0.866671 0.365166  0.43149 0.346861 0.410623 0.366641 0.469452 0.126654 0.743816  0.85376   0.6634 0.841327 0.743999 0.866671 0.126654
1.15872e-06 9.48109e-07 1.34221e-06 7.65871e-07 1.01157e-06   0.0613577   0.0236393 1.15872e-06 6.20337e-07 3.90638e-07 9.98916e-07 3.94496e-07   0.0619498   0.0828018 9.48109e-07 6.20337e-07 1.81776e-07 7.88267e-07 4.59309e-07   0.0613679   0.0239198 1.34221e-06  5.7207e-07 5.90855e-07 1.18007e-06 5.75899e-07   0.0617731   0.0758647 6.04833e-07 9.98916e-07 7.88267e-07 1.18007e-06 8.52592e-07   0.0613573   0.0236393 1.01157e-06 2.45362e-07 4.59309e-07 2.45362e-07 8.52592e-07   0.0622746 2.45362e-07   0.0613577   0.0619498   0.0613679   0.0617731   0.0613573   0.0622746   0.0867498   0.0236393   0.0828018   0.0239198   0.0758647   0.0236393   0.0901143   0.0867361
