8	12	12	1
 0  4  0  0  2  0  0  0  0  0  0  0
 0  4  0  0  2  5  0  0  0  3  0  0
 0  0  0  9  2  0  0  0  8  0  0 12
 0  0  0  9  2  0  0  0  0  3 10  0
 0  0  1  0  0  0  0  7  0  0  0  0
11  0  1  0  0  5  6  0  0  3  0  0
 0  0  1  0  0  0  0  7  8  0  0  0
 0  0  1  0  0  0  6  0  0  3 10  0
0.8	0.6	0.7	0.6	0.9	1	0.4	0.7	1	0.7	0.7	0.3	
0.615	0.699	0.418	0.562	0.646	0.362	0.39	0.437	
------target--------
2
------result--------
6	
------details--------
0.359371 0.622058 0.363463 0.362826 0.363165 0.560257  0.36257 0.362826
0.374364 0.195411 0.365578 0.365555 0.365828 0.160864 0.365514 0.365555
0.000104628           0 2.03724e-06 4.00412e-06 3.49388e-06   0.0900877 4.67014e-06 4.00412e-06
------result2--------
2	1	
------details2--------
        0  0.358726   0.35808  0.358423  0.608997  0.357822   0.35808  0.622058  0.621983   0.62175  0.621743         0  0.621492   0.62175  0.358726  0.621983  0.362179  0.362305  0.559811  0.362305  0.362179   0.35808   0.62175  0.362179  0.361878  0.559275  0.361279         0  0.358423  0.621743  0.362305  0.361878  0.559488         0  0.361878  0.608997  0.608997  0.559811  0.559275  0.559488  0.558973  0.559275  0.357822  0.621492         0  0.361279   0.36257  0.558973  0.361279   0.35808   0.62175  0.362179         0  0.361878  0.559275  0.361279
 0.359371  0.360852   0.36083  0.361107  0.145411  0.360789   0.36083         0   0.62223  0.622404  0.622632  0.622058  0.622573  0.622404  0.373688  0.195288  0.364915  0.365284   0.16081  0.365284  0.364915  0.373027  0.195136  0.364305  0.364553  0.160733  0.364237  0.362826  0.373387   0.19519   0.36482  0.364618   0.16075  0.363165  0.364618  0.480483  0.480483  0.561278  0.561365  0.561661   0.56143  0.561365   0.37277  0.195036   0.36257  0.364023         0  0.160664  0.364023  0.373027  0.195136  0.364305  0.362826  0.364553  0.160733  0.364237
        0  0.373688  0.373027  0.373387  0.480483   0.37277  0.373027         0  0.195288  0.195136   0.19519  0.480483  0.195036  0.195136  0.360852   0.62223  0.364305   0.36482  0.561278  0.364704  0.364305   0.36083  0.622404  0.364915  0.364618  0.561365  0.364023         0  0.361107  0.622632  0.365284  0.364553  0.561661         0  0.364553  0.145411  0.673944   0.16081  0.160733   0.16075  0.160664  0.160733  0.360789  0.622573  0.365284  0.364237  0.364857   0.56143  0.364237   0.36083  0.622404  0.364915         0  0.364618  0.561365  0.364023
 0.374364   0.37594  0.375903  0.376181  0.207315   0.37585  0.375903  0.374364  0.195695  0.195725   0.19582 0.0617491  0.195759  0.195725   0.37594  0.195695  0.367043  0.367652  0.160988  0.365764  0.367043  0.375903  0.195725  0.367043  0.367295  0.161014  0.366979  0.365555  0.376181   0.19582  0.367652  0.367295  0.161075  0.365828  0.367295  0.207315 0.0617491  0.160988  0.161014  0.161075  0.161049  0.161014   0.37585  0.195759  0.365764  0.366979  0.365828  0.161049  0.366979  0.375903  0.195725  0.367043  0.365555  0.367295  0.161014  0.366979
0.000104628           0 0.000108815  0.00010827   0.0953448 0.000109491 0.000108815    0.184897   0.0949183   0.0949185   0.0949186     0.16456   0.0949188   0.0949185 0.000106766   0.0949183 6.06358e-06 6.23951e-06   0.0900882 5.32083e-06 6.06358e-06 0.000108815   0.0949185 6.06358e-06 7.53072e-06   0.0900888 8.71685e-06 4.00412e-06  0.00010827   0.0949186 6.23951e-06 7.53072e-06   0.0900888 3.49388e-06 7.53072e-06   0.0953448    0.165139   0.0900882   0.0900888   0.0900888   0.0900893   0.0900888 0.000109491   0.0949188 4.73467e-06 8.71685e-06 4.90216e-06   0.0900893 8.71685e-06 0.000108815   0.0949185 6.06358e-06 4.00412e-06 7.53072e-06   0.0900888 8.71685e-06
