8	12	12	1
 1  0  0  0  0  5  3  0  0  0  0  9
 1  0  8  0  0  0  0  0  4 10  0  0
 1  0  0  0  0  5  3  0  0  0  0  0
 1  0  8  0  0  0  0  0  4  0  0  0
 0  0  0  6  2  0  3  0  0  0  0  9
 0  0  0  6  2  0  0  7  4  0 11  0
 0  0  0  0  2  0  3  0  0  0  0  0
 0 12  0  0  2  0  0  7  4  0  0  0
0.3	0.3	0.4	0.4	0.9	0.2	0.9	0.4	0.9	0.1	0.1	0.3	
0.441	0.964	0.306	0.231	0.742	0.667	0.017	0.412	
------target--------
1
------result--------
5	
------details--------
0.590184 0.527521 0.527759 0.527718 0.588374 0.527803 0.527854  0.52769
0.408364 0.529898 0.530241  0.53001 0.385626  0.53007 0.533331 0.529957
          0 1.65884e-06  8.5477e-07 9.38899e-07   0.0173268  6.0428e-07  9.7606e-07 1.02674e-06
------result2--------
5	7	
------details2--------
0.590167 0.590184 0.590082        0  0.59024 0.590184 0.590133 0.590167 0.527334 0.527521 0.588327 0.527376 0.527431 0.527264        0 0.527334 0.527532 0.590184 0.527616 0.527759 0.527504 0.590082        0 0.527532 0.588262 0.527575 0.527628 0.527462        0 0.588327 0.590184 0.588262 0.588416 0.588374 0.588308  0.59024 0.527376 0.527616 0.527575 0.588416 0.527712 0.527547        0 0.527431        0 0.527628        0 0.527712   0.5276 0.590133 0.527264 0.527504 0.527462 0.588308 0.527547   0.5276
0.590264        0 0.591111 0.590184 0.589358        0 0.590581 0.408165 0.529824        0 0.385403  0.52967 0.532904 0.529545 0.527759 0.529715 0.529827 0.374309 0.529889        0 0.529774 0.408252 0.527718 0.530017 0.385517  0.52985 0.533104 0.529734 0.588374 0.588587 0.561473 0.589388 0.587748        0 0.588888 0.408301 0.529763 0.530102 0.529872 0.385545 0.533187 0.529821 0.527854 0.529808 0.527854  0.52992 0.527854  0.52998 0.529867 0.408249  0.52965  0.52999  0.52976 0.385506 0.529826 0.533075
0.408165 0.374309 0.408252 0.561473 0.408301 0.402041 0.408249 0.590264 0.529715 0.529758 0.588587 0.529763 0.529808  0.52965        0 0.529824 0.530017 0.561473 0.530102 0.529366  0.52999 0.591111        0 0.529827 0.589388 0.529872  0.52992  0.52976        0 0.385403 0.374309 0.385517 0.385545 0.376979 0.385506 0.589358  0.52967 0.529889  0.52985 0.587748  0.52998 0.529826        0 0.532904        0 0.533104        0 0.533187 0.533075 0.590581 0.529545 0.529774 0.529734 0.588888 0.529821 0.529867
0.409309 0.530241 0.409404 0.385626  0.40934 0.533331 0.409295 0.409309  0.53224  0.53001 0.386688 0.532047 0.535329 0.531928 0.530241  0.53224 0.532332 0.484912 0.532431 0.533331 0.532288 0.409404  0.53001 0.532332 0.386646 0.532149 0.535422 0.532036 0.385626 0.386688 0.484912 0.386646  0.38689 0.533331 0.386604  0.40934 0.532047 0.532431 0.532149  0.38689 0.535526 0.532098 0.533331 0.535329 0.533331 0.535422 0.533331 0.535526  0.53538 0.409295 0.531928 0.532288 0.532036 0.386604 0.532098  0.53538
          0   0.0178763   0.0149761    0.017397    0.014976   0.0155249    0.014976   0.0149761 2.52402e-06 1.66446e-06    0.017327  2.2767e-06 2.63658e-06 2.69871e-06  8.5477e-07 2.52402e-06 1.79744e-06   0.0180887 1.46429e-06 1.26027e-06 1.88708e-06   0.0149761 9.38899e-07 1.79744e-06   0.0173271 1.54718e-06 1.91579e-06 1.97068e-06   0.0173268    0.017327   0.0180887   0.0173271   0.0173269   0.0181069    0.017327    0.014976  2.2767e-06 1.46429e-06 1.54718e-06   0.0173269 1.58104e-06 1.63743e-06  9.7606e-07 2.63658e-06  9.7606e-07 1.91579e-06  9.7606e-07 1.58104e-06 2.00382e-06    0.014976 2.69871e-06 1.88708e-06 1.97068e-06    0.017327 1.63743e-06 2.00382e-06
