8	12	12	1
 0  0  0  0  0  0  0  0  1  0  0  0
 0  8  0  0  0  9  0  0  0  0  0  0
 6  0  0  0  0  0  0  5  1  0  0  0
 0  0  3  0  0  0  0  5  0  0  0  0
 0  0  0  0  4  0  0  0  1 10  0  2
 0  8  0  0  0  0 11  0  0  0  7  2
 6  0  0 12  4  0  0  0  1  0  0  2
 0  0  3  0  0  0  0  0  0  0  7  2
1	0.5	1	0.2	0.5	0.2	0.7	0.1	0.7	0.6	1	0.2	
0.147	0.32	0.195	0.018	0.689	0.908	0.034	0.415	
------target--------
8
------result--------
6	
------details--------
 0.54464 0.544736 0.544327 0.544866 0.543932 0.789126 0.544318 0.809105
0.546876 0.546953 0.546705 0.547077 0.546381 0.390786 0.546701        0
9.31582e-07 5.63464e-07 2.00807e-06 1.73984e-08 2.85771e-06   0.0795809 2.03767e-06           0
------result2--------
6	8	
------details2--------
0.544505        0 0.544636        0 0.789066        0 0.809071 0.544505 0.544192 0.544732 0.543795  0.78919 0.544183 0.809177 0.544327 0.544192 0.544327 0.543622 0.788985        0 0.809025 0.544636 0.544732        0 0.543928 0.789129 0.544314 0.809108 0.543932 0.543795 0.543622 0.543928 0.789063 0.543612 0.809144 0.789066  0.78919 0.788985 0.789129 0.789063 0.788989 0.789126 0.544318 0.544183 0.544314 0.544314 0.543612 0.788989  0.80903 0.809071 0.809177 0.809025 0.809108 0.809144        0  0.80903
0.546726  0.54464 0.546853  0.54464  0.39071  0.54464        0 0.546744 0.546573 0.546952 0.546249 0.390799 0.546568        0        0 0.546418        0 0.545883 0.390606 0.544327        0 0.546872 0.546949 0.544866 0.546377 0.390787 0.546697        0        0 0.546032 0.545846 0.546167 0.390577 0.545841        0 0.789646 0.788159 0.789599 0.787599 0.789226 0.789576        0        0 0.546409 0.546575 0.546575 0.545873 0.390607        0 0.809401 0.807992 0.809374 0.807521 0.809042 0.809105 0.809353
0.546744        0 0.546872        0 0.789646        0 0.809401 0.546726 0.546418 0.546949 0.546032 0.788159 0.546409 0.807992 0.546565 0.546573 0.546703 0.545846 0.789599 0.546575 0.809374 0.546853 0.546952        0 0.546167 0.787599 0.546575 0.807521 0.546199 0.546249 0.545883 0.546377 0.789226 0.545873 0.809042  0.39071 0.390799 0.390606 0.390787 0.390577 0.390607 0.836069  0.54656 0.546568  0.54644 0.546697 0.545841 0.789576 0.809353        0        0        0        0        0        0        0
0.548969 0.546876 0.549094 0.546876 0.391457 0.546876        0 0.548969   0.5488 0.549159 0.548478 0.390579 0.548795        0 0.546876   0.5488 0.547077 0.547227 0.391399 0.546706        0 0.549094 0.549159 0.547077 0.548599 0.390243 0.548926        0 0.546876 0.548478 0.547227 0.548599 0.391126 0.547232        0 0.391457 0.390579 0.391399 0.390243 0.391126 0.391384        0 0.546876 0.548795 0.546706 0.548926 0.547232 0.391384        0        0        0        0        0        0        0        0
1.49716e-06 9.31582e-07 9.49076e-07 9.31582e-07    0.079581 9.31582e-07    0.360809           0 2.57615e-06 5.80998e-07 3.42995e-06    0.079581 2.60592e-06     0.36081 2.01911e-06 2.57615e-06 2.00857e-06 3.92262e-06   0.0795811 2.00812e-06    0.360809 9.49076e-07 5.80998e-07 1.73984e-08 2.87544e-06   0.0795809 2.05575e-06    0.360809 2.92733e-06 3.42995e-06 3.92262e-06 2.87544e-06    0.079581 3.95173e-06    0.360809    0.079581    0.079581   0.0795811   0.0795809    0.079581   0.0795811    0.361997 2.04919e-06 2.60592e-06 2.05266e-06 2.05575e-06 3.95173e-06   0.0795811    0.360809    0.360809     0.36081    0.360809    0.360809    0.360809    0.360809    0.360809
