8	12	12	1
 0  0  3  0  0  0  0  0  0  6  0  0
 0  0  0  0  0  0  0  2  0  6  0  0
 0  0  0  0  0  0  0  0  0  0  0  7
 9  0  0  0  0  0  0  2  0  0  0  7
 0  0  3  0  1  0 12  0  5  0  0  0
 0  0  0  4  1 10  0  2  5  0  0  0
 0  0  0  0  1  0  0  0  0  0 11  0
 0  8  0  4  1  0  0  2  0  0  0  0
0.7	0.5	0.4	0.3	0.5	0.9	0.8	0.3	0.4	0.6	1	1	
0.214	0.474	0.683	0.908	0.488	0.122	0.548	0.506	
------target--------
3
------result--------
4	
------details--------
0.371174 0.371174 0.718366  0.68994 0.371245 0.371781 0.371018 0.371459
0.373769 0.373769        0 0.233508 0.373884 0.374295 0.373771 0.373985
3.10708e-06 3.10708e-06           0   0.0935681 3.01744e-06 1.03148e-06 3.70464e-06 2.26386e-06
------result2--------
4	3	
------details2--------
       0 0.718411 0.689863 0.370424 0.370963 0.370196 0.370638        0 0.718411 0.689863 0.370424 0.370963 0.370196 0.370638 0.718411 0.718411        0 0.718263 0.718322 0.718107  0.71845 0.689863 0.689863  0.68994 0.689724 0.689864 0.689536 0.689945 0.370424 0.370424 0.718263 0.689724 0.371035 0.370269 0.370711 0.370963 0.370963 0.718322 0.689864 0.371035 0.370807 0.371249 0.370196 0.370196 0.718107 0.689536 0.370269 0.370807 0.370483 0.370638 0.370638  0.71845 0.689945 0.370711 0.371249 0.370483
0.371174        0 0.233333 0.373071 0.373482 0.372957 0.373175 0.371174        0 0.233333 0.373071 0.373482 0.372957 0.373175  0.71827  0.71827 0.718366 0.718629 0.718855 0.718839 0.718054 0.690107 0.690107        0 0.690483 0.690771 0.690672 0.689922 0.373027 0.373027        0 0.233298 0.373553 0.373028 0.373245 0.373561 0.373561        0 0.233444 0.373676 0.373562 0.373777   0.3728   0.3728        0 0.233192 0.372914 0.373326 0.373017 0.373242 0.373242        0 0.233414 0.373356 0.373767 0.373242
       0  0.71827 0.690107 0.373027 0.373561   0.3728 0.373242        0  0.71827 0.690107 0.373027 0.373561   0.3728 0.373242        0        0        0        0        0        0        0 0.233333 0.233333 0.758588 0.233298 0.233444 0.233192 0.233414 0.373071 0.373071 0.718629 0.690483 0.373676 0.372914 0.373356 0.373482 0.373482 0.718855 0.690771 0.373553 0.373326 0.373767 0.372957 0.372957 0.718839 0.690672 0.373028 0.373562 0.373242 0.373175 0.373175 0.718054 0.689922 0.373245 0.373777 0.373017
0.373769        0 0.233891  0.37568 0.376091 0.375566 0.375782 0.373769        0 0.233891  0.37568 0.376091 0.375566 0.375782        0        0        0        0        0        0        0 0.233891 0.233891        0 0.234044 0.234219  0.23409 0.233864  0.37568  0.37568        0 0.234044 0.376206 0.375682 0.375897 0.376091 0.376091        0 0.234219 0.376206 0.376092 0.376307 0.375566 0.375566        0  0.23409 0.375682 0.376092 0.375783 0.375782 0.375782        0 0.233864 0.375897 0.376307 0.375783
3.10708e-06    0.352163           0 6.14728e-06  4.1458e-06 6.83652e-06 5.39265e-06 3.10708e-06    0.352163   0.0935683 6.14728e-06  4.1458e-06 6.83652e-06 5.39265e-06    0.352163    0.352163    0.352163    0.352163    0.352163    0.352163    0.352163   0.0935683   0.0935683    0.353642   0.0935684   0.0935683   0.0935687   0.0935682 6.14728e-06 6.14728e-06    0.352163   0.0935684 4.05509e-06 6.74333e-06 5.29904e-06  4.1458e-06  4.1458e-06    0.352163   0.0935683 4.05509e-06   4.743e-06 3.30095e-06 6.83652e-06 6.83652e-06    0.352163   0.0935687 6.74333e-06   4.743e-06 5.98769e-06 5.39265e-06 5.39265e-06    0.352163   0.0935682 5.29904e-06 3.30095e-06 5.98769e-06
