8	12	12	1
 5  0  0  0  0  0  1 11  0  3  0  0
 0  0  0  0  7  0  1  0  2  3  0  0
 0  0  0  0  0  4  1  0  0  0  0  0
 0  6  0  0  7  4  1  0  2  0  0 12
 5  0  0  9  0  0  1  0  0  3  0  0
 0  0  0  0  0  0  1  0  2  3  8  0
 0  0  0  0  0  0  1  0  0  0  0  0
 0  6 10  0  0  0  1  0  2  0  8  0
0.2	1	0.7	0.2	0.9	0.2	0.9	1	0.3	0.2	0.4	1	
0.783	0.277	0.179	0.378	0.865	0.129	0.011	0.381	
------target--------
2
------result--------
4	
------details--------
 0.666618  0.832512  0.667424  0.821959  0.667339   0.66753  0.667622  0.667154
 0.668853 0.0423954  0.673021  0.456428  0.669451  0.670065   0.67284  0.669259
2.80891e-06           0 3.21941e-06   0.0741485 1.39548e-06  8.6063e-07 7.97714e-07 1.89969e-06
------result2--------
2	7	
------details2--------
 0.832291  0.666417  0.821668   0.66633  0.666525  0.666618  0.666143  0.832291  0.832521         0  0.832659  0.832528  0.832512  0.832512  0.666417  0.832521         0  0.667139  0.667331  0.667424  0.666953  0.821668  0.821959  0.821959  0.822099  0.821969  0.821959  0.821929   0.66633  0.832659  0.667139  0.822099  0.667246  0.667339  0.666867  0.666525  0.832528  0.667331  0.821969  0.667246   0.66753         0         0         0         0         0         0         0         0  0.666143  0.832512  0.666953  0.821929  0.666867  0.667154  0.667154
        0    0.6721  0.449106  0.668169  0.668346         0  0.668066  0.832757  0.832263  0.832512  0.831718  0.832221         0  0.832512  0.668544         0  0.667424  0.668968  0.669146         0  0.668869   0.82228         0         0  0.821208  0.821766         0   0.82205  0.668459         0  0.672807  0.449479  0.669064         0  0.668786  0.668649         0     0.673  0.449454  0.669071         0   0.66753  0.667622  0.667622  0.667622  0.667622  0.667622  0.667622  0.667622  0.668273         0  0.672629  0.449344    0.6687         0         0
 0.832757  0.668544   0.82228  0.668459  0.668649   0.66874  0.668273         0         0         0         0         0         0         0    0.6721  0.832263         0  0.672807     0.673   0.67309  0.672629  0.449106   0.86109  0.428792  0.449479  0.449454  0.449472  0.449344  0.668169  0.831718  0.668968  0.821208  0.669071  0.669161    0.6687  0.668346  0.832221  0.669146  0.821766  0.669064  0.669339         0         0         0         0         0         0         0         0  0.668066  0.832512  0.668869   0.82205  0.668786  0.668992  0.669064
0.0841194  0.673599  0.464129  0.670681  0.671314   0.67284  0.670463 0.0841194  0.447475 0.0423954   0.20511  0.384864   0.67284  0.145701  0.673599  0.447475  0.673021  0.673366  0.673069   0.67284  0.673502  0.464129 0.0423954  0.673021   0.48814  0.536706   0.67284  0.475874  0.670681   0.20511  0.673366   0.48814  0.672124   0.67284  0.671195  0.671314  0.384864  0.673069  0.536706  0.672124   0.67284  0.670065   0.67284   0.67284   0.67284   0.67284   0.67284   0.67284   0.67284  0.670463  0.145701  0.673502  0.475874  0.671195  0.670065   0.67284
   0.247831           0   0.0741966 4.11208e-06 3.54247e-06 3.29486e-06 4.62505e-06    0.247831    0.264595    0.241579    0.256307    0.262872    0.269876    0.252984 5.69666e-06    0.264595 3.21941e-06 4.17065e-06 3.56147e-06 3.22077e-06 4.69946e-06   0.0741966    0.242462   0.0792719   0.0743357   0.0746225   0.0754372   0.0742655 4.11208e-06    0.256307 4.17065e-06   0.0743357 2.07968e-06 1.76634e-06 3.17198e-06 3.54247e-06    0.262872 3.56147e-06   0.0746225 2.07968e-06 1.14966e-06  8.6063e-07 7.97714e-07 7.97714e-07 7.97714e-07 7.97714e-07 7.97714e-07 7.97714e-07 7.97714e-07 4.62505e-06    0.252984 4.69946e-06   0.0742655 3.17198e-06 2.02365e-06 2.30184e-06
