8	12	12	1
 0  0  0  1  0  0  0  0  0  0  0  0
 0  0  6  0  2  0  0  0  9  7  0  0
 4  0  0  1  0  0  0  0  0  0  0  0
 4  0  0  0  2  0  0  0  0  7  0  0
 0  5  0  1  0  0  3 12  0  0  0  8
 0  5  6  0  2  0  3  0  0  0  0  0
 0  0  0  1  0 10  3  0  0  0  0  8
 0  0  0  0  2  0  3  0  0  0 11  0
0.3	0.9	0.5	0.1	0.7	0.3	0.2	1	0.7	0.6	0.7	0.3	
0.379	0.528	0.272	0.065	0.675	0.095	0.293	0.234	
------target--------
3
------result--------
4	
------details--------
0.671361 0.669068 0.725788 0.723888 0.670525 0.671303  0.67122 0.671136
0.671887 0.676002 0.233043 0.238391  0.67249 0.672947 0.672623 0.672971
2.31204e-08 2.42565e-05           0   0.0482811 2.15208e-06 2.76901e-07 4.54744e-07 8.84722e-07
------result2--------
3	1	
------details2--------
 0.669042         0  0.724511         0  0.671283         0  0.671115  0.669042  0.724408  0.723774  0.668188  0.669068  0.668895  0.668815  0.725788  0.724408         0  0.725178  0.725763  0.725755  0.725679  0.724511         0  0.724511  0.723895  0.723857  0.724477  0.723772  0.670525  0.668188  0.725178  0.723895  0.670446  0.670382  0.670277  0.671283         0  0.725763  0.723857  0.670446  0.671141  0.671058   0.67122  0.668895  0.725755  0.724477  0.670382  0.671141  0.670973  0.671115  0.668815  0.725679  0.723772  0.670277  0.671058  0.670973
 0.675988  0.671361  0.236804  0.671361  0.672927  0.671361  0.672951  0.669714  0.231018         0    0.6702         0  0.670386  0.670698         0  0.728527  0.725788  0.726653  0.726273  0.726163  0.726493  0.708599  0.723888  0.708599  0.723879  0.724503    0.7194   0.72464         0  0.675155         0  0.236654  0.672098   0.67216  0.672121  0.671811  0.671303   0.23309  0.238739  0.672412  0.672546  0.672894         0  0.675849         0  0.236696  0.672407  0.672789  0.672812  0.671647  0.675761   0.23312  0.238221  0.672246  0.672705  0.672381
 0.669714         0  0.708599         0  0.671811         0  0.671647  0.675988  0.728527  0.724143  0.675155  0.676508  0.675849  0.675761         0  0.231018  0.708599         0   0.23309         0   0.23312  0.236804         0  0.759243  0.236654  0.238739  0.236696  0.238221  0.672548    0.6702  0.726653  0.723879  0.672412  0.672407  0.672246  0.672927         0  0.726273  0.724503  0.672098  0.672789  0.672705   0.67299  0.670386  0.726163    0.7194   0.67216  0.672546  0.672381  0.672951  0.670698  0.726493   0.72464  0.672121  0.672894  0.672812
 0.676366  0.671887  0.288133  0.671887  0.673464  0.671887   0.67349  0.676366  0.237288    0.4462  0.677112  0.672947  0.677203  0.677582  0.671887  0.237288 0.0127677  0.378998  0.232078  0.585866  0.232537  0.288133    0.4462 0.0127677  0.240709  0.231149  0.252596  0.239513  0.671887  0.677112  0.378998  0.240709  0.674065  0.672923  0.674089  0.673464  0.672947  0.232078  0.231149  0.674065  0.674199  0.674544  0.671887  0.677203  0.585866  0.252596  0.672923  0.674199  0.674224   0.67349  0.677582  0.232537  0.239513  0.674089  0.674544  0.674224
2.42857e-05 2.31204e-08           0 2.31204e-08 3.00229e-07 2.31204e-08 9.08365e-07 2.42857e-05   0.0507144   0.0679634 2.64708e-05 2.54324e-05 2.47401e-05 2.51678e-05   0.0864149   0.0507144    0.084401   0.0655997   0.0507034   0.0808584   0.0507035   0.0483247   0.0679633   0.0844989   0.0482823   0.0482819   0.0482941   0.0482813 2.18669e-06 2.64708e-05   0.0655997   0.0482823 2.43184e-06 2.48562e-06 3.04446e-06 3.00229e-07 2.76901e-07   0.0507034   0.0482819 2.43184e-06 7.32955e-07 1.16284e-06 5.25266e-07 2.47401e-05   0.0808584   0.0482941 2.48562e-06 7.32955e-07 1.34281e-06 9.08365e-07 2.51678e-05   0.0507035   0.0482813 3.04446e-06 1.16284e-06 1.34281e-06
