8	12	12	1
 0  0  7  0  0  2  0  0  6  0  8  0
 1  0  0  0  0  0  0  0  6  0  0  9
 0  0  7  4  0  2  0  0  0  0  0  0
 1  0  0  0  0  0  0  0  0  0  0  9
 0  0  0  0  0  2 10  0  0  3  8  0
 1  0  0  0  0  0  0  0  0  3  0  0
 0  5  0  4 12  2  0  0  0  3  0  0
 1  5  0  0  0  0  0 11  0  3  0  0
1	0.9	0.9	1	0.3	0.6	0.2	0.4	0.6	1	0.8	0.9	
0.67	0.678	0.573	0.353	0.127	0.948	0.613	0.017	
------target--------
3
------result--------
1	
------details--------
0.686332 0.434952 0.712299 0.434952 0.373025  0.43542 0.435142  0.43541
0.273899 0.437833        0 0.437833 0.461143 0.437265 0.437242 0.437265
   0.084206 4.18078e-06           0 4.18078e-06  0.00320576 1.65818e-06 2.00604e-06 1.67284e-06
------result2--------
1	3	
------details2--------
 0.68584 0.686332  0.68584        0 0.685524 0.685725  0.68553  0.68584 0.712008        0 0.370982 0.433831 0.433547  0.43382        0 0.712008 0.712008 0.685701 0.711958 0.712201 0.711965  0.68584        0 0.712008 0.370982 0.433831 0.433547  0.43382 0.685701 0.370982 0.685701 0.370982 0.373025  0.37255 0.373008 0.685524 0.433831 0.711958 0.433831        0        0        0 0.685725 0.433547 0.712201 0.433547  0.37255 0.435142 0.435133  0.68553  0.43382 0.711965  0.43382 0.373008  0.43541 0.435133
0.686733        0 0.686733 0.686332 0.686856 0.686636 0.686848 0.273344        0 0.434952 0.459488 0.435686 0.435662 0.435685 0.712299 0.712538 0.712538 0.721068 0.712524  0.71235 0.712518 0.273344 0.434952        0 0.459488 0.435686 0.435662 0.435685        0 0.374687        0 0.374687        0 0.375721 0.375985 0.275355 0.436717        0 0.436717  0.43542  0.43542  0.43542 0.275416  0.43644        0  0.43644 0.582246        0 0.436867 0.275357 0.436707        0 0.436707 0.582479        0 0.436991
0.273344 0.759157 0.273344        0 0.275355 0.275416 0.275357 0.686733 0.712538        0 0.374687 0.436717  0.43644 0.436707        0        0        0        0        0        0        0 0.686733        0 0.712538 0.374687 0.436717  0.43644 0.436707 0.686728 0.459488 0.721068 0.459488 0.582487 0.582246 0.582479 0.686856 0.435686 0.712524 0.435686        0        0        0 0.686636 0.435662  0.71235 0.435662 0.375721 0.437003 0.436991 0.686848 0.435685 0.712518 0.435685 0.375985 0.437201 0.436867
0.274361        0 0.274361  0.34683 0.272927 0.273114 0.272935 0.274361        0 0.437833 0.462514 0.438576 0.438552 0.438576        0        0        0        0        0        0        0 0.274361 0.437833        0 0.462514 0.438576 0.438552 0.438576  0.34683 0.462514        0 0.462514 0.437265   0.4414 0.437427 0.272927 0.438576        0 0.438576 0.437265 0.437265 0.437265 0.273114 0.438552        0 0.438552   0.4414 0.437265 0.437266 0.272935 0.438576        0 0.438576 0.437427 0.437265 0.437266
  0.0842066    0.319162           0    0.131063   0.0842086    0.084208   0.0842085   0.0842066    0.317311 4.18078e-06  0.00321108 5.85979e-06   6.214e-06 5.87469e-06    0.317311    0.317311    0.317311    0.317656    0.317311    0.317311    0.317311   0.0842066 4.18078e-06    0.317311  0.00321108 5.85979e-06   6.214e-06 5.87469e-06    0.131063  0.00321108    0.317656  0.00321108  0.00739977  0.00666656    0.007371   0.0842086 5.85979e-06    0.317311 5.85979e-06 1.65818e-06 1.65818e-06 1.65818e-06    0.084208   6.214e-06    0.317311   6.214e-06  0.00666656 2.01361e-06 2.02599e-06   0.0842085 5.87469e-06    0.317311 5.87469e-06    0.007371 1.67286e-06 2.02599e-06
