8	12	12	1
 0  0  1  0  0  0  0  3  0  0  0  9
 0  0  0  0  0  4  0  3  0  0  0  9
 0  0  1  2  0  0  0  0  7  0  0  0
 0  0  0  2  0  0  0  0  7 10  0  0
 0  0  1  0  0  0  5  3  0  0  0  0
 0  0  0  0  6  4  5  3  0  0  0  0
12  0  1  2  0  0  0  0  0  0  8  0
 0 11  0  2  6  0  0  0  0  0  8  0
0.6	0.4	0.3	0.7	1	0.6	0.9	1	0.1	0.8	0.1	0.1	
0.276	0.022	0.841	0.069	0.931	0.45	0.619	0.132	
------target--------
1
------result--------
2	
------details--------
 0.687684  0.687684  0.669404  0.669333  0.668359  0.667941  0.669002  0.669305
0.0507686 0.0507686  0.671212   0.67115  0.670535  0.670339  0.670887  0.670366
          0   0.0255232  5.3693e-07 7.72247e-07 2.65148e-06 2.87464e-06 1.64844e-06 4.47282e-07
------result2--------
6	1	
------details2--------
        0  0.687685  0.687631   0.68672  0.686418  0.687301  0.687526         0  0.687685  0.687631   0.68672  0.686418  0.687301  0.687526  0.687685  0.687685         0  0.668213  0.667793  0.668857  0.669161  0.687631  0.687631  0.669333  0.668142  0.667721  0.668786  0.669091   0.68672   0.68672  0.668213  0.668142         0  0.667808  0.667859  0.686418  0.686418  0.667793  0.667721  0.667941  0.667386         0  0.687301  0.687301  0.668857  0.668786  0.667808  0.667386  0.668759  0.687526  0.687526  0.669161  0.669091  0.667859  0.667859  0.668759
 0.687684  0.687669  0.688076  0.688486  0.688308  0.688625  0.688218  0.687684  0.687669  0.688076  0.688486  0.688308  0.688625  0.688218 0.0507636 0.0507636  0.669404  0.670394  0.670197  0.670747  0.670226 0.0507595 0.0507595         0  0.670323  0.670127  0.670677  0.670156 0.0506959 0.0506959  0.670045  0.669978  0.668359  0.669706  0.669489 0.0506724 0.0506724  0.669636  0.669566         0   0.66929  0.667941 0.0507388 0.0507388  0.670682  0.670616  0.669993  0.669796  0.669825 0.0507558 0.0507558  0.670974  0.670911    0.6703    0.6703  0.670646
        0 0.0507636 0.0507595 0.0506959 0.0506724 0.0507388 0.0507558         0 0.0507636 0.0507595 0.0506959 0.0506724 0.0507388 0.0507558  0.687669  0.687669         0  0.670045  0.669636  0.670682  0.670974  0.688076  0.688076  0.671022  0.669978  0.669566  0.670616  0.670911  0.688486  0.688486  0.670394  0.670323         0  0.669993    0.6703  0.688308  0.688308  0.670197  0.670127  0.669476  0.669796    0.6703  0.688625  0.688625  0.670747  0.670677  0.669706   0.66929  0.670646  0.688218  0.688218  0.670226  0.670156  0.669489  0.669597  0.669825
0.0507686 0.0508329 0.0508425 0.0508307 0.0508175 0.0508446 0.0508129 0.0507686 0.0508329 0.0508425 0.0508307 0.0508175 0.0508446 0.0508129 0.0508329 0.0508329  0.671212  0.672208  0.672013  0.672561  0.672037 0.0508425 0.0508425  0.671212  0.672146  0.671951  0.672499  0.671976 0.0508307 0.0508307  0.672208  0.672146  0.670535  0.671883   0.67176 0.0508175 0.0508175  0.672013  0.671951  0.670535  0.671687  0.670423 0.0508446 0.0508446  0.672561  0.672499  0.671883  0.671687  0.671713 0.0508129 0.0508129  0.672037  0.671976   0.67176  0.670423  0.671713
          0   0.0255232   0.0255233    0.025525    0.025525    0.025524   0.0255234   0.0255232   0.0255232   0.0255233    0.025525    0.025525    0.025524   0.0255234   0.0255232   0.0255232  5.3693e-07 3.19679e-06 3.42166e-06 2.19321e-06 9.86668e-07   0.0255233   0.0255233 7.74359e-07 3.43407e-06 3.65922e-06 2.43006e-06 1.22244e-06    0.025525    0.025525 3.19679e-06 3.43407e-06 2.65148e-06 4.31645e-06 3.58712e-06    0.025525    0.025525 3.42166e-06 3.65922e-06   3.131e-06 4.54222e-06 2.87957e-06    0.025524    0.025524 2.19321e-06 2.43006e-06 4.31645e-06 4.54222e-06 2.09985e-06   0.0255234   0.0255234 9.86668e-07 1.22244e-06 3.58712e-06  2.9805e-06 2.09985e-06
