8	12	12	1
 8  2  0  7  1  0  0  3  4  0  0  0
 8  2  0  0  1  0  0  3  0 10  9  0
 0  0 11  7  1  0  6  3  4  0  0  0
 0  0  0  0  1  0  0  3  0  0  0  0
 0  2  0  0  1  0  0  0  4  0  0  0
 0  2  0  0  1  5  0  0  0  0  9 12
 0  0  0  0  1  0  6  0  4  0  0  0
 0  0  0  0  1  5  0  0  0  0  0  0
0.5	0.7	0.1	0.6	0.2	0.8	0.2	0.1	0.7	0.4	0.9	0.1	
0.612	0.497	0.737	0.968	0.25	0.517	0.541	0.381	
------target--------
8
------result--------
6	
------details--------
 0.577043  0.577375  0.577177  0.577977  0.577727   0.77193  0.577509  0.772855
 0.579536  0.579403   0.57972  0.580091  0.579983 0.0977695   0.57987         0
3.16032e-06 2.01752e-06  3.1644e-06 7.87979e-07 1.66981e-06    0.206242 2.32012e-06           0
------result2--------
6	8	
------details2--------
        0  0.576699  0.577043  0.577043  0.772007  0.576821   0.77295  0.576776  0.576429  0.577375  0.576776  0.772283  0.576552  0.773225  0.576699  0.576429  0.577177  0.577177  0.772157  0.577177  0.773099         0         0         0  0.577521  0.772082    0.5773  0.773012         0  0.576776         0  0.577521  0.771777         0  0.772707  0.772007  0.772283  0.772157  0.772082  0.771777    0.7719   0.77193  0.576821  0.576552         0    0.5773  0.577509    0.7719  0.772834   0.77295  0.773225  0.773099  0.773012  0.772707         0  0.772834
 0.577043  0.578825         0         0 0.0989025  0.578928         0  0.579355  0.579078         0  0.579355  0.099107  0.579177         0  0.578635   0.57851         0         0 0.0993245         0         0  0.577977  0.577977  0.577977   0.57979 0.0983874  0.579678         0  0.577727  0.579038  0.577727   0.57966 0.0978501  0.577727         0  0.771839  0.771396  0.771585  0.770497   0.77254  0.772007         0  0.578972  0.578823  0.577509  0.579459         0 0.0982579         0  0.772742  0.772293  0.772481  0.771367  0.773446  0.772855  0.772907
 0.579355  0.578635   0.57939  0.579186  0.771839  0.578972  0.772742  0.578572   0.57851  0.579186  0.579038  0.771396  0.578823  0.772293  0.578825  0.579078  0.579602  0.579448  0.771585  0.579334  0.772481         0         0         0   0.57966  0.770497  0.579459  0.771367         0  0.579355         0   0.57979   0.77254         0  0.773446 0.0989025  0.099107 0.0993245 0.0983874 0.0978501 0.0982579  0.791415  0.578928  0.579177         0  0.579678    0.5796  0.772007  0.772907         0         0         0         0         0         0         0
 0.579617  0.579978  0.580091  0.579983   0.09639  0.580109         0  0.579617  0.580496  0.580091  0.581454 0.0956908  0.581265         0  0.579978  0.580496  0.580091  0.579983 0.0953231   0.57987         0  0.580091  0.580091  0.580091  0.581931 0.0917254  0.581821         0  0.579983  0.581454  0.579983  0.581931 0.0974442  0.579983         0   0.09639 0.0956908 0.0953231 0.0917254 0.0974442 0.0965155         0  0.580109  0.581265   0.57987  0.581821  0.579983 0.0965155         0         0         0         0         0         0         0         0
3.17397e-06 4.21678e-06 3.23614e-06 3.30623e-06    0.206244 3.92872e-06    0.280035           0 4.80536e-06 2.13889e-06 4.09352e-06    0.206247 4.72977e-06    0.280036 4.21678e-06 4.80536e-06  3.1998e-06 3.22206e-06    0.206248 3.21124e-06    0.280035 7.87979e-07 7.87979e-07 7.87979e-07 2.47748e-06    0.206248 3.13914e-06    0.280036 1.66981e-06 4.09352e-06 1.66981e-06 2.47748e-06    0.206242 1.66981e-06    0.280035    0.206244    0.206247    0.206248    0.206248    0.206242    0.206243    0.280072 3.92872e-06 4.72977e-06 2.32012e-06 3.13914e-06 2.33781e-06    0.206243    0.280035    0.280035    0.280036    0.280035    0.280036    0.280035    0.280035    0.280035
