8	12	12	1
 0  0  0  0 10  0  0  0  0  0  0  0
 0  0  2  0  0  0  7  0  0  5  0  0
 0  4  0  0  0  0  0  8  0  0  0  0
 0  0  0  0  0  0  0  0  0  5  0 12
 0  0  0  0  0  0  0  0  1  0  6  0
 9  0  2  0  0  0  0  0  1  0  6  0
 0  4  0  3  0 11  0  0  1  0  0  0
 0  0  0  3  0  0  0  0  1  0  0  0
0.6	0.2	0.5	0.6	1	0.9	0.5	0.5	0.6	0.7	0.7	0.8	
0.662	0.965	0.194	0.559	0.071	0.509	0.089	0.256	
------target--------
8
------result--------
7	
------details--------
0.688419 0.688574 0.689084 0.688641 0.689153 0.688728 0.791333 0.793851
0.690384 0.690367 0.690815 0.690498  0.69087 0.690554 0.232811        0
2.18735e-06 1.74556e-06 5.50711e-07 1.74889e-06 3.06848e-07 1.55644e-06    0.101959           0
------result2--------
7	8	
------details2--------
0.687752 0.688268 0.687822 0.688338 0.687909 0.791067   0.7936 0.687752 0.688423 0.687976 0.688493 0.688063  0.79137   0.7939 0.688268 0.688423  0.68849 0.689003 0.688578 0.791333 0.793853 0.687822 0.687976  0.68849  0.68856 0.688132 0.791202  0.79373 0.688338 0.688493 0.689003  0.68856        0 0.791314 0.793832 0.687909 0.688063 0.688578 0.688132 0.688728 0.791287 0.793814 0.791067  0.79137 0.791333 0.791202 0.791314 0.791287 0.791333   0.7936   0.7939 0.793853  0.79373 0.793832 0.793814        0
0.689557 0.690009 0.689688 0.690062 0.689745 0.232525        0 0.689728 0.690165 0.689843 0.690217   0.6899 0.232504        0 0.690236 0.690219  0.69035 0.690723 0.690406 0.232745        0 0.689794 0.689779  0.69023 0.690283 0.689966 0.232587        0 0.690304 0.690287 0.690736 0.690418 0.689153 0.232781        0 0.689882 0.689866 0.690317 0.689997        0 0.232601        0 0.791709  0.79127 0.791337 0.791614  0.79174 0.791454        0 0.794204 0.793766 0.793824 0.794107 0.794224 0.793946 0.793851
0.689728 0.690236 0.689794 0.690304 0.689882 0.791709 0.794204 0.689557 0.690219 0.689779 0.690287 0.689866  0.79127 0.793766 0.690009 0.690165  0.69023 0.690736 0.690317 0.791337 0.793824 0.689688 0.689843  0.69035 0.690418 0.689997 0.791614 0.794107 0.690062 0.690217 0.690723 0.690283        0  0.79174 0.794224 0.689745   0.6899 0.690406 0.689966 0.690489 0.791454 0.793946 0.232525 0.232504 0.232745 0.232587 0.232781 0.232601 0.834168        0        0        0        0        0        0        0
0.691525 0.691973 0.691656 0.692028 0.691712  0.23322        0 0.691525 0.691958  0.69164 0.692012 0.691697 0.233348        0 0.691973 0.691958 0.692087 0.692458 0.692144 0.233525        0 0.691656  0.69164 0.692087 0.692142 0.691827 0.233297        0 0.692028 0.692012 0.692458 0.692142  0.69087 0.233424        0 0.691712 0.691697 0.692144 0.691827  0.69087  0.23337        0  0.23322 0.233348 0.233525 0.233297 0.233424  0.23337        0        0        0        0        0        0        0        0
3.94983e-06 2.74319e-06 3.95002e-06 2.49656e-06  3.7574e-06    0.101959    0.177957           0 2.30241e-06 3.50988e-06 2.05502e-06 3.31789e-06    0.101959    0.177957 2.74319e-06 2.30241e-06 2.30426e-06 8.58349e-07 2.11191e-06    0.101959    0.177957 3.95002e-06 3.50988e-06 2.30426e-06 2.05783e-06 3.31758e-06    0.101959    0.177957 2.49656e-06 2.05502e-06 8.58349e-07 2.05783e-06 3.06848e-07    0.101959    0.177957  3.7574e-06 3.31789e-06 2.11191e-06 3.31758e-06 1.56958e-06    0.101959    0.177957    0.101959    0.101959    0.101959    0.101959    0.101959    0.101959     0.17824    0.177957    0.177957    0.177957    0.177957    0.177957    0.177957    0.177957
