8	12	12	1
 0  0  0  0  9  2  6  3  0  0  0  0
 0  5  1  0  9  2  0  3  0  0  0  0
 7  0  0  0  0  2  6  0  0  0  0  0
 7  5  1  0  0  2  0  0  0  0  0 12
 0  0  0  0  0  0  0  3  8  4  0  0
 0  0  1  0  0  0  0  3  8  4  0  0
 0  0  0 11  0  0  0  0  0  4 10  0
 0  0  1  0  0  0  0  0  0  4 10  0
0.1	0.6	0.4	0.9	0.9	0.8	0.6	0.5	0.4	0.8	0.8	0.9	
0.293	0.168	0.717	0.976	0.255	0.645	0.768	0.669	
------target--------
1
------result--------
2	
------details--------
0.807879 0.807879 0.656132   0.6551 0.655709 0.655709 0.654682 0.655405
0.278371 0.278371 0.657974 0.657241 0.657599 0.657599 0.657098 0.657472
          0     0.12496 4.80217e-07 2.52289e-06  1.6339e-06  1.6339e-06 2.93537e-06 2.29589e-06
------result2--------
3	1	
------details2--------
       0 0.807973 0.807773 0.808007 0.808007 0.807628 0.807668        0 0.807973 0.807773 0.808007 0.808007 0.807628 0.807668 0.807973 0.807973        0 0.655579 0.655579  0.65455 0.655276 0.807773 0.807773   0.6551 0.654539 0.654539 0.653503 0.654237 0.808007 0.808007 0.655579 0.654539        0 0.654118 0.654849 0.808007 0.808007 0.655579 0.654539        0 0.654118 0.654849 0.807628 0.807628  0.65455 0.653503 0.654118 0.654118 0.654682 0.807668 0.807668 0.655276 0.654237 0.654849 0.654849        0
0.807879 0.806608 0.807969 0.807568 0.807568 0.808013 0.808179 0.807879 0.806608 0.807969 0.807568 0.807568 0.808013 0.808179 0.278335 0.278335 0.656132 0.657476 0.657476 0.656973 0.657347 0.278067 0.278067        0 0.656451 0.656451 0.655941 0.656317 0.278235 0.278235 0.657443 0.656694 0.655709  0.65655 0.656926 0.278235 0.278235 0.657443 0.656694 0.655709  0.65655 0.656926 0.277967 0.277967 0.656428 0.655667 0.656034 0.656034        0  0.27815  0.27815 0.657135 0.656389 0.656752 0.656752 0.655405
       0 0.278335 0.278067 0.278235 0.278235 0.277967  0.27815        0 0.278335 0.278067 0.278235 0.278235 0.277967  0.27815 0.806608 0.806608        0 0.657443 0.657443 0.656428 0.657135 0.807969 0.807969 0.657134 0.656694 0.656694 0.655667 0.656389 0.807568 0.807568 0.657476 0.656451        0 0.656034 0.656752 0.807568 0.807568 0.657476 0.656451        0 0.656034 0.656752 0.808013 0.808013 0.656973 0.655941  0.65655  0.65655 0.656455 0.808179 0.808179 0.657347 0.656317 0.656926 0.656926        0
0.278371  0.27886 0.278632 0.278707 0.278707 0.278589 0.278688 0.278371  0.27886 0.278632 0.278707 0.278707 0.278589 0.278688  0.27886  0.27886 0.657974 0.659325 0.659325 0.658823 0.659195 0.278632 0.278632 0.657974 0.658591 0.658591 0.658088 0.658462 0.278707 0.278707 0.659325 0.658591 0.657599 0.658448 0.658821 0.278707 0.278707 0.659325 0.658591 0.657599 0.658448 0.658821 0.278589 0.278589 0.658823 0.658088 0.658448 0.658448 0.657472 0.278688 0.278688 0.659195 0.658462 0.658821 0.658821 0.657472
          0    0.124961     0.12496     0.12496     0.12496     0.12496     0.12496     0.12496    0.124961     0.12496     0.12496     0.12496     0.12496     0.12496    0.124961    0.124961 4.80217e-07 2.12355e-06 2.12355e-06  3.4253e-06 2.78253e-06     0.12496     0.12496 2.61646e-06  4.1798e-06  4.1798e-06  5.4867e-06 4.83887e-06     0.12496     0.12496 2.12355e-06  4.1798e-06  1.6339e-06 4.59306e-06 3.94625e-06     0.12496     0.12496 2.12355e-06  4.1798e-06  1.6339e-06 4.59306e-06 3.94625e-06     0.12496     0.12496  3.4253e-06  5.4867e-06 4.59306e-06 4.59306e-06 3.28354e-06     0.12496     0.12496 2.78253e-06 4.83887e-06 3.94625e-06 3.94625e-06 2.29589e-06
