8	12	12	1
 2  0  3  0  0  0 12  0  0  0  6  0
 2  0  0  0  9  0  0  4  0  0  0  0
 0  0  3  8  0  0  0  0  0  0  0  0
 0  0  0  0  0  0  0  0  5  0  0  0
 0  1  0  0  0  0  0  0  0  0  6  0
 0  1  0  0  0  0  0  4  0  0  0  7
 0  1  0  0  0  0  0  0  0 10  0  0
 0  1  0  0  0 11  0  0  5  0  0  7
0.7	0.2	0.1	0.8	1	0.8	0.9	0.8	0.8	0.8	0.7	1	
0.172	0.619	0.737	0.629	0.112	0.405	0.607	0.175	
------target--------
6
------result--------
8	
------details--------
0.554837 0.554266 0.554267 0.551866 0.555088 0.774914 0.554425 0.768815
0.557139 0.556747 0.556691 0.561212   0.5573        0 0.556806 0.404796
1.54487e-06 2.96942e-06 2.85451e-06 4.08026e-05 6.27533e-07           0 2.58176e-06   0.0675877
------result2--------
8	6	
------details2--------
0.553861 0.553862 0.551459 0.554837 0.774873 0.554021 0.768761 0.553861 0.553288  0.55088 0.554114 0.774723 0.553447 0.768593 0.553862 0.553288 0.550881 0.554116 0.774838 0.553447 0.768708 0.551459  0.55088 0.550881 0.551714 0.773889 0.551041        0        0 0.554114 0.554116 0.551714 0.774905 0.554274 0.768801 0.774873 0.774723 0.774838 0.773889 0.774905 0.774846        0 0.554021 0.553447 0.553447 0.551041 0.554274 0.774846 0.768721 0.768761 0.768593 0.768708 0.768815 0.768801 0.768815 0.768721
0.556347 0.556291 0.560806        0        0 0.556407 0.404631 0.556171 0.555721  0.56023 0.556334        0 0.555837 0.404364 0.556174 0.555779 0.560228 0.556336        0 0.555839 0.404405 0.553786 0.553389 0.553332  0.55395        0 0.553449 0.551866 0.555088 0.556597 0.556541  0.56106        0 0.556657 0.404737  0.77511 0.775211 0.775029 0.776708 0.775041 0.775045 0.774914  0.55633 0.555936  0.55588 0.560389 0.556493        0 0.404467  0.76907 0.769157 0.768973        0 0.769007        0 0.768994
0.556171 0.556174 0.553786 0.557036  0.77511  0.55633  0.76907 0.556347 0.555779 0.553389 0.556597 0.775211 0.555936 0.769157 0.556291 0.555721 0.553332 0.556541 0.775029  0.55588 0.768973 0.560806  0.56023 0.560228  0.56106 0.776708 0.560389        0        0 0.556334 0.556336  0.55395 0.775041 0.556493 0.769007        0        0        0        0        0        0        0 0.556407 0.555837 0.555839 0.553449 0.556657 0.775045 0.768994 0.404631 0.404364 0.404405 0.155069 0.404737 0.783227 0.404467
0.558658 0.558602 0.563155   0.5573        0 0.558718 0.405586 0.558658  0.55821 0.562751 0.558819        0 0.558325 0.405473 0.558602  0.55821 0.562701 0.558763        0  0.55827 0.405387 0.563155 0.562751 0.562701 0.563321        0 0.562818 0.561212   0.5573 0.558819 0.558763 0.563321        0 0.558879 0.405622        0        0        0        0        0        0        0 0.558718 0.558325  0.55827 0.562818 0.558879        0 0.405437 0.405586 0.405473 0.405387 0.561212 0.405622        0 0.405437
4.52586e-06 4.41178e-06 4.23921e-05 1.55073e-06    0.304936           0   0.0675878 4.52586e-06 5.84574e-06 4.38505e-05 3.60181e-06    0.304937 5.57083e-06   0.0675881 4.41178e-06 5.84574e-06 4.37415e-05 3.48727e-06    0.304936 5.45741e-06    0.067588 4.23921e-05 4.38505e-05 4.37415e-05  4.1449e-05     0.30494 4.34603e-05 4.08026e-05 6.27533e-07 3.60181e-06 3.48727e-06  4.1449e-05    0.304936   3.214e-06   0.0675877    0.304936    0.304937    0.304936     0.30494    0.304936    0.304936    0.304936  4.1378e-06 5.57083e-06 5.45741e-06 4.34603e-05   3.214e-06    0.304936   0.0675879   0.0675878   0.0675881    0.067588    0.118741   0.0675877    0.305041   0.0675879
