8	12	12	1
 1  2  0  0  0  0  0  5  0  0  0  0
 1  2  0  0  3  0  0  5  0  0  0  0
 1  0  0  0  0  9  0  0  0  0  0  0
 1  0  0  0  3  0  0  0  0  0  0  8
 0  2 12  0  0  0  4  0  6  0  7  0
 0  2  0  0  3  0  4  0  0 10  7  0
 0  0  0  0  0  0  4  0  6  0  0  0
 0  0  0 11  3  0  4  0  0  0  0  8
0.7	0.7	0.6	0.5	0.6	0.5	0.7	0.3	0.4	0.4	1	0.7	
0.862	0.031	0.411	0.553	0.156	0.422	0.743	0.491	
------target--------
4
------result--------
8	
------details--------
0.447747 0.447747 0.447876 0.656179 0.447532 0.447942 0.447681 0.643247
 0.45018  0.45018 0.450333        0 0.450051 0.450377 0.450139 0.206594
2.10985e-06 2.10985e-06 1.75561e-06           0 2.72386e-06 1.51362e-06  2.3108e-06   0.0997143
------result2--------
8	4	
------details2--------
       0 0.447315 0.656421 0.446967 0.447382 0.447117 0.643438        0 0.447315 0.656421 0.446967 0.447382 0.447117 0.643438 0.447315 0.447315 0.656217 0.447099 0.447512 0.447249 0.643245 0.656421 0.656421 0.656217 0.656347 0.656262 0.656328        0 0.446967 0.446967 0.447099 0.656347 0.447166 0.447532 0.643342 0.447382 0.447382 0.447512 0.656262 0.447166 0.447315 0.643296 0.447117 0.447117 0.447249 0.656328        0 0.447315 0.643337 0.643438 0.643438 0.643245 0.643247 0.643342 0.643296 0.643337
0.447747 0.449785        0 0.449502  0.44983 0.449591 0.206672 0.447747 0.449785        0 0.449502  0.44983 0.449591 0.206672 0.449758 0.449758        0 0.449627 0.449954 0.449716  0.20659 0.655369 0.655369 0.656003 0.655802 0.655707 0.655743 0.656179  0.44942  0.44942  0.44957        0 0.449616        0 0.206629 0.449825 0.449825 0.449976        0 0.449694 0.449782 0.206612 0.449567 0.449567 0.449717        0 0.447681 0.449763 0.206628 0.642612 0.642612 0.643261        0 0.643035 0.642973 0.642985
       0 0.449758 0.655369  0.44942 0.449825 0.449567 0.642612        0 0.449758 0.655369  0.44942 0.449825 0.449567 0.642612 0.449785 0.449785 0.656003  0.44957 0.449976 0.449717 0.643261        0        0        0        0        0        0        0 0.449502 0.449502 0.449627 0.655802 0.449694 0.449629 0.643035  0.44983  0.44983 0.449954 0.655707 0.449616 0.449763 0.642973 0.449591 0.449591 0.449716 0.655743        0 0.449782 0.642985 0.206672 0.206672  0.20659 0.711391 0.206629 0.206612 0.206628
 0.45018 0.452228        0 0.451947 0.452272 0.452035 0.206325  0.45018 0.452228        0 0.451947 0.452272 0.452035 0.206325 0.452228 0.452228        0 0.452097 0.452422 0.452185 0.206611        0        0        0        0        0        0        0 0.451947 0.451947 0.452097        0 0.452142 0.450139 0.206513 0.452272 0.452272 0.452422        0 0.452142 0.452229 0.206487 0.452035 0.452035 0.452185        0 0.450139 0.452229 0.206492 0.206325 0.206325 0.206611        0 0.206513 0.206487 0.206492
2.10985e-06 3.88281e-06    0.248126           0 3.64054e-06 4.44704e-06   0.0997145 2.10985e-06 3.88281e-06    0.248126 4.86428e-06 3.64054e-06 4.44704e-06   0.0997145 3.88281e-06 3.88281e-06    0.248126 4.49878e-06 3.28003e-06 4.08304e-06   0.0997143    0.248126    0.248126    0.248126    0.248126    0.248126    0.248126    0.248126 4.86428e-06 4.86428e-06 4.49878e-06    0.248126 4.25619e-06 2.74685e-06   0.0997143 3.64054e-06 3.64054e-06 3.28003e-06    0.248126 4.25619e-06 3.84055e-06   0.0997143 4.44704e-06 4.44704e-06 4.08304e-06    0.248126  2.3108e-06 3.84055e-06   0.0997144   0.0997145   0.0997145   0.0997143    0.249231   0.0997143   0.0997143   0.0997144
