8	12	12	1
 0  1  0  0  9  0  0  0  2  0  4  0
 0  1  0  8  0  0  0  0  0  3  4 12
 7  0 11  0  0  0  0  0  2  0  4  0
 7  0  0  0  0  0  0  0  0  3  4  0
 0  1  0  0  9  5  0  0  2  0  0  0
 0  1  0  8  0  0  0  0  0  3  0  0
 0  0  0  0  0  5  6  0  2  0  0  0
 0  0  0  0  0  0  6 10  0  3  0  0
0.7	0.2	0.1	0.5	0.6	0.6	0.6	0.1	0.2	0.6	0.9	0.5	
0.806	0.317	0.358	0.356	0.095	0.257	0.27	0.35	
------target--------
6
------result--------
2	
------details--------
 0.68626 0.775428 0.686546 0.686603  0.68626 0.780607 0.686728 0.686672
0.688104 0.401382 0.688398 0.688419 0.688104        0 0.688504 0.688482
 1.8915e-06   0.0555327 1.45167e-06 1.28469e-06  1.8915e-06           0 9.20025e-07 1.10088e-06
------result2--------
2	6	
------details2--------
0.775333 0.685811 0.685869        0 0.780552 0.685995 0.685938 0.775333 0.775352 0.775312 0.775333 0.775428 0.775369 0.775409 0.685811 0.775352 0.686546 0.685811 0.780553 0.686283 0.686226 0.685869 0.775312        0 0.685869 0.780511  0.68634 0.686284        0 0.775333 0.685811 0.685869 0.780552 0.685995 0.685938 0.780552        0 0.780553 0.780511 0.780552 0.780562 0.780603 0.685995 0.775369 0.686283  0.68634 0.685995 0.780562        0 0.685938 0.775409 0.686226 0.686284 0.685938 0.780603 0.686672
0.401179 0.687675 0.687695  0.68626        0 0.687781 0.687761 0.775574  0.77567 0.775859 0.775574        0  0.77577 0.775521 0.687664 0.401252        0 0.687664        0 0.688065 0.688045  0.68772 0.401256 0.686603  0.68772        0 0.688121 0.688099  0.68626 0.401179 0.687675 0.687695        0 0.687781 0.687761 0.780691 0.780607 0.780778 0.780962 0.780691 0.780866 0.780624 0.687845 0.401303  0.68814  0.68816 0.687845        0 0.686728  0.68779 0.401298 0.688085 0.688105  0.68779        0        0
0.775574 0.687664  0.68772        0 0.780691 0.687845  0.68779 0.401179 0.401252 0.401256 0.401179 0.814544 0.401303 0.401298 0.687675  0.77567 0.688233 0.687675 0.780778  0.68814 0.688085 0.687695 0.775859        0 0.687695 0.780962  0.68816 0.688105        0 0.775574 0.687664  0.68772 0.780691 0.687845  0.68779        0        0        0        0        0        0        0 0.687781  0.77577 0.688065 0.688121 0.687781 0.780866        0 0.687761 0.775521 0.688045 0.688099 0.687761 0.780624 0.688368
0.401698 0.689521 0.689541 0.688104        0 0.689626 0.689605 0.401698 0.401802 0.401852 0.401698        0 0.401847 0.401784 0.689521 0.401802 0.688419 0.689521        0  0.68992 0.689899 0.689541 0.401852 0.688419 0.689541        0  0.68994 0.689919 0.688104 0.401698 0.689521 0.689541        0 0.689626 0.689605        0        0        0        0        0        0        0 0.689626 0.401847  0.68992  0.68994 0.689626        0 0.688504 0.689605 0.401784 0.689899 0.689919 0.689605        0 0.688504
  0.0555327 3.35774e-06 3.18742e-06  1.8915e-06    0.158449           0 3.00463e-06   0.0555327   0.0555327   0.0555328   0.0555327    0.158916   0.0555327   0.0555327 3.35774e-06   0.0555327 1.45358e-06 3.35774e-06    0.158449  2.3781e-06 2.56182e-06 3.18742e-06   0.0555328 1.28469e-06 3.18742e-06    0.158449 2.20975e-06 2.39238e-06  1.8915e-06   0.0555327 3.35774e-06 3.18742e-06    0.158449 2.82027e-06 3.00463e-06    0.158449    0.158449    0.158449    0.158449    0.158449    0.158449    0.158449 2.82027e-06   0.0555327  2.3781e-06 2.20975e-06 2.82027e-06    0.158449 9.20025e-07 3.00463e-06   0.0555327 2.56182e-06 2.39238e-06 3.00463e-06    0.158449  1.1019e-06
