8	12	12	1
 0  2  9  0  1  0  6  0  0  0  0  0
 0  2  0  0  1  0  6  0  0  3 11  0
 0  2  0  0  1  0  0  0  8  0  0  0
 0  2  0  0  1  5  0  0  0  3  0  0
10  0  9  0  1  0  0  0  0  0  0  4
 0  0  0  0  1  0  0  7  0  3  0  4
10  0  0 12  1  0  0  0  8  0  0  4
 0  0  0  0  1  5  0  7  0  3  0  4
0.2	0.2	0.7	0.4	0.5	0.1	0.5	1	0.1	0.2	0.9	0.6	
0.556	0.335	0.759	0.299	0.458	0.616	0.145	0.546	
------target--------
6
------result--------
8	
------details--------
 0.40835 0.408632 0.409017 0.409036 0.408164 0.656152 0.408813 0.656152
0.411003 0.411225 0.411481 0.414501 0.410921 0.257734 0.411047 0.265177
 3.1564e-06 2.35971e-06 8.31697e-07 1.72695e-06 3.67659e-06           0 1.45644e-06   0.0741618
------result2--------
6	4	
------details2--------
0.407785 0.408171 0.408191        0 0.655862 0.407876 0.655861 0.407785 0.408454 0.408473 0.407598 0.655918 0.408249 0.655917 0.408171 0.408454 0.408859 0.407984 0.656316        0 0.656316 0.408191 0.408473 0.408859 0.408004 0.656152 0.408653        0 0.408164 0.407598 0.407984 0.408004 0.655998        0 0.655997 0.655862 0.655918 0.656316 0.656152 0.655998 0.656457        0 0.407876 0.408249 0.408813 0.408653 0.407876 0.656457 0.656456 0.655861 0.655917 0.656316 0.656152 0.655997        0 0.656456
0.410385 0.410651 0.413669  0.40835 0.257349 0.410383 0.264821 0.410443 0.410928 0.413946 0.410361 0.257478 0.410491 0.264936 0.410829 0.411052 0.414332 0.410748 0.257651 0.409017 0.265138 0.410848  0.41107 0.411334 0.410766 0.258039 0.410897 0.409036        0 0.410201 0.410477 0.413491 0.257264 0.408164 0.264767 0.656768 0.656991 0.654059 0.656163 0.656408 0.654688 0.656152 0.410687 0.410848        0 0.414132 0.410687 0.257557 0.265077 0.656768 0.656991 0.654063        0 0.656409 0.656152 0.654691
0.410443 0.410829 0.410848        0 0.656768 0.410687 0.656768 0.410385 0.411052  0.41107 0.410201 0.656991 0.410848 0.656991 0.410651 0.410928 0.411334 0.410477 0.654059        0 0.654063 0.413669 0.413946 0.414332 0.413491 0.656163 0.414132        0  0.41045 0.410361 0.410748 0.410766 0.656408 0.410687 0.656409 0.257349 0.257478 0.257651 0.258039 0.257264 0.257557        0 0.410383 0.410491 0.410734 0.410897 0.410333 0.654688 0.654691 0.264821 0.264936 0.265138 0.258039 0.264767 0.656163 0.265077
 0.41305 0.413308 0.416334 0.411003 0.258565 0.413133 0.265948  0.41305  0.41353 0.416557 0.412969 0.258668 0.413096 0.266058 0.413308  0.41353 0.416948 0.413231 0.258829 0.411481 0.265704 0.416334 0.416557 0.416948 0.416263 0.246946 0.416451 0.414501 0.411003 0.412969 0.413231 0.416263  0.25853 0.411592 0.265872 0.258565 0.258668 0.258829 0.246946  0.25853 0.258605 0.257734 0.413133 0.413096 0.411481 0.416451 0.411592 0.258605 0.265675 0.265948 0.266058 0.265704 0.414501 0.265872 0.257734 0.265675
5.53161e-06 3.99865e-06  4.8933e-06  3.1564e-06   0.0781848           0   0.0741623 5.53161e-06  3.1986e-06 4.09334e-06 6.05655e-06   0.0781846 3.82835e-06   0.0741623 3.99865e-06  3.1986e-06 2.56934e-06 4.52576e-06   0.0781845 8.31697e-07   0.0741621  4.8933e-06 4.09334e-06 2.56934e-06 5.41939e-06   0.0781895 3.19909e-06 1.72695e-06 3.70646e-06 6.05655e-06 4.52576e-06 5.41939e-06   0.0781847 3.79758e-06   0.0741622   0.0781848   0.0781846   0.0781845   0.0781895   0.0781847   0.0781847   0.0781841 4.95862e-06 3.82835e-06 1.50426e-06 3.19909e-06  4.6089e-06   0.0781847   0.0741622   0.0741623   0.0741623   0.0741621   0.0757438   0.0741622   0.0781841   0.0741622
