8	12	12	1
 0  0  0  0  3  0  0  8  6  0  0  0
 0  0  1  0  0  5  0  0  0  0 11  0
 9  7  0  2  3  0  0  0  6  0  0  0
 0  7  1  2  0  0  0  0  0 10  0  0
 0  0  0  0  3  0  0  0  0  0  0  4
 0  0  1  0  0  5  0  0  0  0  0  4
 0  0  0  2  3  0  0  0  0  0  0  4
 0  0  1  2  0  0 12  0  0  0  0  4
0.4	0.1	1	0.7	1	0.2	0.5	0.2	0.5	0.8	0.6	0.2	
0.527	0.77	0.513	0.977	0.488	0.187	0.456	0.169	
------target--------
7
------result--------
5	
------details--------
0.517361  0.51556 0.517173 0.516289 0.564577 0.563641 0.564577 0.562158
 0.51965 0.521171 0.519485 0.518895 0.291759 0.334161 0.291759 0.366172
9.16027e-07  1.4536e-05 1.55963e-06 3.39884e-06   0.0217091   0.0171254           0   0.0136139
------result2--------
8	7	
------details2--------
0.515325 0.516949 0.516063 0.564566 0.563625 0.564566 0.562141 0.515325 0.515133 0.514233 0.563572 0.563572 0.563572 0.561119 0.516949 0.515133 0.515873 0.564416 0.563472 0.564416 0.561985 0.516063 0.514233 0.515873 0.563747 0.562794 0.563747   0.5613 0.564566 0.563572 0.564416 0.563747        0        0        0 0.563625        0 0.563472 0.562794 0.563641 0.563641 0.561205 0.564566 0.563572 0.564416 0.563747        0        0        0 0.562141 0.561119 0.561985   0.5613 0.562158 0.561205 0.562158
0.520961 0.519269 0.518675 0.291692 0.334086 0.291692 0.365983 0.517725 0.517523 0.516897 0.291388 0.291388 0.291388 0.364457 0.519251 0.520775 0.518488 0.291622 0.334004 0.291622 0.365887 0.518375 0.519901 0.518203 0.291251 0.333574 0.291251 0.365338  0.56468 0.566335 0.565321 0.565416 0.564577 0.564577 0.564577 0.563786 0.563641 0.564417 0.564495        0        0 0.597736  0.56468 0.566335 0.565321 0.565416 0.564577 0.564577 0.564577  0.56232 0.563973 0.562954 0.563024        0 0.588935        0
0.517725 0.519251 0.518375  0.56468 0.563786  0.56468  0.56232 0.520961 0.520775 0.519901 0.566335 0.563773 0.566335 0.563973 0.519269 0.517523 0.518203 0.565321 0.564417 0.565321 0.562954 0.518675 0.516897 0.518488 0.565416 0.564495 0.565416 0.563024 0.291692 0.291388 0.291622 0.291251        0        0        0 0.334086 0.291388 0.334004 0.333574 0.590885 0.590885 0.588935 0.291692 0.291388 0.291622 0.291251        0        0        0 0.365983 0.364457 0.365887 0.365338 0.598438 0.597736 0.598438
0.523166 0.521568 0.520975  0.29242 0.334891  0.29242 0.368016 0.523166 0.523036 0.522476 0.292463 0.389047 0.292463 0.369376 0.521568 0.523036  0.52081 0.292416 0.334913 0.292416 0.367536 0.520975 0.522476  0.52081 0.292286  0.33477 0.292286 0.367036  0.29242 0.292463 0.292416 0.292286 0.291759 0.291759 0.291759 0.334891 0.389047 0.334913  0.33477 0.291759 0.291759 0.295321  0.29242 0.292463 0.292416 0.292286 0.291759 0.291759 0.291759 0.368016 0.369376 0.367536 0.367036 0.291759 0.295321 0.291759
1.54872e-05 2.48552e-06  4.3289e-06   0.0217091   0.0171254   0.0217091           0 1.54872e-05 1.61406e-05 1.80042e-05   0.0217121   0.0181808   0.0217121   0.0136196 2.48552e-06 1.61406e-05 4.97773e-06   0.0217093   0.0171257   0.0217093   0.0136143  4.3289e-06 1.80042e-05 4.97773e-06   0.0217103   0.0171268   0.0217103   0.0136154   0.0217091   0.0217121   0.0217093   0.0217103   0.0217091   0.0217091   0.0217091   0.0171254   0.0181808   0.0171257   0.0171268   0.0217507   0.0217507   0.0214613   0.0217091   0.0217121   0.0217093   0.0217103   0.0217091   0.0217091   0.0217091   0.0136141   0.0136196   0.0136143   0.0136154   0.0218478   0.0214613   0.0218478
