8	12	12	1
 0  0  0  1  9  0  0  0  0  0  0  0
 0  0  0  0  0 10  0  0  0  0  0  7
 0  0  0  1  0  0  0  0  5  0 11  0
 0  3  0  0  0  0  0  0  5  0  0  0
 0  0  0  1  0  0  2  8  0  6  0  0
 0  0  4  0  0  0  2  0  0  0  0  7
 0  0  0  1  0  0  2  0  0  6  0  0
12  3  4  0  0  0  2  0  0  0  0  0
0.3	0.3	0.3	0.6	0.9	0.9	0.1	0.7	0.6	0.7	0.4	0.3	
0.267	0.202	0.366	0.311	0.979	0.582	0.485	0.937	
------target--------
7
------result--------
5	
------details--------
0.496017 0.495808 0.495772 0.496047 0.679376 0.496073 0.709257 0.495885
0.498453 0.498236  0.49827 0.498443  0.37801 0.498416        0 0.498237
1.71376e-06 2.28106e-06 2.45422e-06 1.58843e-06   0.0440867 1.46337e-06           0 2.00536e-06
------result2--------
5	7	
------details2--------
0.495378 0.495342 0.495618 0.679203 0.495644 0.709154 0.495455 0.495378 0.495129 0.495407 0.679378 0.495808 0.709358 0.495241 0.495342 0.495129 0.495772 0.679318 0.495396  0.70931 0.495206 0.495618 0.495407        0 0.679278 0.495673 0.709226 0.495484 0.679203 0.679378 0.679318 0.679278 0.679463 0.679376  0.67953 0.495644        0 0.495396 0.495673 0.679463 0.709401 0.495508 0.709154 0.709358  0.70931 0.709226        0 0.709401 0.709494 0.495455 0.495241 0.495206 0.495484  0.67953 0.495508 0.709494
0.497813 0.497846 0.498019 0.377793 0.497993        0 0.497814 0.497821 0.497639 0.497812 0.377747        0        0  0.49761 0.497785 0.497571        0 0.377719 0.497754        0 0.497574 0.498058 0.497842 0.496047 0.377823 0.498023        0 0.497844  0.68018 0.679369 0.679531  0.67986 0.678918        0 0.678888 0.498085 0.496073 0.497903 0.498076 0.377877        0 0.497873  0.70974 0.708974 0.709114 0.709412 0.709257 0.708497 0.708501 0.497898 0.497685 0.497717  0.49789 0.377814 0.497868        0
0.497821 0.497785 0.498058  0.68018 0.498085  0.70974 0.497898 0.497813 0.497571 0.497842 0.679369 0.497963 0.708974 0.497685 0.497846 0.497639 0.497992 0.679531 0.497903 0.709114 0.497717 0.498019 0.497812        0  0.67986 0.498076 0.709412  0.49789 0.377793 0.377747 0.377719 0.377823 0.377877 0.747514 0.377814 0.497993        0 0.497754 0.498023 0.678918 0.708497 0.497868        0        0        0        0        0        0        0 0.497814  0.49761 0.497574 0.497844 0.678888 0.497873 0.708501
0.500259 0.500292 0.500464  0.37904 0.500438        0  0.50026 0.500259 0.500078 0.500249  0.37876 0.498416        0 0.500047 0.500292 0.500078 0.498443 0.378808 0.500258        0  0.50008 0.500464 0.500249 0.498443 0.378957 0.500429        0 0.500251  0.37904  0.37876 0.378808 0.378957 0.378725        0 0.378646 0.500438 0.498416 0.500258 0.500429 0.378725        0 0.500227        0        0        0        0        0        0        0  0.50026 0.500047  0.50008 0.500251 0.378646 0.500227        0
4.00648e-06 4.17994e-06 3.30916e-06   0.0440871 3.18565e-06    0.271182           0 4.00648e-06 4.75855e-06 3.88239e-06    0.044087 2.30677e-06    0.271182 4.31187e-06 4.17994e-06 4.75855e-06  2.4801e-06    0.044087 3.93518e-06    0.271182 4.48434e-06 3.30916e-06 3.88239e-06 1.58843e-06    0.044087 3.06139e-06    0.271182 3.60723e-06   0.0440871    0.044087    0.044087    0.044087   0.0440869    0.273137   0.0440869 3.18565e-06 1.46337e-06 3.93518e-06 3.06139e-06   0.0440869    0.271182 3.48849e-06    0.271182    0.271182    0.271182    0.271182    0.271182    0.271182    0.271182 3.73102e-06 4.31187e-06 4.48434e-06 3.60723e-06   0.0440869 3.48849e-06    0.271182
