8	12	12	1
 0  1  0  0  4  0  0  0  0  0  0  0
 0  0  0  0  0  0  0  0  7  0  0  0
 0  1  0  0  4  0  6  0  0  3  0  0
11  0  0  0  0  0  6  0  7  3  0  0
 0  1  2  0  0  5  0  0  0  0  0  0
 0  0  2  8  0  0  0 10  0  0  0  0
 0  1  2  0  0  5  0  0  0  3  9  0
 0  0  2  8  0  0  0  0  0  3  9 12
0.6	0.3	0.9	0.9	0.8	0.5	0.3	0.8	0.1	0.6	0.6	0.4	
0.85	0.676	0.373	0.157	0.694	0.074	0.788	0.207	
------target--------
1
------result--------
3	
------details--------
 0.556494  0.291217  0.549611  0.277373  0.290599  0.291257   0.28988  0.290778
        0  0.293644 0.0581222    0.3532  0.293089  0.293688  0.292644  0.292583
          0  8.5056e-07    0.160241  0.00203737  3.2107e-06 6.46994e-07 4.59722e-06 1.73998e-06
------result2--------
3	1	
------details2--------
 0.556665         0   0.55023  0.556509  0.556463  0.556651  0.556671  0.556665  0.549769         0  0.290442  0.291102  0.289719  0.290621  0.549611  0.549769         0  0.549574  0.549573  0.549664  0.549744   0.55023  0.277373   0.55023  0.276501  0.277246  0.275674  0.276684  0.556509  0.290442  0.549574  0.276501  0.290483         0  0.289729  0.556463  0.291102  0.549573  0.277246  0.290483  0.289763  0.290662  0.556651  0.289719  0.549664  0.275674   0.28988  0.289763         0  0.556671  0.290621  0.549744  0.276684  0.289729  0.290662  0.289729
 0.554021  0.556494  0.579371   0.55646  0.557122  0.556361  0.556136         0 0.0582224  0.291217  0.292937  0.293535  0.292491   0.29243         0  0.547334  0.549611  0.549692  0.550372  0.549566  0.549343         0         0         0  0.279299  0.279896  0.278812   0.27877         0  0.292888 0.0582088  0.352364  0.292919  0.290599  0.292029         0   0.29353 0.0581259  0.353076  0.292974  0.292529  0.292467         0  0.292187 0.0583262  0.351576         0  0.292202   0.28988         0   0.29306 0.0582366  0.352542  0.292635  0.293094  0.292635
        0         0         0         0         0         0         0  0.554021  0.547334         0  0.292888   0.29353  0.292187   0.29306   0.62315 0.0582224         0 0.0582088 0.0581259 0.0583262 0.0582366  0.579371  0.384637  0.545608  0.352364  0.353076  0.351576  0.352542   0.55646  0.292937  0.549692  0.279299  0.292974         0  0.292635  0.557122  0.293535  0.550372  0.279896  0.292919  0.292202  0.293094  0.556361  0.292491  0.549566  0.278812  0.292043  0.292529  0.292635  0.556136   0.29243  0.549343   0.27877  0.292029  0.292467  0.291929
        0         0         0         0         0         0         0         0  0.056627  0.293644   0.29538  0.295982  0.294937  0.294873         0  0.056627   0.25222 0.0579279 0.0580485 0.0579463 0.0578871         0  0.293644   0.25222  0.355096  0.355716   0.35462  0.354566         0   0.29538 0.0579279  0.355096  0.295424  0.293089  0.294703         0  0.295982 0.0580485  0.355716  0.295424  0.294979  0.294916         0  0.294937 0.0579463   0.35462  0.293089  0.294979  0.292652         0  0.294873 0.0578871  0.354566  0.294703  0.294916  0.292652
          0    0.243803    0.243956    0.243803    0.243803    0.243803    0.243803    0.243804    0.160242  8.5056e-07 4.07445e-06 1.49945e-06 5.46858e-06 2.59981e-06    0.244296    0.160242    0.208382    0.160241    0.160241    0.160241    0.160241    0.243956   0.0028052    0.208384  0.00204142  0.00203814  0.00204328  0.00203969    0.243803 4.07445e-06    0.160241  0.00204142 3.86238e-06  3.2107e-06 5.83852e-06    0.243803 1.49945e-06    0.160241  0.00203814 3.86238e-06 5.25123e-06 2.38988e-06    0.243803 5.46858e-06    0.160241  0.00204328  4.9461e-06 5.25123e-06 4.59732e-06    0.243803 2.59981e-06    0.160241  0.00203969 5.83852e-06 2.38988e-06 4.94182e-06
