8	12	12	1
 0  0  0  0  0  0  0  0  5  1  2  8
 0  0  0  0  0  0  0  0  0  0  2  8
 0 12  0  0  0  0  0  0  5  1  2  0
 9  0  0  0  0  0  0  0  0  0  2  0
 0  0  6  7  0  0  0  0  0  1  0  0
 0  0  0  7  3 10  0  0  0  0  0  0
 0  0  6  0  0  0  0  4  0  1  0  0
 0  0  0  0  3  0 11  4  0  0  0  0
0.7	0.1	0.4	0.4	0.9	0.8	0.9	0.8	0.2	0.5	0.7	0.9	
0.353	0.595	0.641	0.758	0.376	0.76	0.059	0.871	
------target--------
2
------result--------
1	
------details--------
0.648912 0.648912 0.424192 0.423346 0.423934 0.423038 0.424282 0.422974
0.212734 0.212734 0.426639 0.425986 0.426387 0.425769 0.426716 0.425797
   0.100757           0 6.88215e-07 3.34485e-06 1.69662e-06 3.80884e-06 2.76268e-07 4.07598e-06
------result2--------
8	2	
------details2--------
       0 0.649044 0.648715 0.648951  0.64875 0.648916 0.648423        0 0.649044 0.648715 0.648951  0.64875 0.648916 0.648423 0.649044 0.649044 0.423197 0.423786 0.422887 0.424135 0.422824 0.648715 0.648715 0.423197 0.422937 0.422033 0.423289 0.421971 0.648951 0.648951 0.423786 0.422937        0 0.423934 0.422563  0.64875  0.64875 0.422887 0.422033 0.422972 0.422972 0.421659 0.648916 0.648916 0.424135 0.423289        0 0.422972 0.422916 0.648423 0.648423 0.422824 0.421971 0.422563 0.421659 0.422916
0.648912 0.646859 0.649234 0.648716 0.649087  0.64874 0.649429 0.648912 0.646859 0.649234 0.648716 0.649087  0.64874 0.649429 0.212683 0.212683 0.425841 0.426245 0.425625 0.426574 0.425652 0.212408 0.212408 0.425666 0.425403 0.424779 0.425734 0.424806 0.212604 0.212604 0.426246 0.425583 0.423934        0 0.425394 0.212306 0.212306 0.425367 0.424689 0.425579 0.425579 0.424498 0.212716 0.212716 0.426584 0.425929 0.424282 0.425716 0.425741 0.212279 0.212279 0.425295 0.424623 0.425031 0.424406 0.425363
       0 0.212683 0.212408 0.212604 0.212306 0.212716 0.212279        0 0.212683 0.212408 0.212604 0.212306 0.212716 0.212279 0.646859 0.646859 0.425666 0.426246 0.425367 0.426584 0.425295 0.649234 0.649234 0.425841 0.425583 0.424689 0.425929 0.424623 0.648716 0.648716 0.426245 0.425403 0.425579 0.426333 0.425031 0.649087 0.649087 0.425625 0.424779 0.425447 0.425716 0.424406  0.64874  0.64874 0.426574 0.425734        0 0.425579 0.425363 0.649429 0.649429 0.425652 0.424806 0.425394 0.424498 0.425741
0.212734 0.213559 0.213281 0.213403  0.21321 0.213509 0.213226 0.212734 0.213559 0.213281 0.213403  0.21321 0.213509 0.213226 0.213559 0.213559 0.428301 0.428704 0.428086 0.429033 0.428112 0.213281 0.213281 0.428301 0.428049  0.42743 0.428379 0.427457 0.213403 0.213403 0.428704 0.428049 0.426458 0.426716  0.42786  0.21321  0.21321 0.428086  0.42743 0.426458 0.428215 0.427241 0.213509 0.213509 0.429033 0.428379 0.426716 0.428215  0.42819 0.213226 0.213226 0.428112 0.427457  0.42786 0.427241  0.42819
   0.100757           0    0.100758    0.100757    0.100758    0.100757    0.100758    0.100757    0.100758    0.100758    0.100757    0.100758    0.100757    0.100758    0.100758    0.100758  4.0441e-06 2.39258e-06 4.51113e-06 9.65702e-07 4.77523e-06    0.100758    0.100758  4.0441e-06 5.05972e-06 7.18907e-06 3.62405e-06 7.45234e-06    0.100757    0.100757 2.39258e-06 5.05972e-06 1.71588e-06 1.70264e-06 5.79173e-06    0.100758    0.100758 4.51113e-06 7.18907e-06 4.20472e-06 4.11458e-06 7.92242e-06    0.100757    0.100757 9.65702e-07 3.62405e-06 2.76268e-07 4.11458e-06 4.35532e-06    0.100758    0.100758 4.77523e-06 7.45234e-06 5.79173e-06 7.92242e-06 4.35532e-06
