8	12	12	1
 0  0  0  0  3  0  0  1  0  0  8  2
 5  0  0  0  3  0  0  1  0  0  0  2
 0  0  0  0  0  0  0  0  6  0  8  2
 5  0  0  0  0  0 10  0  6  7  0  2
 0  0  0  0  0  4  0  1  0  0  0  0
 0 11  9  0  0  0  0  1  0  0  0  0
 0  0  0  0  0  4  0  0  0  0  0  0
 0  0  9 12  0  0  0  0  0  7  0  0
0.7	0.1	0.8	1	0.9	0.6	0.2	0.7	0.6	0.5	1	1	
0.33	0.273	0.232	0.101	0.819	0.983	0.398	0.541	
------target--------
2
------result--------
4	
------details--------
 0.672623  0.798278  0.672623  0.797774  0.672385  0.673182  0.672385  0.672649
 0.674621         0  0.674621 0.0756275  0.674324  0.674976  0.674324  0.674638
2.09416e-06           0 2.09416e-06    0.168891 2.13505e-06 6.05796e-07 2.13505e-06 2.04653e-06
------result2--------
4	2	
------details2--------
 0.798087         0  0.797578  0.671656  0.672457  0.671656  0.671923  0.798087  0.798087         0  0.798316    0.7984  0.798316  0.798094         0  0.798087  0.797578  0.671656  0.672457  0.671656  0.671923  0.797578  0.797774  0.797578  0.797803  0.797894  0.797803  0.797585  0.671656  0.798316  0.671656  0.797803  0.672216         0  0.671682  0.672457    0.7984  0.672457  0.797894  0.672216  0.672216  0.672483  0.671656  0.798316  0.671656  0.797803         0  0.672216  0.671682  0.671923  0.798094  0.671923  0.797585  0.671682  0.672483  0.671682
        0  0.672623 0.0757622  0.673604  0.674266  0.673604  0.673919  0.798615  0.798615  0.798278   0.79824  0.797069   0.79824   0.79862  0.672623         0 0.0757622  0.673604  0.674266  0.673604  0.673919  0.798119         0  0.798119  0.797744  0.796579  0.797744  0.798124  0.673665         0  0.673665 0.0760513  0.674041  0.672385  0.673682   0.67446         0   0.67446 0.0758857  0.674163  0.674163  0.674477  0.673665         0  0.673665 0.0760513  0.672385  0.674041  0.673682  0.673928         0  0.673928  0.075757   0.67363  0.674291   0.67363
 0.798615         0  0.798119  0.673665   0.67446  0.673665  0.673928         0         0         0         0         0         0         0         0  0.798615  0.798119  0.673665   0.67446  0.673665  0.673928 0.0757622  0.824724 0.0757622 0.0760513 0.0758857 0.0760513  0.075757  0.673604   0.79824  0.673604  0.797744  0.674163         0   0.67363  0.674266  0.797069  0.674266  0.796579  0.674041  0.674041  0.674291  0.673604   0.79824  0.673604  0.797744         0  0.674163   0.67363  0.673919   0.79862  0.673919  0.798124  0.673682  0.674477  0.673682
        0  0.674621 0.0753861  0.675607   0.67626  0.675607  0.675922         0         0         0         0         0         0         0  0.674621         0 0.0753861  0.675607   0.67626  0.675607  0.675922 0.0753861         0 0.0753861 0.0751877 0.0729759 0.0751877 0.0753836  0.675607         0  0.675607 0.0751877  0.675964  0.674324  0.675625   0.67626         0   0.67626 0.0729759  0.675964  0.675964  0.676277  0.675607         0  0.675607 0.0751877  0.674324  0.675964  0.675625  0.675922         0  0.675922 0.0753836  0.675625  0.676277  0.675625
   0.207692           0    0.168892 4.24701e-06 2.70744e-06 4.24701e-06 4.15405e-06    0.207692    0.207692    0.207692    0.207692    0.207692    0.207692    0.207692 2.09416e-06    0.207692    0.168892 4.24701e-06 2.70744e-06 4.24701e-06 4.15405e-06    0.168892    0.207728    0.168892    0.168892    0.168893    0.168892    0.168892 4.24701e-06    0.207692 4.24701e-06    0.168892 2.75352e-06 2.13505e-06 4.19897e-06 2.70744e-06    0.207692 2.70744e-06    0.168893 2.75352e-06 2.75352e-06 2.65963e-06 4.24701e-06    0.207692 4.24701e-06    0.168892 2.13505e-06 2.75352e-06 4.19897e-06 4.15405e-06    0.207692 4.15405e-06    0.168892 4.19897e-06 2.65963e-06 4.19897e-06
