8	12	12	1
 0  9  0  0  0  0  0  0  2  0  3  8
 0  0  0  0  0  0  0  0  2  0  0  0
 1  0  6  0 11  4  0  0  2  0  3  8
 1  0  6  0  0  0  5  0  2 10  0  0
 0  0  0  7  0  0  0  0  0  0  3  0
 0  0  0  7  0  0  0  0  0  0  0  0
 1  0  0  0  0  4  0  0  0  0  3  0
 1  0  0  0  0  0  5 12  0  0  0  0
0.3	0.6	0.9	0.4	0.8	0.8	1	0.7	0.7	0.5	0.1	0.7	
0.327	0.226	0.992	0.735	0.17	0.234	0.714	0.079	
------target--------
7
------result--------
3	
------details--------
0.349023 0.349574 0.598933 0.348563 0.353595 0.353595 0.641988 0.353835
0.365272 0.374918 0.275279 0.361728 0.356083 0.356083        0 0.356317
0.000121658  0.00019927   0.0407566  9.1531e-05 1.65534e-06 1.65534e-06           0 5.95595e-07
------result2--------
3	7	
------details2--------
0.349023 0.599052 0.347989 0.348667 0.348667 0.639028 0.348907        0        0        0  0.34922  0.34922 0.639005 0.349459 0.599052 0.598933 0.599307 0.598959 0.598959 0.598933 0.598894 0.347989 0.348563 0.599307 0.348204 0.348204  0.63918 0.348447 0.348667  0.34922 0.598959 0.348204        0 0.642085 0.353479 0.348667  0.34922 0.598959 0.348204        0 0.642085 0.353479 0.639028 0.639005        0  0.63918 0.642085 0.642085 0.641972 0.348907 0.349459 0.598894 0.348447 0.353479 0.353479 0.641972
       0 0.245216 0.351607  0.35115  0.35115        0 0.351392 0.349574 0.349574 0.349574 0.351694 0.351694        0 0.351937 0.598306        0 0.598009 0.598784 0.598784        0 0.599737 0.351629        0 0.244693 0.350696 0.350696        0 0.350937 0.364887 0.374512 0.275112 0.361352 0.353595        0 0.355965 0.364887 0.374512 0.275112 0.361352 0.353595        0 0.355965 0.648586 0.655662 0.641988 0.645937 0.641409 0.641409 0.642308  0.36515 0.374791 0.275218 0.361608 0.355969 0.355969        0
0.352516 0.598306 0.351629 0.364887 0.364887 0.648586  0.36515        0        0        0 0.374512 0.374512 0.655662 0.374791 0.245216 0.245836 0.244693 0.275112 0.275112 0.675937 0.275218 0.351607   0.3521 0.598009 0.361352 0.361352 0.645937 0.361608  0.35115 0.351694 0.598784 0.350696        0 0.641409 0.355969  0.35115 0.351694 0.598784 0.350696        0 0.641409 0.355969        0        0        0        0        0        0        0 0.351392 0.351937 0.599737 0.350937 0.355965 0.355965 0.642308
0.374918  0.33123 0.371332 0.367619 0.367619        0 0.367805 0.374918 0.374918 0.374918 0.377386 0.377386        0 0.377547  0.33123 0.374918 0.312956 0.276289 0.276289        0 0.276551 0.371332 0.374918 0.312956 0.364025 0.364025        0 0.364221 0.367619 0.377386 0.276289 0.364025 0.356083        0 0.358468 0.367619 0.377386 0.276289 0.364025 0.356083        0 0.358468        0        0        0        0        0        0        0 0.367805 0.377547 0.276551 0.364221 0.358468 0.358468        0
0.000202218   0.0438972 0.000179979 0.000123409 0.000123409    0.290265           0  0.00019927  0.00019927  0.00019927 0.000201003 0.000201003     0.29029 0.000199888   0.0438972   0.0460907   0.0429356   0.0407569   0.0407569     0.29199   0.0407568 0.000179979 0.000203914   0.0429356 9.32921e-05 9.32921e-05    0.290254 9.21549e-05 0.000123409 0.000201003   0.0407569 9.32921e-05 1.65534e-06    0.290241 2.25381e-06 0.000123409 0.000201003   0.0407569 9.32921e-05 1.65534e-06    0.290241 2.25381e-06    0.290265     0.29029    0.290241    0.290254    0.290241    0.290241    0.290241  0.00012228 0.000199888   0.0407568 9.21549e-05 2.25381e-06 2.25381e-06    0.290241
