8	12	12	1
12  4  1  0  0  0  0  5  0  0  7  0
 0  0  1  0  0  2  0  5  0  0  0  0
 0  0  1  0  0  0  0  0  0 10  7  3
 0  0  1  0  0  2  0  0  0  0  0  3
 0  4  0  0  0  0 11  0  6  0  0  0
 0  0  0  0  0  2  0  0  6  0  0  0
 0  0  0  0  8  0  0  0  0  0  0  3
 0  0  0  9  8  2  0  0  0  0  0  3
0.8	0.6	0.4	0.8	0.6	0.7	0.5	0.6	0.5	0.9	0.3	1	
0.71	0.514	0.314	0.951	0.168	0.704	0.026	0.179	
------target--------
6
------result--------
5	
------details--------
 0.357907   0.35877  0.357244  0.357615  0.501329  0.506146   0.35759  0.357395
 0.360818  0.361332  0.360605  0.360772 0.0802407         0  0.360762  0.360675
4.57588e-06 2.83155e-06  5.4875e-06 5.24212e-06   0.0993674           0 5.27181e-06 5.43155e-06
------result2--------
5	6	
------details2--------
 0.357907   0.35566  0.356036  0.500881  0.505754  0.356011  0.355812         0  0.356534  0.356907  0.501101  0.505943  0.356882  0.356685   0.35566  0.356534  0.357244  0.500097  0.504979   0.35722  0.357035  0.356036  0.356907         0  0.500172   0.50504         0         0  0.500881  0.501101  0.500097  0.500172  0.501329  0.500172  0.500148  0.505754  0.505943  0.504979   0.50504         0  0.505041  0.505025  0.356011  0.356882   0.35722   0.35759  0.500172  0.505041         0  0.355812  0.356685  0.357035  0.357395  0.500148  0.505025  0.357395
        0  0.359039  0.359206 0.0800837         0  0.359195  0.359109   0.35877  0.359903   0.36007 0.0801684         0   0.36006  0.359973   0.35859  0.359107         0 0.0799596         0  0.359158  0.358974  0.358961  0.359477  0.357615 0.0799939         0  0.357615  0.357615  0.501711  0.501927  0.501951  0.502134         0  0.502117  0.502008  0.506481   0.50668  0.506736  0.506916  0.506146  0.506899  0.506792  0.358936  0.359452  0.359265         0 0.0799921         0   0.35759   0.35874  0.359257  0.359035         0 0.0799755         0         0
 0.360285   0.35859  0.358961  0.501711  0.506481  0.358936   0.35874         0  0.359107  0.359477  0.501927   0.50668  0.359452  0.359257  0.359039  0.359903  0.359295  0.501951  0.506736  0.359265  0.359035  0.359206   0.36007         0  0.502134  0.506916         0         0 0.0800837 0.0801684 0.0799596 0.0799939  0.573972 0.0799921 0.0799755         0         0         0         0         0         0         0  0.359195   0.36006  0.359158  0.359601  0.502117  0.506899         0  0.359109  0.359973  0.358974  0.359415  0.502008  0.506792  0.359391
 0.361332  0.361964  0.362131 0.0803781         0  0.362121  0.362034  0.361332  0.362479  0.362646 0.0804351         0  0.362635  0.362549  0.361964  0.362479  0.360772 0.0803859         0  0.360773  0.360779  0.362131  0.362646  0.360772 0.0804157         0  0.360772  0.360772 0.0803781 0.0804351 0.0803859 0.0804157         0 0.0804133 0.0803965         0         0         0         0         0         0         0  0.362121  0.362635  0.360773  0.360772 0.0804133         0  0.360762  0.362034  0.362549  0.360779  0.360772 0.0803965         0  0.360762
4.89447e-06 1.01131e-05 9.86201e-06   0.0993677    0.160885           0 1.00558e-05 2.83155e-06 8.34915e-06 8.10036e-06   0.0993676    0.160885 8.13045e-06 8.29241e-06 1.01131e-05 8.34915e-06  5.8008e-06   0.0993685    0.160886 5.84394e-06 6.14586e-06 9.86201e-06 8.10036e-06 5.24212e-06   0.0993687    0.160886 5.24212e-06 5.24212e-06   0.0993677   0.0993676   0.0993685   0.0993687    0.161351   0.0993687   0.0993685    0.160885    0.160885    0.160886    0.160886    0.160885    0.160886    0.160886 9.89237e-06 8.13045e-06 5.84394e-06 5.28708e-06   0.0993687    0.160886 5.27181e-06 1.00558e-05 8.29241e-06 6.14586e-06 5.59852e-06   0.0993685    0.160886 5.58369e-06
