8	12	12	1
 7  1  0  0  0  0  0  0  0  0  6  0
 0  1  0  0  0  0  0  8  0  0  6  0
 0  1 10  0  0  0  4  0  0  0  0  3
 0  1  0  0  0  0  4  0  9  5  0  3
 7  0  0  0  2  0  0  0  0  0  0  0
 0  0  0  0  2  0  0  0  0  0  0  0
 0  0  0  0  2 11  0  0  0  0  0  3
 0  0  0 12  2  0  0  0  0  5  0  3
0.5	0.2	0.2	0.4	0.6	0.6	0.5	1	1	0.3	0.8	0.2	
0.577	0.612	0.768	0.526	0.554	0.191	0.166	0.516	
------target--------
1
------result--------
5	
------details--------
0.557596 0.432701 0.433428 0.432844  0.55472 0.432136 0.431922 0.431686
0.248081 0.435448 0.435867 0.435543 0.304754 0.445593 0.441442 0.439273
          0 3.64414e-06 1.44152e-06 3.33242e-06   0.0321894 3.91369e-05  2.8765e-05 2.32908e-05
------result2--------
6	1	
------details2--------
0.556981 0.557717 0.557062        0  0.55472 0.554706 0.554803 0.556981  0.43236 0.431775  0.55408 0.431068 0.430851 0.430613 0.557717  0.43236 0.432503 0.554833 0.431798 0.431582 0.431344 0.557062 0.431775 0.432503 0.554165 0.431211 0.430995 0.430757        0  0.55408 0.554833 0.554165  0.55472 0.554706 0.554803  0.55472 0.431068 0.431798 0.431211        0        0        0 0.554706 0.430851 0.431582 0.430995 0.554706 0.431922 0.431471 0.554803 0.430613 0.431344 0.430757 0.554803 0.431686 0.431471
0.558564 0.556849 0.558621 0.557596 0.575305 0.568397  0.56442 0.247593 0.434814 0.434482 0.304184 0.444508 0.440365   0.4382 0.247934 0.435114 0.435209 0.304578 0.445231  0.44109 0.438925 0.247659 0.434529 0.434955 0.304261 0.444654  0.44051 0.438344  0.55472 0.555726 0.554032 0.555785        0 0.554883  0.55433   0.2578 0.433826 0.434242 0.433922 0.432136 0.432136 0.432136 0.257515 0.433613 0.434032 0.433708 0.257515        0 0.434061  0.25721 0.433379 0.433803 0.433474  0.25721        0 0.434073
0.247593 0.247934 0.247659        0   0.2578 0.257515  0.25721 0.558564 0.435114 0.434529 0.555726 0.433826 0.433613 0.433379 0.556849 0.434814 0.434955 0.554032 0.434242 0.434032 0.433803 0.558621 0.434482 0.435209 0.555785 0.433922 0.433708 0.433474 0.575305 0.304184 0.304578 0.304261   0.2578 0.257515  0.25721 0.575305 0.444508 0.445231 0.444654        0        0        0 0.568397 0.440365  0.44109  0.44051 0.554883 0.434518 0.434073  0.56442   0.4382 0.438925 0.438344  0.55433 0.434273 0.434061
0.248862  0.24902 0.248906 0.248081 0.153222 0.201088 0.220575 0.248862 0.437566 0.437241 0.305666 0.447333 0.443168 0.440995  0.24902 0.437566 0.437661 0.305874 0.447895 0.443683 0.441497 0.248906 0.437241 0.437661 0.305716  0.44743 0.443265 0.441091 0.248081 0.305666 0.305874 0.305716 0.445593 0.409198 0.382585 0.153222 0.447333 0.447895  0.44743 0.445593 0.445593 0.445593 0.201088 0.443168 0.443683 0.443265 0.409198 0.445593 0.444751 0.220575 0.440995 0.441497 0.441091 0.382585 0.445593 0.444751
          0   0.0483722    0.048373   0.0483719   0.0495206   0.0489036   0.0486692   0.0483731 5.10259e-06 6.99941e-06   0.0321907 4.28338e-05 3.24697e-05 2.70063e-05   0.0483722 5.10259e-06 4.78937e-06   0.0321897 4.06172e-05 3.02527e-05 2.47932e-05    0.048373 6.99941e-06 4.78937e-06   0.0321905 4.25176e-05 3.21528e-05 2.66884e-05    0.048434   0.0321907   0.0321897   0.0321905   0.0394352     0.03768   0.0363607   0.0495206 4.28338e-05 4.06172e-05 4.25176e-05 3.91369e-05 3.91369e-05 3.91369e-05   0.0489036 3.24697e-05 3.02527e-05 3.21528e-05     0.03768 4.00504e-05  3.9925e-05   0.0486692 2.70063e-05 2.47932e-05 2.66884e-05   0.0363607 4.08584e-05  3.9925e-05
