8	12	12	1
 0  5  1 12  0  2  0  0  0  0 10  0
 0  0  1  0  0  2  0  0  8  0  0  0
 0  5  1  0  0  0  0  0  0  9  0  0
 0  0  1  0  0  0  0  0  0  0  0 11
 6  0  0  0  0  2  3  7  0  0 10  0
 0  0  0  0  0  2  3  7  8  0  0  0
 6  0  0  0  4  0  3  0  0  9  0  0
 0  0  0  0  4  0  3  0  0  0  0 11
0.9	0.9	0.1	0.5	0.6	0.2	1	0.4	0.9	0.4	0.2	0.3	
0.346	0.042	0.747	0.416	0.077	0.863	0.131	0.914	
------target--------
4
------result--------
8	
------details--------
0.546312 0.545385 0.546027 0.608226  0.54664 0.545385 0.546027 0.608226
0.548566 0.547963 0.548285 0.417083 0.548847 0.547963 0.548285 0.417083
 1.3801e-06 3.35257e-06  2.1025e-06           0 1.47603e-07 3.35257e-06  2.1025e-06   0.0160938
------result2--------
6	4	
------details2--------
0.545018 0.545661 0.608081 0.546312 0.545018 0.545661 0.608081 0.545018 0.544728 0.607381  0.54535        0 0.544728 0.607381 0.545661 0.544728 0.608029 0.545993 0.544728        0 0.608029 0.608081 0.607381 0.608029 0.608226 0.607381 0.608029        0        0  0.54535 0.545993 0.608226  0.54535 0.545993 0.608226 0.545018        0 0.544728 0.607381  0.54535 0.544728 0.607381 0.545661 0.544728        0 0.608029 0.545993 0.544728 0.608029 0.608081 0.607381 0.608029        0 0.608226 0.607381 0.608029
0.547603 0.547928 0.416902        0 0.547603 0.547928 0.416902 0.547287 0.547004 0.416364 0.547578 0.545385 0.547004 0.416364 0.547928 0.547318 0.416768 0.548218 0.547318 0.546027 0.416768 0.608981 0.609065 0.608714 0.608245 0.609065 0.608714 0.608226  0.54664  0.54793 0.548252 0.417067  0.54793 0.548252 0.417067 0.547287 0.545385 0.547004 0.416364 0.547578 0.547004 0.416364 0.547928 0.547318 0.546027 0.416768 0.548218 0.547318 0.416768 0.608981 0.609065 0.608714 0.608226 0.608245 0.609065 0.608714
0.547287 0.547928 0.608981 0.548536 0.547287 0.547928 0.608981 0.547603 0.547318 0.609065  0.54793        0 0.547318 0.609065 0.547928 0.547004 0.608714 0.548252 0.547004        0 0.608714 0.416902 0.416364 0.416768 0.417067 0.416364 0.416768        0        0 0.547578 0.548218 0.608245 0.547578 0.548218 0.608245 0.547603        0 0.547318 0.609065  0.54793 0.547318 0.609065 0.547928 0.547004        0 0.608714 0.548252 0.547004 0.608714 0.416902 0.416364 0.416768        0 0.417067 0.416364 0.416768
0.549866 0.550191 0.418054 0.548847 0.549866 0.550191 0.418054 0.549866 0.549585 0.417815 0.550147 0.547963 0.549585 0.417815 0.550191 0.549585 0.417888 0.550471 0.549585 0.548285 0.417888 0.418054 0.417815 0.417888 0.418149 0.417815 0.417888 0.417083 0.548847 0.550147 0.550471 0.418149 0.550147 0.550471 0.418149 0.549866 0.547963 0.549585 0.417815 0.550147 0.549585 0.417815 0.550191 0.549585 0.548285 0.417888 0.550471 0.549585 0.417888 0.418054 0.417815 0.417888 0.417083 0.418149 0.417815 0.417888
4.74811e-06 3.49776e-06   0.0160941           0 4.74811e-06 3.49776e-06   0.0160941 4.74811e-06 5.48049e-06   0.0160952 3.50228e-06 3.35257e-06 5.48049e-06   0.0160952 3.49776e-06 5.48049e-06   0.0160941  2.2524e-06 5.48049e-06  2.1025e-06   0.0160941   0.0160941   0.0160952   0.0160941   0.0160938   0.0160952   0.0160941   0.0160938 1.47603e-07 3.50228e-06  2.2524e-06   0.0160938 3.50228e-06  2.2524e-06   0.0160938 4.74811e-06 3.35257e-06 5.48049e-06   0.0160952 3.50228e-06 5.48049e-06   0.0160952 3.49776e-06 5.48049e-06  2.1025e-06   0.0160941  2.2524e-06 5.48049e-06   0.0160941   0.0160941   0.0160952   0.0160941   0.0160938   0.0160938   0.0160952   0.0160941
