8	12	12	1
 0  2  0  0  4  0  0  3  0  0  0  0
 0  2  0  0  0  5  0  3  0  0  0  0
 0  2  7  0  4  0  0  0  8  0  0  0
 0  2  0  0  0  5  0  0  8  9  0  0
 1  0  0  0  0  0  0  3  0  0  0 10
 1  0  0 12  0  0  0  3  0  0  0 10
 1  0  7  0  0  0  6  0  0  0 11  0
 1  0  0  0  0  0  6  0  0  9  0  0
1	1	0.3	0.1	0.4	0.2	0.4	0.2	0.2	0.4	0.9	0.7	
0.232	0.326	0.377	0.484	0.424	0.528	0.519	0.136	
------target--------
1
------result--------
3	
------details--------
0.783886  0.71299 0.782168 0.708062 0.712639 0.712562 0.712515 0.713481
       0 0.714417 0.338327 0.724621 0.714363 0.714335 0.714281 0.711422
          0 2.97774e-07   0.0571991  0.00014221 1.38793e-06 1.59243e-06 1.65981e-06 1.61874e-06
------result2--------
3	1	
------details2--------
0.783928        0 0.782544 0.783734 0.783788 0.783674 0.784365 0.783928 0.782203        0 0.712546 0.712469 0.712423 0.713401 0.782168 0.782203        0 0.782004 0.782055 0.781941 0.782499 0.782544 0.708062 0.782544 0.707576 0.707479 0.707444        0 0.783734 0.712546 0.782004 0.707576        0 0.712069 0.713042 0.783788 0.712469 0.782055 0.707479 0.712562 0.711991 0.712966 0.783674 0.712423 0.781941 0.707444 0.712069 0.711991  0.71292 0.784365 0.713401 0.782499        0 0.713042 0.712966  0.71292
0.783267 0.783886 0.786917 0.784324 0.784121 0.784333 0.781895        0  0.33878  0.71299 0.714273 0.714245  0.71419 0.711323        0 0.781654 0.782168 0.782642  0.78244 0.782647 0.780829        0        0        0 0.709459 0.709457 0.709363 0.708062        0 0.713981 0.338409 0.724211 0.712639  0.71384 0.710969        0 0.713909 0.338645 0.724148        0 0.713764 0.710892        0 0.713859 0.338407 0.724095   0.7138 0.713772 0.710843        0 0.714579 0.350867 0.713481 0.714746 0.714717 0.714665
       0        0        0        0        0        0        0 0.783267 0.781654        0 0.713981 0.713909 0.713859 0.714579 0.806086  0.33878        0 0.338409 0.338645 0.338407 0.350867 0.786917 0.727344  0.78106 0.724211 0.724148 0.724095 0.748104 0.784324 0.714273 0.782642 0.709459        0   0.7138 0.714746 0.784121 0.714245  0.78244 0.709457 0.714133 0.713772 0.714717 0.784333  0.71419 0.782647 0.709363  0.71384 0.713764 0.714665 0.781895 0.711323 0.780829        0 0.710969 0.710892 0.710843
       0        0        0        0        0        0        0        0  0.33139 0.714417 0.715708  0.71568 0.715625 0.713436        0  0.33139 0.589545 0.338086 0.337542 0.338155 0.277995        0 0.714417 0.589545 0.725827 0.725786 0.725753 0.711422        0 0.715708 0.338086 0.725827 0.714363 0.715569 0.712753        0  0.71568 0.337542 0.725786 0.714363 0.715541 0.712723        0 0.715625 0.338155 0.725753 0.715569 0.715541 0.712666        0 0.713436 0.277995 0.711422 0.712753 0.712723 0.712666
          0    0.124569     0.12458    0.124569    0.124569    0.124569    0.124571    0.124569   0.0572002 2.97774e-07 1.68885e-06 1.89502e-06 1.96116e-06 1.88636e-06    0.124673   0.0572002   0.0963296   0.0571993   0.0571992   0.0571993   0.0574702     0.12458 0.000163199   0.0963306  0.00014373 0.000144001  0.00014402 0.000379607    0.124569 1.68885e-06   0.0571993  0.00014373 1.38793e-06 3.05695e-06 2.99792e-06    0.124569 1.89502e-06   0.0571992 0.000144001 1.59656e-06 3.26415e-06  3.1986e-06    0.124569 1.96116e-06   0.0571993  0.00014402 3.05695e-06 3.26415e-06 3.26852e-06    0.124571 1.88636e-06   0.0574702 1.61874e-06 2.99792e-06  3.1986e-06 3.26852e-06
