8	12	12	1
 0  3  2  0  1  0  0  0  8  0  0  0
 0  3  2  0  1  0  0  0  8  0  0  0
 0  0  2  0  1  0  0  7  0  0  0  4
 0  0  2  0  1  0  0  0  0  0  0  4
 0  3  0  0  1  0  6  0  0  0  0  0
 5  3  0  0  1  0  6  0  0 10  0  0
 0  0  0  9  1  0  0  7  0  0 11  4
 5  0  0  9  1 12  0  0  0  0  0  4
0.6	0.9	1	0.5	0.5	0.2	0.5	0.1	0.9	0.1	0.3	0.9	
0.714	0.065	0.464	0.217	0.921	0.541	0.181	0.885	
------target--------
1
------result--------
2	
------details--------
0.606168 0.606168 0.355135 0.355242 0.354765 0.354655 0.355022 0.354863
0.043221 0.043221 0.357854 0.357902 0.357382 0.357352 0.357785 0.357668
          0    0.199526 2.87816e-06 2.44489e-06 3.52961e-06 3.84449e-06 3.27868e-06 3.74867e-06
------result2--------
4	1	
------details2--------
        0  0.605944  0.605834  0.606219  0.606343  0.606001  0.606119         0  0.605944  0.605834  0.606219  0.606343  0.606001  0.606119  0.605944  0.605944  0.355135  0.354127  0.354015         0  0.354754  0.605834  0.605834         0  0.354237  0.354126         0         0  0.606219  0.606219  0.354127  0.354237         0  0.354013  0.353851  0.606343  0.606343  0.354015  0.354126  0.354655    0.3539  0.353737  0.606001  0.606001  0.355022  0.355022  0.354013    0.3539   0.35464  0.606119  0.606119  0.354754  0.354863  0.353851  0.353737   0.35464
 0.606168  0.606904  0.607519  0.606088  0.605921   0.60662  0.606271  0.606168  0.606904  0.607519  0.606088  0.605921   0.60662  0.606271  0.043171  0.043171         0  0.356751  0.356721  0.355135  0.357195 0.0431798 0.0431798  0.355242  0.356857  0.356827  0.355242  0.355242  0.043147  0.043147  0.356855  0.356901  0.354765  0.356787  0.356671 0.0431379 0.0431379  0.356747  0.356791         0  0.356679  0.356562 0.0431627 0.0431627         0         0   0.35664   0.35661  0.357084 0.0431507 0.0431507  0.357221         0  0.356482  0.356452  0.357096
        0  0.043171 0.0431798  0.043147 0.0431379 0.0431627 0.0431507         0  0.043171 0.0431798  0.043147 0.0431379 0.0431627 0.0431507  0.606904  0.606904  0.357583  0.356855  0.356747         0  0.357221  0.607519  0.607519         0  0.356901  0.356791         0         0  0.606088  0.606088  0.356751  0.356857         0   0.35664  0.356482  0.605921  0.605921  0.356721  0.356827  0.356957   0.35661  0.356452   0.60662   0.60662  0.357353  0.357465  0.356787  0.356679  0.357096  0.606271  0.606271  0.357195  0.357298  0.356671  0.356562  0.357084
 0.043221 0.0433873 0.0433897 0.0433415 0.0433407 0.0433804 0.0433703  0.043221 0.0433873 0.0433897 0.0433415 0.0433407 0.0433804 0.0433703 0.0433873 0.0433873  0.357902  0.359486  0.359456  0.357854  0.357948 0.0433897 0.0433897  0.357902  0.359533  0.359503  0.357902  0.357902 0.0433415 0.0433415  0.359486  0.359533  0.357382  0.359418  0.359302 0.0433407 0.0433407  0.359456  0.359503  0.357382  0.359388  0.359273 0.0433804 0.0433804  0.357854  0.357902  0.359418  0.359388  0.357989 0.0433703 0.0433703  0.357948  0.357902  0.359302  0.359273  0.357989
          0    0.199526    0.199527    0.199526    0.199526    0.199526    0.199526    0.199526    0.199526    0.199527    0.199526    0.199526    0.199526    0.199526    0.199526    0.199526 2.88479e-06 6.43104e-06 6.75076e-06 2.87816e-06  4.2222e-06    0.199527    0.199527 2.44489e-06 5.98879e-06 6.30546e-06 2.44489e-06 2.44489e-06    0.199526    0.199526 6.43104e-06 5.98879e-06 3.52961e-06 6.83795e-06 7.31704e-06    0.199526    0.199526 6.75076e-06 6.30546e-06  3.8553e-06 7.15911e-06 7.64032e-06    0.199526    0.199526 3.29612e-06 3.30067e-06 6.83795e-06 7.15911e-06 4.61484e-06    0.199526    0.199526  4.2222e-06 3.80939e-06 7.31704e-06 7.64032e-06 4.61484e-06
