8	12	12	1
 0  1  0  0  0  0  0  0  0 10  0  0
 0  0  0  0  0  0  4  0  0  0  3  0
 0  1  2  0  0 11  0  5  0  0  0  0
 0  0  2  0  8  0  4  0  0  0  3  7
 0  1  0  6  0  0  0  0  0  0  0  0
 0  0  0  6  0  0  0  0  9  0  3  0
 0  1  2  0  0  0  0  5  0  0  0  0
12  0  2  0  0  0  0  0  0  0  3  7
0.7	0.7	0.2	0.1	0.7	1	0.7	0.9	0.7	1	0.2	0.7	
0.301	0.999	0.338	0.368	0.604	0.949	0.492	0.11	
------target--------
7
------result--------
3	
------details--------
0.491032 0.490241 0.712573  0.48992 0.491411 0.490347 0.727427 0.491397
0.493514 0.492883 0.242232  0.49272 0.493742 0.492906        0  0.49376
2.02669e-06 3.49149e-06     0.11488 3.81663e-06 5.97169e-07 3.26275e-06           0 6.66778e-07
------result2--------
3	7	
------details2--------
0.489721 0.712411 0.489399 0.490895 0.489827 0.727303 0.490881 0.489721  0.71238        0 0.490101 0.489025 0.727327 0.490088 0.712411  0.71238 0.712442 0.712688 0.712604 0.712573 0.712552 0.489399  0.48992 0.712442 0.489779 0.488699 0.727409 0.489767 0.490895 0.490101 0.712688 0.489779        0 0.727542  0.49126 0.489827 0.489025 0.712604 0.488699 0.490347 0.727531 0.490195 0.727303 0.727327        0 0.727409 0.727542 0.727531 0.727417 0.490881 0.490088 0.712552 0.489767  0.49126 0.490195 0.727417
0.492369  0.24208 0.492205 0.493235 0.492392        0 0.493248 0.492212 0.241871 0.490241 0.492462 0.491603        0 0.492461 0.713186 0.712768 0.712666 0.710741 0.712537        0 0.712874 0.491892        0 0.241795 0.492151 0.491284        0 0.492143  0.49338 0.492748 0.242206 0.492585 0.491411        0 0.493626 0.492319 0.491686  0.24192 0.491522        0        0 0.492569 0.727896 0.727528 0.727427 0.727439 0.725577 0.727309 0.727568 0.493364 0.492733 0.242191  0.49257 0.493595 0.492756        0
0.492212 0.713186 0.491892  0.49338 0.492319 0.727896 0.493364 0.492369 0.712768        0 0.492748 0.491686 0.727528 0.492733  0.24208 0.241871 0.241795 0.242206  0.24192 0.781483 0.242191 0.492205 0.491789 0.712666 0.492585 0.491522 0.727439  0.49257 0.493235 0.492462 0.710741 0.492151        0 0.725577 0.493595 0.492392 0.491603 0.712537 0.491284 0.492787 0.727309 0.492756        0        0        0        0        0        0        0 0.493248 0.492461 0.712874 0.492143 0.493626 0.492569 0.727568
0.494862 0.242815 0.494699 0.495722 0.494886        0 0.495739 0.494862 0.242604 0.492883  0.49509 0.494253        0 0.495108 0.242815 0.242604  0.24255 0.242654 0.242589        0 0.242838 0.494699 0.492883  0.24255 0.494929  0.49409        0 0.494945 0.495722  0.49509 0.242654 0.494929 0.493742        0 0.495968 0.494886 0.494253 0.242589  0.49409 0.493742        0 0.495132        0        0        0        0        0        0        0 0.495739 0.495108 0.242838 0.494945 0.495968 0.495132        0
5.53469e-06     0.11488 5.86222e-06  2.6285e-06 5.30664e-06    0.297158           0 5.53469e-06     0.11488 3.49149e-06 4.09928e-06  6.7899e-06    0.297158 4.16463e-06     0.11488     0.11488     0.11488     0.11488     0.11488    0.298574     0.11488 5.86222e-06 3.99318e-06     0.11488 4.42658e-06   7.121e-06    0.297158 4.49075e-06  2.6285e-06 4.09928e-06     0.11488 4.42658e-06 5.97169e-07    0.297158 1.26591e-06 5.30664e-06  6.7899e-06     0.11488   7.121e-06 3.35591e-06    0.297158 3.93632e-06    0.297158    0.297158    0.297158    0.297158    0.297158    0.297158    0.297158 2.69664e-06 4.16463e-06     0.11488 4.49075e-06 1.26591e-06 3.93632e-06    0.297158
