8	12	12	1
 0  3  0  5  1  0  2  0  0  0  0  0
11  0  0  0  1  0  0  0  0  0  8  0
 0  3  0  0  0  4  2  0  0 10  0  0
 0  0  9  0  0  4  0  0  0  0  8  0
 0  0  0  5  1  0  2  0  7  0  0  0
 0  0  0  0  1  0  0  0  7  0  0 12
 0  0  0  0  0  0  2  6  0  0  0  0
 0  0  0  0  0  0  0  6  0  0  0  0
0.7	0.4	0.9	0.8	0.8	0.4	0.2	0.9	0.9	0.6	0.6	0.8	
0.291	0.355	0.378	0.548	0.536	0.132	0.925	0.072	
------target--------
1
------result--------
5	
------details--------
0.815804 0.654432 0.654454 0.654126 0.800252 0.612959 0.653629 0.653629
       0 0.656361 0.656365 0.656165  0.48343  0.73312 0.655826 0.655826
          0 1.29615e-06 1.22346e-06 2.05249e-06   0.0559747  0.00740919 2.65493e-06 2.65493e-06
------result2--------
5	1	
------details2--------
0.815787 0.815816 0.815695        0 0.800624 0.815629 0.815629 0.815787 0.654075 0.653745   0.8002 0.612435 0.653246 0.653246 0.815816 0.654075 0.653767 0.800232 0.612458 0.653268 0.653268 0.815695 0.653745 0.653767 0.800077 0.612034 0.652937 0.652937 0.800252   0.8002 0.800232 0.800077        0 0.799966 0.799966 0.800624 0.612435 0.612458 0.612034 0.800624  0.61136  0.61136 0.815629 0.653246 0.653268 0.652937 0.799966  0.61136        0 0.815629 0.653246 0.653268 0.652937 0.799966  0.61136        0
0.815872 0.815752 0.816018 0.815804 0.840742 0.815954 0.815954        0 0.655991  0.65579  0.48324 0.732796  0.65545  0.65545        0 0.656009 0.655812 0.483254 0.732815 0.655472 0.655472        0 0.655681 0.655686 0.483077 0.732531 0.655143 0.655143        0 0.800467 0.800343 0.800597 0.800252 0.800497 0.800497        0 0.615098 0.615138 0.614783        0 0.614328 0.614328        0 0.655187 0.655192 0.654989  0.48282 0.732101 0.653629        0 0.655187 0.655192 0.654989  0.48282 0.732101 0.653629
       0        0        0        0        0        0        0 0.815872 0.656009 0.655681 0.800467 0.615098 0.655187 0.655187 0.815752 0.655991 0.655686 0.800343 0.615138 0.655192 0.655192 0.816018  0.65579 0.655812 0.800597 0.614783 0.654989 0.654989 0.847946  0.48324 0.483254 0.483077        0  0.48282  0.48282 0.840742 0.732796 0.732815 0.732531 0.795837 0.732101 0.732101 0.815954  0.65545 0.655472 0.655143 0.800497 0.614328        0 0.815954  0.65545 0.655472 0.655143 0.800497 0.614328        0
       0        0        0        0        0        0        0        0 0.657924 0.657724 0.484217 0.734459 0.657385 0.657385        0 0.657924 0.657729 0.484207 0.734464  0.65739  0.65739        0 0.657724 0.657729 0.484136 0.734295  0.65719  0.65719        0 0.484217 0.484207 0.484136 0.724523  0.48396  0.48396        0 0.734459 0.734464 0.734295 0.724523 0.734005 0.734005        0 0.657385  0.65739  0.65719  0.48396 0.734005 0.655826        0 0.657385  0.65739  0.65719  0.48396 0.734005 0.655826
          0    0.260992    0.260992    0.260992    0.262019    0.260992    0.260992    0.260992 2.52648e-06  3.3582e-06   0.0559748  0.00741111 3.96361e-06 3.96361e-06    0.260992 2.52648e-06 3.28558e-06   0.0559748  0.00741105 3.89104e-06 3.89104e-06    0.260992  3.3582e-06 3.28558e-06    0.055975  0.00741212 4.72528e-06 4.72528e-06    0.262363   0.0559748   0.0559748    0.055975    0.193622   0.0559751   0.0559751    0.262019  0.00741111  0.00741105  0.00741212    0.193624    0.007413    0.007413    0.260992 3.96361e-06 3.89104e-06 4.72528e-06   0.0559751    0.007413 2.65493e-06    0.260992 3.96361e-06 3.89104e-06 4.72528e-06   0.0559751    0.007413 2.65493e-06
