8	12	12	1
 7 10  0  0  0  4  0  0  1  0  0  0
 0  0  0  0  0  4  0  0  1  2 11  0
 7  0 12  0  0  0  0  0  1  0  0  3
 0  0  0  0  0  0  0  6  1  2  0  3
 0  0  0  8  0  0  5  0  0  0  0  0
 0  0  0  8  9  0  0  0  0  2  0  0
 0  0  0  0  0  0  5  0  0  0  0  3
 0  0  0  0  9  0  0  6  0  2  0  3
0.7	0.6	0.3	0.6	0.6	0.5	0.3	0.9	0.7	0.8	0.2	0.8	
0.6	0.764	0.185	0.684	0.676	0.817	0.609	0.689	
------target--------
5
------result--------
6	
------details--------
0.378894 0.379271 0.379482 0.380493 0.550391 0.520018 0.378258 0.337881
0.381471 0.381747 0.381948 0.378443 0.154023 0.302837 0.386115 0.395488
2.82725e-06 1.53036e-06 6.27767e-07  2.1891e-06           0   0.0226633 1.86185e-05  0.00142093
------result2--------
5	7	
------details2--------
 0.378552  0.378766  0.379775  0.550199  0.519619  0.377536  0.336981  0.378552  0.379144   0.38015  0.550541  0.520017  0.377916  0.337389  0.378766  0.379144  0.380365   0.55041  0.519988   0.37813  0.337706  0.379775   0.38015  0.380365  0.549707  0.520846  0.379175         0  0.550199  0.550541   0.55041  0.549707         0  0.550391  0.533935  0.519619  0.520017  0.519988  0.520846  0.532798  0.532798         0  0.377536  0.377916   0.37813  0.379175         0  0.532798  0.335335  0.336981  0.337389  0.337706  0.337881  0.533935         0  0.335335
 0.381043  0.381243  0.377737  0.154058  0.302415  0.385391   0.39474  0.381138  0.381621  0.378117   0.15417  0.302674  0.385765  0.395135  0.381346  0.381624   0.37832  0.154057  0.302771  0.385985  0.395356  0.382352  0.382649  0.382842  0.155861  0.316111  0.386788  0.380493  0.550887  0.549457   0.55004  0.551297  0.550391         0   0.55593  0.521045  0.520027  0.520564  0.519171  0.467742  0.467742  0.520018  0.380133  0.380414  0.380617  0.377054  0.378258  0.297576  0.394586  0.340185  0.340925  0.341043         0  0.125543  0.337881  0.350128
 0.381138  0.381346  0.382352  0.550887  0.521045  0.380133  0.340185  0.381043  0.381624  0.382649  0.549457  0.520027  0.380414  0.340925  0.381243  0.381621  0.382842   0.55004  0.520564  0.380617  0.341043  0.377737  0.378117   0.37832  0.551297  0.519171  0.377054         0  0.154058   0.15417  0.154057  0.155861  0.467742         0  0.125543  0.302415  0.302674  0.302771  0.316111   0.56792  0.297576         0  0.385391  0.385765  0.385985  0.386788         0  0.467742  0.350128   0.39474  0.395135  0.395356  0.420583   0.55593  0.519171  0.394586
 0.383629  0.383829  0.380298  0.153931  0.303944  0.388039  0.397449  0.383629  0.384109  0.380537  0.153076  0.303886  0.388409  0.397749  0.383829  0.384109  0.380749  0.153385  0.304072  0.388572  0.397955  0.380298  0.380537  0.380749  0.151617  0.282677  0.385211  0.378443  0.153931  0.153076  0.153385  0.151617 0.0937489  0.386115  0.166648  0.303944  0.303886  0.304072  0.282677 0.0937489   0.33078  0.356186  0.388039  0.388409  0.388572  0.385211  0.386115   0.33078  0.399838  0.397449  0.397749  0.397955  0.378443  0.166648  0.356186  0.399838
4.37641e-06 3.46168e-06  4.9989e-06   0.0871638           0 2.15078e-05  0.00142443 4.37641e-06  2.1644e-06 3.70664e-06   0.0871641   0.0226636 2.02078e-05  0.00142306 3.46168e-06  2.1644e-06 2.81208e-06   0.0871638   0.0226635  1.9266e-05  0.00142176  4.9989e-06 3.70664e-06 2.81208e-06   0.0871717   0.0230755 2.07823e-05  2.1891e-06   0.0871638   0.0871641   0.0871638   0.0871717    0.111838    0.157638    0.087882   0.0226643   0.0226636   0.0226635   0.0230755    0.112192   0.0233582   0.0611897 2.15078e-05 2.02078e-05  1.9266e-05 2.07823e-05 1.86185e-05   0.0233582  0.00144599  0.00142443  0.00142306  0.00142176  0.00206765    0.087882  0.00867014  0.00144599
