8	12	12	1
 0  6  9  0  0  0  0  1  3  0  0  0
 0  0  0  2  4  0  0  1  0 10  8  0
 0  0  0  0  0 11  0  1  3  0  0  0
 0  0  0  2  4  0  5  1  0  0  0  0
 0  6  0  0  0  0  0  1  3  0  0 12
 7  0  0  2  0  0  0  1  0  0  8  0
 0  0  0  0  0  0  0  1  3  0  0  0
 7  0  0  2  0  0  5  1  0  0  0  0
0.4	0.2	0.3	0.8	0.5	0.6	0.5	0.1	0.4	0.9	0.1	0.6	
0.239	0.227	0.957	0.525	0.124	0.08	0.993	0.02	
------target--------
4
------result--------
8	
------details--------
  0.46417  0.464815  0.463564  0.595811  0.464183  0.464441  0.464287    0.5954
  0.46669  0.467257  0.466287         0  0.466687  0.519114  0.466739 0.0159565
3.08255e-06 1.58956e-06 3.57454e-06           0 3.03877e-06 8.19765e-05 2.82247e-06    0.149132
------result2--------
8	4	
------details2--------
 0.463781  0.463456  0.595866  0.464067  0.463401   0.46417   0.59545  0.463781  0.463173   0.59568  0.463794  0.464067  0.463899  0.595265  0.463456  0.463173  0.595906   0.46347  0.462789  0.463564  0.595488  0.595866   0.59568  0.595906  0.595816  0.595415   0.59581         0  0.464067  0.463794   0.46347  0.595816  0.463414  0.464183  0.595401  0.463401         0  0.462789  0.595415  0.463414   0.46352  0.595415         0  0.463899         0   0.59581         0   0.46352  0.595395   0.59545  0.595265  0.595488    0.5954  0.595401         0  0.595395
 0.466234  0.465423         0  0.465984  0.518018         0 0.0159649  0.466307  0.465903         0  0.466304  0.585222  0.466357 0.0160458   0.46536   0.46563         0  0.465272   0.51737         0 0.0159699  0.595733  0.596513  0.595749  0.595804  0.622125  0.595814  0.595811  0.466069  0.466247  0.465435         0  0.518051         0 0.0159629  0.465945  0.464441  0.465539         0  0.465942  0.465994         0  0.464287   0.46635  0.464287         0  0.464287  0.518162 0.0159621  0.595328  0.596123  0.595342         0  0.595399    0.5954  0.595409
 0.466307   0.46536  0.595733  0.466069  0.465945  0.466186  0.595328  0.466234   0.46563  0.596513  0.466247  0.466544   0.46635  0.596123  0.465423  0.465903  0.595749  0.465435  0.465539  0.465551  0.595342         0         0         0         0         0         0         0  0.465984  0.466304  0.465272  0.595804  0.465942  0.466115  0.595399  0.518018  0.585222   0.51737  0.622125  0.518051  0.518162  0.593506         0  0.466357         0  0.595814         0  0.465994  0.595409 0.0159649 0.0160458 0.0159699   0.65396 0.0159629         0 0.0159621
 0.468763  0.466768         0  0.466747  0.520761  0.466739 0.0159442  0.468763  0.468359         0   0.46876  0.479473  0.468812 0.0154715  0.466768  0.468359         0  0.466764  0.520321  0.466739 0.0159474         0         0         0         0         0         0         0  0.466747   0.46876  0.466764         0  0.520724  0.466739  0.015947  0.520761  0.479473  0.520321         0  0.520724  0.520776  0.460805  0.466739  0.468812  0.466739         0  0.466739  0.520776  0.015947 0.0159442 0.0154715 0.0159474         0  0.015947  0.460805  0.015947
 4.6878e-06 4.23225e-06    0.163949           0 8.51265e-05 3.10298e-06    0.149132  4.6878e-06 5.18237e-06     0.16395 4.64333e-06 0.000156651  4.4259e-06    0.149133 4.23225e-06 5.18237e-06    0.163949 4.19484e-06 8.56297e-05 3.97602e-06    0.149132    0.163949     0.16395    0.163949    0.163949    0.163966    0.163949    0.163949 3.33422e-06 4.64333e-06 4.19484e-06    0.163949 8.50779e-05 3.06308e-06    0.149132 8.51265e-05 0.000155092 8.56297e-05    0.163966 8.50779e-05 8.48567e-05    0.162156 2.82247e-06  4.4259e-06 2.82247e-06    0.163949 2.82247e-06 8.48567e-05    0.149132    0.149132    0.149133    0.149132    0.163989    0.149132    0.162156    0.149132
