8	12	12	1
 0  0  1  2  0  0  0  7  0  4 10  0
 0  0  1  2  0  0  0  0  0  4  0  0
 0  0  1  2  0  0  0  7  0  0  0 11
12  0  1  2  9  0  0  0  0  0  0  0
 0  8  1  0  0  0  0  0  3  4 10  0
 0  0  1  0  0  5  0  0  3  4  0  0
 0  8  1  0  0  0  6  0  3  0  0 11
 0  0  1  0  9  5  6  0  3  0  0  0
0.9	0.4	0.2	0.6	0.8	0.8	0.3	0.3	0.9	0.4	0.7	0.7	
0.886	0.506	0.123	0.238	0.377	0.074	0.887	0.841	
------target--------
8
------result--------
4	
------details--------
  0.29387  0.295126  0.294347  0.522163   0.29387  0.294412  0.294347  0.544602
 0.296666    0.2975  0.297022 0.0895777  0.296666  0.299314  0.297022 0.0297145
4.41238e-06 2.19698e-06 4.28369e-06    0.119501 4.41238e-06 1.06429e-05 4.28369e-06           0
------result2--------
4	8	
------details2--------
   0.29387   0.292587   0.521791          0   0.293186   0.292587   0.544715          0   0.293856   0.521608          0          0   0.293856   0.544545   0.292587   0.293856   0.521779   0.292587    0.29314          0    0.54443   0.521791   0.521608   0.521779   0.521791   0.531214   0.521779   0.531302          0    0.29387   0.292587   0.521791   0.293186   0.292587   0.544715   0.293186   0.294412    0.29314   0.531214   0.293186    0.29314          0   0.292587   0.293856          0   0.521779   0.292587    0.29314    0.54443   0.544715   0.544545    0.54443          0   0.544715   0.544545    0.54443
         0   0.295282  0.0893564    0.29387   0.306958   0.295282  0.0312235   0.295126   0.296539   0.089595   0.295126   0.295126   0.296539   0.032158   0.295402   0.296242  0.0893828   0.295402   0.298037   0.294347  0.0296163   0.522387   0.524318   0.522588   0.522387   0.496526   0.522588   0.390811    0.29387          0   0.295282  0.0893564   0.306958   0.295282  0.0312235    0.29552          0   0.295824  0.0877864    0.29552   0.295824   0.294412   0.295402   0.296242   0.294347  0.0893828   0.295402   0.298037  0.0296163   0.544534   0.544817   0.544793   0.544602   0.544534   0.544817   0.544793
  0.296259   0.295402   0.522387          0    0.29552   0.295402   0.544534          0   0.296242   0.524318          0          0   0.296242   0.544817   0.295282   0.296539   0.522588   0.295282   0.295824          0   0.544793  0.0893564   0.089595  0.0893828  0.0893564  0.0877864  0.0893828   0.627886          0   0.296259   0.295402   0.522387    0.29552   0.295402   0.544534   0.306958   0.308485   0.298037   0.496526   0.306958   0.298037   0.544817   0.295282   0.296539          0   0.522588   0.295282   0.295824   0.544793  0.0312235   0.032158  0.0296163   0.390811  0.0312235          0  0.0296163
    0.2975   0.298091  0.0897133   0.296666   0.298679   0.298091  0.0287844     0.2975   0.298928  0.0895097     0.2975     0.2975   0.298928  0.0198745   0.298091   0.298928  0.0897973   0.298091   0.300762   0.297022  0.0298251  0.0897133  0.0895097  0.0897973  0.0897133  0.0955847  0.0897973 0.00499796   0.296666     0.2975   0.298091  0.0897133   0.298679   0.298091  0.0287844   0.298679     0.2975   0.300762  0.0955847   0.298679   0.300762   0.105207   0.298091   0.298928   0.297022  0.0897973   0.298091   0.300762  0.0298251  0.0287844  0.0198745  0.0298251 0.00499796  0.0287844   0.105207  0.0298251
4.91853e-06  8.7468e-06    0.119502 4.41238e-06 1.59318e-05  8.7468e-06    0.186537           0 6.50698e-06    0.119503 2.19698e-06 2.19698e-06 6.50698e-06    0.186747  8.7468e-06 6.50698e-06    0.119502  8.7468e-06 1.49869e-05 4.28369e-06    0.186526    0.119502    0.119503    0.119502    0.119502    0.119757    0.119502    0.217401 4.41238e-06 4.91853e-06  8.7468e-06    0.119502 1.59318e-05  8.7468e-06    0.186537 1.59318e-05 2.02978e-05 1.49869e-05    0.119757 1.59318e-05 1.49869e-05   0.0289072  8.7468e-06 6.50698e-06 4.28369e-06    0.119502  8.7468e-06 1.49869e-05    0.186526    0.186537    0.186747    0.186526    0.216233    0.186537    0.205261    0.186526
