8	12	12	1
 8  0  0  0  1  0  0  3 12  0  4  0
 0  0  0  2  1  0  0  0  0  0  4  0
 8  0  0  0  1  0  6  3  0  0  4  0
 0  0  7  2  1  0  0  0  0  0  4  0
 0  0  0  0  1  0  0  3  0  0  0  0
 0  0  0  2  1  0  0  0  0  0  0  9
 0  5  0  0  1 11  6  3  0  0  0  0
 0  5  7  2  1  0  0  0  0 10  0  9
0.7	0.5	0.9	0.2	1	0.2	0.9	0.3	0.2	0.5	0.9	1	
0.777	0.669	0.981	0.576	0.031	0.345	0.803	0.506	
------target--------
4
------result--------
8	
------details--------
0.429991 0.431678 0.430291 0.671439  0.43708 0.436607 0.436734 0.576615
0.438958  0.44221   0.4392 0.330933 0.439095 0.438507 0.439156 0.324477
 2.6844e-05 5.62984e-05 2.90599e-05           0 8.90661e-08 1.41193e-06 1.53629e-06   0.0321622
------result2--------
4	2	
------details2--------
0.429991 0.429991  0.66447 0.429991 0.429451 0.429635 0.659066        0        0        0 0.431649 0.431154 0.431303  0.66599        0 0.430291 0.665426 0.430291 0.429755 0.429939  0.66003  0.66447 0.671439 0.665426 0.671426 0.676982 0.671646        0        0 0.431649        0 0.671426 0.436585        0  0.57652 0.429451 0.431154 0.429755 0.676982 0.436585 0.436237        0 0.429635 0.431303 0.429939 0.671646 0.436734 0.436237 0.576344 0.659066  0.66599  0.66003  0.66599  0.57652 0.576615 0.576344
       0        0        0        0 0.431501 0.432072 0.288816 0.431678 0.431678 0.431678 0.434132 0.433158 0.433743  0.28757 0.430291        0        0        0 0.431792 0.432362 0.288573 0.676687        0 0.677178  0.67256 0.656344 0.670311 0.671439  0.43708 0.442186  0.43708 0.331041 0.438485  0.43708  0.32451 0.438466 0.441728 0.438709 0.329412 0.438606 0.438667 0.436607 0.438603 0.441828 0.438849 0.330795        0 0.438142 0.324457 0.558923 0.513612 0.555616 0.513612 0.585239        0 0.578101
0.432934 0.432469 0.676687 0.438956 0.438466 0.438603 0.558923        0        0        0 0.442186 0.441728 0.441828 0.513612        0 0.432988 0.677178 0.439201 0.438709 0.438849 0.555616        0        0        0 0.331041 0.329412 0.330795 0.513612        0 0.434132        0  0.67256 0.438606        0 0.585239 0.431501 0.433158 0.431792 0.656344 0.438485 0.438142        0 0.432072 0.433743 0.432362 0.670311 0.439161 0.438667 0.578101 0.288816  0.28757 0.288573 0.679357  0.32451 0.223013 0.324457
 0.44221   0.4392 0.370221 0.439095  0.44036 0.440913 0.335214  0.44221  0.44221  0.44221 0.444494 0.443584 0.444365 0.368277   0.4392  0.44221 0.376444 0.439095   0.4406 0.441127 0.337301 0.370221  0.44221 0.376444 0.320769 0.335333 0.331709 0.218638 0.439095 0.444494 0.439095 0.320769 0.440502 0.439095 0.321472  0.44036 0.443584   0.4406 0.335333 0.440502 0.440567 0.438507 0.440913 0.444365 0.441127 0.331709 0.439095 0.440567 0.324589 0.335214 0.368277 0.337301 0.218638 0.321472 0.438507 0.324589
5.83937e-05 2.93735e-05   0.0823817           0 2.82984e-05  2.8273e-05   0.0340112 5.62984e-05 5.62984e-05 5.62984e-05  5.6425e-05 5.77563e-05 5.79221e-05   0.0394045 2.90599e-05 5.80941e-05   0.0871323 2.90601e-05 3.05132e-05 3.04593e-05   0.0343819   0.0823817    0.134258   0.0871323    0.050903   0.0509705   0.0509016   0.0824589 8.90661e-08  5.6425e-05 8.90661e-08    0.050903 1.50147e-06 8.90661e-08   0.0321631 2.82984e-05 5.77563e-05 3.05132e-05   0.0509705 1.50147e-06 2.95657e-06 1.41193e-06  2.8273e-05 5.79221e-05 3.04593e-05   0.0509016 1.53638e-06 2.95657e-06   0.0321626   0.0340112   0.0394045   0.0343819   0.0824894   0.0321631   0.0468714   0.0321626
