8	12	12	1
 1  2  0  0  0  0  0  0  0 10  0  0
 0  2  0  0  0  0  0  0  0  0  0  7
 1  0  3  0  0  0  0  0  0  0  0  0
 0  0  0  0  9  0  0  0  0  0  6  0
 0  0  0 12  0  0  4  0  0  0  0  0
 0  0  0  0  0  0  4  0  0  0  0  7
 0  0  3  0  0 11  0  0  5  0  0  0
 0  0  0  0  0  0  0  8  5  0  6  0
0.1	0.9	1	0.7	1	0.1	0.6	0.5	0.1	1	0.1	0.9	
0.31	0.009	0.31	0.804	0.641	0.839	0.874	0.324	
------target--------
6
------result--------
2	
------details--------
  0.296547   0.560967   0.296407   0.295731   0.296247   0.560967   0.296215   0.296753
  0.299118 0.00491595    0.29908   0.298573   0.298835 0.00491595   0.298991   0.299209
2.65378e-06    0.233356 3.26896e-06 4.82718e-06 3.53103e-06           0 3.99184e-06 1.72715e-06
------result2--------
6	3	
------details2--------
  0.560744   0.295857   0.295179   0.295695   0.560744   0.295664   0.296203   0.560744   0.560532   0.560415   0.560847          0   0.560751   0.560999   0.295857   0.560532   0.295039   0.295556   0.560532          0   0.296064   0.295179   0.560415   0.295039   0.294876   0.560415   0.294844   0.295386   0.295695   0.560847   0.295556   0.294876   0.560847   0.295361   0.295902   0.560744          0   0.560532   0.560415   0.560847   0.560751   0.560999   0.295664   0.560751   0.296215   0.294844   0.295361   0.560751   0.295871   0.296203   0.560999   0.296064   0.295386   0.295902   0.560999   0.295871
0.00491029   0.298531   0.298024   0.298287 0.00491029   0.298443   0.298663   0.561787   0.562215   0.561562   0.561212   0.560967    0.56143   0.560773   0.298429 0.00490865   0.297884   0.298146 0.00490865   0.296407   0.298522   0.297754 0.00490177   0.297714   0.297471 0.00490177   0.297628   0.297849   0.298271 0.00490735   0.298231   0.297725 0.00490735   0.298145   0.298366   0.561787   0.560967   0.562215   0.561562   0.561212    0.56143   0.560773    0.29824 0.00490652          0   0.297693   0.297957 0.00490652   0.298335   0.298777 0.00491254   0.298739   0.298232   0.298494 0.00491254   0.298651
  0.561787   0.298429   0.297754   0.298271   0.561787    0.29824   0.298777 0.00491029 0.00490865 0.00490177 0.00490735          0 0.00490652 0.00491254   0.298531   0.562215   0.297714   0.298231   0.562215          0   0.298739   0.298024   0.561562   0.297884   0.297725   0.561562   0.297693   0.298232   0.298287   0.561212   0.298146   0.297471   0.561212   0.297957   0.298494 0.00491029          0 0.00490865 0.00490177 0.00490735 0.00490652 0.00491254   0.298443    0.56143   0.298607   0.297628   0.298145    0.56143   0.298651   0.298663   0.560773   0.298522   0.297849   0.298366   0.560773   0.298335
0.00493701   0.301121   0.300613   0.300876 0.00493701   0.301033   0.301251 0.00493701 0.00493713 0.00493145 0.00493375 0.00491595 0.00493646 0.00493726   0.301121 0.00493713   0.300574   0.300837 0.00493713    0.29908   0.301213   0.300613 0.00493145   0.300574   0.300329 0.00493145   0.300486   0.300705   0.300876 0.00493375   0.300837   0.300329 0.00493375    0.30075   0.300968 0.00493701 0.00491595 0.00493713 0.00493145 0.00493375 0.00493646 0.00493726   0.301033 0.00493646    0.29908   0.300486    0.30075 0.00493646   0.301126   0.301251 0.00493726   0.301213   0.300705   0.300968 0.00493726   0.301126
   0.233356 5.93478e-06 7.50165e-06 6.20239e-06    0.233356           0 4.39057e-06    0.233356    0.233356    0.233356    0.233356    0.233356    0.233356    0.233356 5.93478e-06    0.233356 8.11805e-06 6.81795e-06    0.233356 3.26896e-06 5.00571e-06 7.50165e-06    0.233356 8.11805e-06 8.39033e-06    0.233356 8.85317e-06   6.572e-06 6.20239e-06    0.233356 6.81795e-06 8.39033e-06    0.233356 7.55286e-06 5.27403e-06    0.233356    0.233356    0.233356    0.233356    0.233356    0.233356    0.233356 6.66415e-06    0.233356 4.01761e-06 8.85317e-06 7.55286e-06    0.233356 5.73601e-06 4.39057e-06    0.233356 5.00571e-06   6.572e-06 5.27403e-06    0.233356 5.73601e-06
