8	12	12	1
 0  0  0  1  2  4  0  5  0  0  0  0
 0  0  0  0  2  0  0  0  0 10  0  8
 0  0  0  1  2  0  0  5  0  0  0  0
 0  0 12  0  2  0  0  0  0  0  0  0
 9  6  0  1  0  4  0  0  3  0  0  0
 0  6  0  0  0  0  0  0  3  0  0  8
 0  0  0  1  0  0 11  0  3  0  7  0
 0  0  0  0  0  0  0  0  3  0  7  0
0.7	0.8	0.7	0.6	0.2	0.8	1	0.2	0.8	0.4	1	0.6	
0.789	0.906	0.496	0.381	0.33	0.538	0.815	0.854	
------target--------
6
------result--------
2	
------details--------
0.454516 0.630353 0.454516 0.454522 0.454556 0.647446 0.453433 0.453948
0.455719 0.273695 0.455719 0.455771 0.455797        0 0.455209 0.455439
5.05493e-07   0.0656631 5.05493e-07 5.20553e-07 4.66269e-07           0 1.15867e-06 1.10336e-06
------result2--------
2	6	
------details2--------
0.630483        0 0.454253 0.454287 0.647612  0.45316 0.453678 0.630483 0.630483 0.630279 0.630288 0.630353 0.629736 0.629871        0 0.630483 0.454253 0.454287 0.647612  0.45316 0.453678 0.454253 0.630279 0.454253 0.454294 0.647405 0.453169 0.453685 0.454287 0.630288 0.454287 0.454294  0.64741 0.453202 0.453719 0.647612        0 0.647612 0.647405  0.64741 0.646977 0.647047  0.45316 0.629736  0.45316 0.453169 0.453202 0.646977 0.453433 0.453678 0.629871 0.453678 0.453685 0.453719 0.647047        0
0.273785 0.454516 0.455504 0.455531        0 0.454941 0.455171 0.629904 0.629904 0.630632 0.630642        0 0.630546 0.630729 0.454516 0.273785 0.455504 0.455531        0 0.454941 0.455171 0.455459 0.273653 0.455459 0.455536        0 0.454947 0.455177 0.455493 0.273658 0.455493 0.455543        0 0.454981  0.45521  0.64687 0.647446  0.64687   0.6476 0.647608 0.647593 0.647758 0.454374 0.273355 0.454374 0.454421 0.454448        0        0 0.454886  0.27343 0.454886 0.454936 0.454962        0 0.453948
0.629904        0 0.455459 0.455493  0.64687 0.454374 0.454886 0.273785 0.273785 0.273653 0.273658 0.692024 0.273355  0.27343        0 0.629904 0.455459 0.455493  0.64687 0.454374 0.454886 0.455504 0.630632 0.455504 0.455543   0.6476 0.454421 0.454936 0.455531 0.630642 0.455531 0.455536 0.647608 0.454448 0.454962        0        0        0        0        0        0        0 0.454941 0.630546 0.454941 0.454947 0.454981 0.647593 0.454565 0.455171 0.630729 0.455171 0.455177  0.45521 0.647758        0
0.273377 0.455719  0.45671 0.456737        0 0.456148 0.456377 0.273377 0.273377 0.273853 0.273859        0 0.273802 0.273903 0.455719 0.273377  0.45671 0.456737        0 0.456148 0.456377  0.45671 0.273853  0.45671 0.456787        0 0.456199 0.456428 0.456737 0.273859 0.456737 0.456787        0 0.456225 0.456455        0        0        0        0        0        0        0 0.456148 0.273802 0.456148 0.456199 0.456225        0 0.455439 0.456377 0.273903 0.456377 0.456428 0.456455        0 0.455439
  0.0656632 5.05493e-07  1.0283e-06 9.73775e-07    0.233168           0 1.61202e-06   0.0656632   0.0656632   0.0656631   0.0656631    0.234356   0.0656632   0.0656633 5.05493e-07   0.0656632  1.0283e-06 9.73775e-07    0.233168 1.66824e-06 1.61202e-06  1.0283e-06   0.0656631  1.0283e-06 9.88109e-07    0.233168 1.68194e-06 1.62618e-06 9.73775e-07   0.0656631 9.73775e-07 9.88109e-07    0.233168 1.62737e-06 1.57166e-06    0.233168    0.233168    0.233168    0.233168    0.233168    0.233168    0.233168 1.66824e-06   0.0656632 1.66824e-06 1.68194e-06 1.62737e-06    0.233168 1.38506e-06 1.61202e-06   0.0656633 1.61202e-06 1.62618e-06 1.57166e-06    0.233168 1.10336e-06
