8	12	12	1
 0  0  0  0  0 11  0  0  0  0  0  0
 0  0  0  0  0  0  2  0  0  0  0  0
 0  0  1  0  0  0  0  0  0  0  0  0
 0  0  1  0  0  0  2  8  0  0  6  0
 7  0  0  0  4  0  0  0  0  0  0  3
 0  0  0  0  4  0  2  0  9  0  0  3
 7  5  1  0  0  0  0  0  0 10  0  3
 0  5  1 12  0  0  2  0  0  0  6  3
0.5	0.2	0.8	1	0.7	0.4	1	0.4	0.1	1	0.2	1	
0.455	0.794	0.153	0.595	0.176	0.67	0.846	0.855	
------target--------
2
------result--------
6	
------details--------
 0.318285   0.81193  0.312993  0.799934  0.318461  0.810618  0.310532   0.78183
 0.320756         0  0.358466  0.137357  0.320904 0.0316844  0.324434   0.22004
  1.868e-06           0 0.000511632    0.198267 1.10197e-06    0.358288 0.000108145   0.0993254
------result2--------
8	2	
------details2--------
  0.812033   0.312608   0.800011   0.318069   0.810712   0.310141   0.781894   0.812033   0.809294          0    0.81194          0   0.809021          0   0.312608   0.809294          0   0.312803   0.807949          0          0   0.800011   0.799934   0.799934   0.799921     0.7984   0.799615   0.769591   0.318069    0.81194   0.312803   0.799921   0.810624          0   0.781789   0.810712   0.810618   0.807949     0.7984   0.810624   0.807646   0.780056   0.310141   0.809021   0.310532   0.799615   0.310532   0.807646   0.781594   0.781894    0.78183    0.78183   0.769591   0.781789   0.780056   0.781594
         0   0.357951   0.137412   0.320517  0.0318182   0.324025   0.219927   0.811384   0.828425    0.81193   0.811825    0.81193   0.813911    0.81193   0.315041          0   0.312993   0.314949  0.0309169   0.312993   0.312993   0.799529          0          0   0.800065   0.823276   0.800215   0.832882   0.320543          0   0.357814    0.13754  0.0317299   0.318461   0.220072    0.81012          0    0.82731   0.838716   0.810555   0.812638   0.835341   0.312592          0          0  0.0907795          0  0.0309785   0.193496   0.781496          0          0   0.834488   0.782243   0.808882   0.782039
  0.811384   0.315041   0.799529   0.320543    0.81012   0.312592   0.781496          0          0          0          0          0          0          0   0.357951   0.828425          0   0.357814    0.82731          0          0   0.137412   0.839556  0.0914133    0.13754   0.838716  0.0907795   0.834488   0.320517   0.811825   0.314949   0.800065   0.810555          0   0.782243  0.0318182   0.832032  0.0309169   0.823276  0.0317299  0.0309785   0.808882   0.324025   0.813911   0.315206   0.800215   0.325059   0.812638   0.782039   0.219927   0.836293    0.19531   0.832882   0.220072   0.835341   0.193496
         0   0.361242   0.137066   0.323003  0.0309669   0.326637   0.220647          0          0          0          0          0          0          0   0.361242          0   0.358466   0.365708  0.0374514   0.358466   0.358466   0.137066          0   0.358466   0.135447 0.00995704   0.167577   0.104058   0.323003          0   0.365708   0.135447  0.0312099   0.320904   0.219709  0.0309669          0  0.0374514 0.00995704  0.0312099  0.0321952  0.0181515   0.326637          0   0.358466   0.167577   0.320904  0.0321952   0.237919   0.220647          0   0.358466   0.104058   0.219709  0.0181515   0.237919
   0.436132           0    0.198267 2.97643e-06    0.358289 0.000110129   0.0993256    0.436132    0.436189    0.436132    0.436132    0.436132    0.436139    0.436132 0.000513622    0.436189 0.000511632 0.000513669    0.358386 0.000511632 0.000511632    0.198267    0.436568    0.223463    0.198268    0.405304     0.20279    0.243431 2.97643e-06    0.436132 0.000513669    0.198268    0.358288 1.10197e-06   0.0993255    0.358289    0.436167    0.358386    0.405304    0.358288    0.358299    0.386346 0.000110129    0.436139 0.000522712     0.20279 0.000111096    0.358299    0.100478   0.0993256     0.43707    0.106805    0.243431   0.0993255    0.386346    0.100478
