8	12	12	1
 0  0  0  0  0  0  5  0  0  0  0  9
12  1  0  0  0  0  0  6  0  0  0  0
 0  0  0  0  0  2  5  0  7  0  0  0
 0  1  4  0  0  2  0  0  7  0  0  0
 0  0  0 11  3  0  0  0  0  0  0  9
 0  1  0  0  0  0  0  6  0 10  8  0
 0  0  0  0  3  2  0  0  0  0  0  0
 0  1  4  0  0  2  0  0  0  0  8  0
1	1	0.1	0.1	0.5	0.7	0.6	0.3	0.5	0.9	0.4	0.2	
0.254	0.171	0.892	0.46	0.436	0.783	0.296	0.971	
------target--------
7
------result--------
5	
------details--------
0.652731 0.652586 0.651887 0.651887 0.757095 0.651543 0.757559 0.652183
0.654555 0.654512 0.653857 0.653857 0.269838 0.653685        0 0.654072
3.47269e-07 8.76841e-07 2.13574e-06 2.13574e-06   0.0851375 2.43649e-06           0 1.76282e-06
------result2--------
5	7	
------details2--------
0.652495 0.651793 0.651793        0 0.651449 0.757775  0.65209 0.652495 0.651649 0.651649  0.75701 0.651304 0.757476 0.651946 0.651793 0.651649        0 0.757145 0.650586  0.75762 0.651235 0.651793 0.651649        0 0.757145 0.650586  0.75762 0.651235 0.757095  0.75701 0.757145 0.757145 0.757078 0.757095 0.757156 0.651449 0.651304 0.650586 0.650586 0.757078 0.757557 0.651543 0.757775 0.757476  0.75762  0.75762        0 0.757557 0.757629  0.65209 0.651946 0.651235 0.651235 0.757156        0 0.757629
0.654422 0.653767 0.653767 0.652731 0.653595        0 0.653983 0.654323 0.653623 0.653623 0.269895 0.653451        0 0.653839 0.653641 0.653583 0.651887 0.270941 0.652754        0 0.653146 0.653641 0.653583 0.651887 0.270941 0.652754        0 0.653146        0 0.757708 0.757041 0.757041 0.757107        0 0.756977 0.653303  0.65324 0.652585 0.652585 0.271211        0        0 0.753482 0.758159 0.757492 0.757492 0.757559 0.757561 0.757424 0.653932 0.653878 0.653223 0.653223 0.270653 0.652183        0
0.654323 0.653641 0.653641        0 0.653303 0.753482 0.653932 0.654422 0.653583 0.653583 0.757708  0.65324 0.758159 0.653878 0.653767 0.653623        0 0.757041 0.652585 0.757492 0.653223 0.653767 0.653623        0 0.757041 0.652585 0.757492 0.653223 0.153305 0.269895 0.270941 0.270941 0.271211 0.762371 0.270653 0.653595 0.653451 0.652754 0.652754 0.757107 0.757561  0.65318        0        0        0        0        0        0        0 0.653983 0.653839 0.653146 0.653146 0.756977        0 0.757424
0.656253 0.655601 0.655601 0.654555  0.65543        0 0.655816 0.656253 0.655556 0.655556 0.269418 0.655384        0 0.655771 0.655601 0.655556 0.653857 0.268585 0.654729        0 0.655117 0.655601 0.655556 0.653857 0.268585 0.654729        0 0.655117 0.654555 0.269418 0.268585 0.268585 0.268886        0 0.268201  0.65543 0.655384 0.654729 0.654729 0.268886        0 0.654072        0        0        0        0        0        0        0 0.655816 0.655771 0.655117 0.655117 0.268201 0.654072        0
1.22563e-06 2.48966e-06 2.48966e-06 3.47269e-07  2.7909e-06    0.168385           0 1.22563e-06 3.02012e-06 3.02012e-06   0.0851376 3.32154e-06    0.168383 2.64606e-06 2.48966e-06 3.02012e-06 2.13574e-06   0.0851383 4.60397e-06    0.168383 3.92385e-06 2.48966e-06 3.02012e-06 2.13574e-06   0.0851383 4.60397e-06    0.168383 3.92385e-06    0.107488   0.0851376   0.0851383   0.0851383   0.0851382    0.168388   0.0851383  2.7909e-06 3.32154e-06 4.60397e-06 4.60397e-06   0.0851382    0.168383 2.69412e-06    0.168385    0.168383    0.168383    0.168383    0.168383    0.168383    0.168383 2.11581e-06 2.64606e-06 3.92385e-06 3.92385e-06   0.0851383 1.76282e-06    0.168383
