8	12	12	1
 0  0  0  0  0  2  0  0  0  0  0  4
 1  0  0  0  0  0  0  0  6 10  0  4
 0  0  0  0  0  2  0  0  0  0  3  0
 1  0 11  0  0  0  0  0  0  0  3  0
 0  8  0  0  0  2  0  0  0  0  0  4
 1  0  0  9  0  0  5  0  6  0  0  4
 0  8  0  0  7  2  0 12  0  0  3  0
 1  0  0  0  7  0  5  0  0  0  3  0
0.2	0.6	0.3	0.3	0.7	0.7	0.1	0.8	0.7	0.5	0.5	0.5	
0.465	0.993	0.146	0.866	0.462	0.166	0.745	0.783	
------target--------
1
------result--------
6	
------details--------
0.681912 0.659967 0.512611 0.512127 0.666309 0.679743 0.482871  0.51308
       0 0.373246 0.513121 0.513962 0.303681 0.084883  0.52404  0.51218
          0   0.0416977 4.36082e-08 1.38675e-06   0.0657303    0.160288 0.000678387 4.04021e-07
------result2--------
2	1	
------details2--------
        0  0.681974  0.682176         0         0   0.66868  0.682794  0.659967  0.660015  0.660138   0.64201  0.657423   0.64434  0.660819  0.681974  0.660015         0  0.666298  0.679803         0         0  0.682176  0.660138  0.512127  0.666452  0.679992  0.482208  0.512599  0.666309   0.64201  0.666298  0.666452   0.66392         0  0.666472  0.679743  0.657423  0.679803  0.679992   0.66392  0.666266  0.680612   0.66868   0.64434  0.482871  0.482208   0.66868  0.666266  0.482871  0.682794  0.660819   0.51308  0.512599  0.666472  0.680612         0
 0.681912  0.681293  0.681265  0.681912  0.681912  0.686696  0.680913         0  0.659508  0.659555  0.719581  0.716179  0.665588  0.659012         0  0.373318  0.512611  0.304336  0.084962  0.512611  0.512611         0  0.373239         0  0.304231  0.085173  0.525183  0.511462         0  0.711122  0.666422  0.665964  0.719064  0.666309   0.66613         0  0.720628  0.679155  0.679136  0.731729  0.684611  0.678761         0  0.342395         0  0.485231         0 0.0742134         0         0  0.374386         0  0.514806  0.310975 0.0856316   0.51308
        0         0         0         0         0         0         0  0.722089  0.373318  0.373239  0.711122  0.720628  0.342395  0.374386  0.681293  0.659508         0  0.666422  0.679155         0         0  0.681265  0.659555  0.514354  0.665964  0.679136  0.485231  0.514806  0.733141  0.719581  0.304336  0.304231  0.731729         0  0.310975  0.729637  0.716179  0.084962  0.085173  0.719064 0.0742134 0.0856316  0.686696  0.665588  0.525634  0.525183  0.665053  0.684611   0.54587  0.680913  0.659012  0.511949  0.511462   0.66613  0.678761         0
        0         0         0         0         0         0         0         0  0.372538  0.373265   0.15323 0.0337272  0.385711  0.371945         0  0.372538  0.513121  0.297087 0.0840995  0.513121  0.513121         0  0.373265  0.513121  0.302306   0.08416  0.521571  0.513399         0   0.15323  0.297087  0.302306 0.0230108  0.370934  0.295086         0 0.0337272 0.0840995   0.08416 0.0230108  0.089563 0.0840305         0  0.385711  0.513121  0.521571  0.370934  0.089563   0.51218         0  0.371945  0.513121  0.513399  0.295086 0.0840305   0.51218
          0    0.222639    0.222639    0.222639    0.222639    0.222748     0.22264    0.224184   0.0416978   0.0416978    0.127252    0.192543   0.0422178   0.0417002    0.222639   0.0416978 4.36082e-08   0.0657346    0.160288 4.36082e-08 4.36082e-08    0.222639   0.0416978 1.57802e-06   0.0657311    0.160288 0.000683346 2.10834e-06    0.224055    0.127252   0.0657346   0.0657311    0.200425   0.0971121   0.0657932    0.222823    0.192543    0.160288    0.160288    0.200425    0.160488     0.16029    0.222748   0.0422178 0.000703624 0.000683346    0.097116    0.160488  0.00105424     0.22264   0.0417002 6.07585e-07 2.10834e-06   0.0657932     0.16029 4.04021e-07
