8	12	12	1
 4  0  0  0  0  0  0  0  0  0  8  3
 0  0  0  9  0  0  2 11  0  0  8  3
 0  0  0  0  1  0  0  0  0  0  0  3
 0 10  0  9  1  0  2  0  0  7  0  3
 4  0  6  0  0  0  0  0  0  0  0  0
 0  0  0  0  0  5  2  0  0  0  0  0
 0  0  6  0  1  0  0  0  0  0  0  0
 0  0  0  0  1  5  2  0 12  7  0  0
0.6	0.9	0.7	0.1	0.9	0.9	0.1	1	0.9	0.1	0.7	0.3	
0.807	0.333	0.467	0.822	0.788	0.559	0.612	0.689	
------target--------
6
------result--------
8	
------details--------
0.440281 0.440111 0.440756 0.440213 0.440114 0.714472 0.440114   0.6866
0.441613 0.441519 0.441913 0.441584 0.441488        0 0.441488 0.289975
8.98789e-07 9.75713e-07 3.54826e-07 9.51393e-07  9.2171e-07           0  9.2171e-07   0.0765396
------result2--------
8	6	
------details2--------
       0 0.440281 0.439765 0.439455 0.714535 0.439455 0.686583 0.440111 0.440111 0.439606 0.439283 0.714545 0.439283 0.686572        0        0        0 0.439933 0.714539 0.439933 0.686647 0.439765 0.439606 0.440213 0.439386 0.714477 0.439386 0.686515 0.439455 0.439283 0.439933 0.439386 0.714481        0 0.686505 0.714535 0.714545 0.714539 0.714477 0.714481 0.714481        0 0.439455 0.439283 0.439933 0.439386        0 0.714481 0.686505 0.686583 0.686572 0.686647 0.686515 0.686505   0.6866 0.686505
0.440281        0 0.440951 0.440835        0 0.440835  0.28975        0        0 0.440771 0.440665        0 0.440665 0.289689 0.440756 0.440756 0.440756  0.44131        0  0.44131 0.289923 0.440905  0.44081        0 0.440766        0 0.440766 0.289713 0.440793 0.440698 0.441096 0.440764        0 0.440114 0.289678 0.714407 0.714421 0.714108 0.714468 0.714466 0.714466 0.714472 0.440793 0.440698 0.441096 0.440764 0.440114        0 0.289678 0.686618  0.68662 0.686348 0.686676 0.686664        0 0.686664
       0 0.441475 0.440905 0.440793 0.714407 0.440793 0.686618 0.441029 0.441377  0.44081 0.440698 0.714421 0.440698  0.68662        0        0        0 0.441096 0.714108 0.441096 0.686348 0.440951 0.440771 0.441448 0.440764 0.714468 0.440764 0.686676 0.440835 0.440665  0.44131 0.440766 0.714466        0 0.686664        0        0        0        0        0        0        0 0.440835 0.440665  0.44131 0.440766        0 0.714466 0.686664  0.28975 0.289689 0.289923 0.289713 0.289678  0.75932 0.289678
0.441613 0.441913 0.442045 0.442169        0 0.442169  0.29021 0.441613 0.441913 0.442006 0.442075        0 0.442075 0.290179 0.441913 0.441913 0.441913  0.44247        0  0.44247  0.29026 0.442045 0.442006 0.441913  0.44214        0  0.44214 0.290212 0.442169 0.442075  0.44247  0.44214        0 0.441488 0.290176        0        0        0        0        0        0        0 0.442169 0.442075  0.44247  0.44214 0.441488        0 0.290176  0.29021 0.290179  0.29026 0.290212 0.290176        0 0.290176
8.98789e-07 9.40045e-07 1.56073e-06 1.82577e-06    0.317038           0   0.0765397 1.03065e-06 1.04208e-06 1.66561e-06 1.90311e-06    0.317038 1.90311e-06   0.0765397 3.54826e-07 3.54826e-07 3.54826e-07 1.27906e-06    0.317038 1.27906e-06   0.0765396 1.56073e-06 1.66561e-06 9.99433e-07  1.8783e-06    0.317038  1.8783e-06   0.0765397 1.82577e-06 1.90311e-06 1.27906e-06  1.8783e-06    0.317038  9.2171e-07   0.0765397    0.317038    0.317038    0.317038    0.317038    0.317038    0.317038    0.317038 1.82577e-06 1.90311e-06 1.27906e-06  1.8783e-06  9.2171e-07    0.317038   0.0765397   0.0765397   0.0765397   0.0765396   0.0765397   0.0765397    0.318956   0.0765397
