8	12	12	1
 0  2  0  1  0  3  0  0  0  0  0 12
 8  0  0  1  7  3  0  0  0  0  0  0
 0  2 11  1  0  3  0  0  0  0  4  0
 0  0  0  1  7  3  0  0  0  0  4  0
 0  2  0  1  0  0  5  6  0 10  0  0
 0  0  0  1  0  0  0  6  0  0  0  0
 0  2  0  1  0  0  5  0  0  0  4  0
 0  0  0  1  0  0  0  0  9  0  4  0
0.1	0.4	0.1	0.1	0.7	0.1	0.4	0.4	0.2	0.7	0.6	0.2	
0.554	0.989	0.1	0.969	0.217	0.846	0.396	0.69	
------target--------
4
------result--------
2	
------details--------
0.247871 0.524362 0.248084 0.527435 0.246916 0.247433 0.247775 0.247817
0.250198 0.039787 0.250402        0 0.249575 0.249806   0.2501 0.250146
1.31333e-06    0.167412 1.35369e-07           0 4.68291e-06 3.06196e-06 1.76401e-06 1.57857e-06
------result2--------
2	4	
------details2--------
 0.524542  0.247849  0.527633  0.246675  0.247195  0.247539  0.247579  0.524542  0.524387  0.524362  0.524632  0.524533  0.524434  0.524585  0.247849  0.524387  0.527462  0.246893  0.247411  0.247753  0.247794  0.527633         0  0.527462  0.527778  0.527648  0.527527  0.527681  0.246675  0.524632  0.246893  0.527778  0.246916  0.246916  0.246619  0.247195  0.524533  0.247411  0.527648         0  0.247096  0.247139  0.247539  0.524434  0.247753  0.527527         0  0.247096  0.247484  0.247579  0.524585  0.247794  0.527681  0.246619  0.247139  0.247484
0.0399507  0.250181         0  0.249343  0.249575   0.24987   0.24992  0.522791   0.52182         0  0.524034  0.523935  0.523934  0.522816  0.250177 0.0398125         0  0.249553  0.249784  0.250079  0.250125  0.525693  0.527435  0.524684  0.527018  0.526903  0.526887  0.525722  0.249031 0.0401806  0.249249         0         0         0  0.248978  0.249539 0.0400176  0.249751         0  0.247433  0.249441  0.249486  0.249874 0.0398927  0.250082         0  0.247775   0.24948  0.249822  0.249919 0.0399908  0.250129         0  0.249289  0.249521  0.249817
 0.522791  0.250177  0.525693  0.249031  0.249539  0.249874  0.249919 0.0399507 0.0398125  0.560058 0.0401806 0.0400176 0.0398927 0.0399908  0.250181   0.52182  0.524684  0.249249  0.249751  0.250082  0.250129         0         0         0         0         0         0         0  0.249343  0.524034  0.249553  0.527018  0.249176   0.24933  0.249289  0.249575  0.523935  0.249784  0.526903         0   0.24948  0.249521   0.24987  0.523934  0.250079  0.526887         0  0.249441  0.249817   0.24992  0.522816  0.250125  0.525722  0.248978  0.249486  0.249822
0.0383054   0.25252         0  0.251694  0.251922  0.252217  0.252267 0.0383054 0.0370823         0 0.0392948 0.0391979 0.0391421 0.0383268   0.25252 0.0370823         0  0.251897  0.252123  0.252418  0.252469         0         0         0         0         0         0         0  0.251694 0.0392948  0.251897         0  0.249806    0.2501  0.251642  0.251922 0.0391979  0.252123         0  0.249806  0.251837   0.25187  0.252217 0.0391421  0.252418         0    0.2501  0.251837  0.252166  0.252267 0.0383268  0.252469         0  0.251642   0.25187  0.252166
   0.167414 1.45041e-06    0.234897           0 4.39565e-06 3.08866e-06 2.90726e-06    0.167414    0.167413    0.234991    0.167414    0.167413    0.167413    0.167415 1.45041e-06    0.167413    0.234896 4.82208e-06 3.19985e-06 1.90077e-06 1.71603e-06    0.234897    0.234896    0.234896    0.234897    0.234896    0.234896    0.234897 6.02694e-06    0.167414 4.82208e-06    0.234897 4.79287e-06 4.83644e-06 6.29853e-06 4.39565e-06    0.167413 3.19985e-06    0.234896 3.06196e-06 4.86107e-06 4.66511e-06 3.08866e-06    0.167413 1.90077e-06    0.234896 1.76401e-06 4.86107e-06 3.35625e-06 2.90726e-06    0.167415 1.71603e-06    0.234897 6.29853e-06 4.66511e-06 3.35625e-06
