8	12	12	1
 0 11  0  0  0  0  0  0  0  0  0  0
 0  0 12  0  0  0  0  0  0  0  0  0
 0  0  0  0  0  3  0  0  9  0  0  0
 8  0  0  0  2  0  0  0  0  0  0  0
 0  0  0  0  0  0  0  4  0 10  5  1
 0  0  0  6  0  0  7  0  0  0  5  1
 0  0  0  0  0  3  0  4  0  0  0  1
 0  0  0  6  2  0  0  0  0  0  0  1
1	1	0.2	0.3	0.8	0.4	0.3	1	0.9	0.9	0.7	0.1	
0.959	0.487	0.364	0.543	0.467	0.349	0.107	0.247	
------target--------
8
------result--------
6	
------details--------
0.697734 0.698699 0.698433 0.698193 0.698189 0.750689 0.698702 0.753248
 0.69977 0.700378 0.700217 0.700064 0.700078 0.423926 0.700402        0
2.43825e-06 5.49702e-07 1.35473e-06 1.89666e-06 1.92965e-06    0.031229 5.46012e-07           0
------result2--------
6	8	
------details2--------
0.697579 0.697312 0.697069 0.697065 0.750074 0.697584 0.752672 0.697579  0.69828 0.698039 0.698035 0.750718  0.69855 0.753284 0.697312  0.69828 0.697773 0.697768  0.75047 0.698284 0.753044 0.697069 0.698039 0.697773 0.697526 0.750322 0.698044 0.752904 0.697065 0.698035 0.697768 0.697526 0.750337 0.698189  0.75292 0.750074 0.750718  0.75047 0.750322 0.750337 0.750598 0.750689 0.697584  0.69855 0.698284 0.698044        0 0.750598 0.753162 0.752672 0.753284 0.753044 0.752904  0.75292        0 0.753162
0.699277 0.699105 0.698951 0.698965 0.423461 0.699292        0 0.699619 0.700067 0.699914 0.699928 0.423897 0.700253        0 0.699353 0.699967 0.699649 0.699662 0.423756 0.699988        0 0.699113  0.69973 0.699563 0.699423 0.423651 0.699749        0 0.699109 0.699726 0.699559 0.699405 0.423655        0        0 0.751193   0.7504 0.751404 0.751365 0.751339 0.751643        0 0.699622 0.700232 0.700069 0.699917 0.698702 0.423861        0 0.753722 0.752885 0.753915 0.753884 0.753856 0.753248 0.754155
0.699619 0.699353 0.699113 0.699109 0.751193 0.699622 0.753722 0.699277 0.699967  0.69973 0.699726   0.7504 0.700232 0.752885 0.699105 0.700067 0.699563 0.699559 0.751404 0.700069 0.753915 0.698951 0.699914 0.699649 0.699405 0.751365 0.699917 0.753884 0.698965 0.699928 0.699662 0.699423 0.751339  0.69997 0.753856 0.423461 0.423897 0.423756 0.423651 0.423655 0.423861 0.778163 0.699292 0.700253 0.699988 0.699749        0 0.751643 0.754155        0        0        0        0        0        0        0
0.701305 0.701143  0.70099 0.701004 0.424316 0.701328        0 0.701305 0.701751 0.701599 0.701613 0.424231 0.701936        0 0.701143 0.701751 0.701437 0.701451 0.424491 0.701775        0  0.70099 0.701599 0.701437 0.701298 0.424442 0.701623        0 0.701004 0.701613 0.701451 0.701298 0.424437 0.700402        0 0.424316 0.424231 0.424491 0.424442 0.424437 0.424614        0 0.701328 0.701936 0.701775 0.701623 0.700402 0.424614        0        0        0        0        0        0        0        0
2.99583e-06 3.80465e-06 4.35058e-06 4.38438e-06   0.0312298 2.98847e-06   0.0934487           0   1.909e-06 2.45235e-06 2.48579e-06   0.0312291 1.09722e-06    0.093448 3.80465e-06   1.909e-06 3.26043e-06  3.2939e-06   0.0312294 1.90316e-06   0.0934483 4.35058e-06 2.45235e-06 3.26043e-06 3.83908e-06   0.0312296 2.44594e-06   0.0934485 4.38438e-06 2.48579e-06  3.2939e-06 3.83908e-06   0.0312296 1.95876e-06   0.0934485   0.0312298   0.0312291   0.0312294   0.0312296   0.0312296   0.0312292   0.0936106 2.98847e-06 1.09722e-06 1.90316e-06 2.44594e-06 5.46012e-07   0.0312292   0.0934482   0.0934487    0.093448   0.0934483   0.0934485   0.0934485    0.093448   0.0934482
