8	12	12	1
 0  6  3  0  0  0  0  0  1  0  9  4
 0  6  0  0  0  0  0  0  1  8  0  4
 7  0  3  0  0  0  2  0  1  0  0  4
 7  0  0 11 10  0  2  0  1  0  0  4
 0  0  3  0  0  0  0 12  1  0  9  0
 0  0  0  0  0  0  0  0  1  8  0  0
 0  0  3  0  0  5  2  0  1  0  0  0
 0  0  0  0 10  5  2  0  1  0  0  0
0.4	0.2	0.8	0.1	0.8	0.1	0.4	0.1	0.3	1	0.5	0.1	
0.184	0.968	0.53	0.871	0.334	0.812	0.7	0.396	
------target--------
3
------result--------
4	
------details--------
0.467202 0.464777 0.585543 0.587048 0.467129 0.464777 0.467252  0.46665
0.469613 0.468113        0 0.327437  0.46958 0.468113 0.469642 0.469069
9.20467e-07 3.71742e-06           0    0.034105 1.22555e-06 3.71742e-06 7.06317e-07 2.53277e-06
------result2--------
8	3	
------details2--------
0.464564 0.585503 0.587007        0 0.464564 0.467043  0.46644 0.464564 0.584338 0.585836 0.464488        0 0.464612 0.464003 0.585503 0.584338        0 0.585558 0.584338 0.585646 0.589024 0.587007 0.585836 0.587048  0.58706 0.585836 0.587163 0.587163 0.467129 0.464488 0.585558  0.58706 0.464488 0.466969 0.466365 0.464564        0 0.584338 0.585836 0.464488 0.464612 0.464003 0.467043 0.464612 0.585646 0.587163 0.466969 0.464612        0  0.46644 0.464003 0.589024        0 0.466365 0.464003  0.46665
0.467905        0 0.327313 0.467202 0.467905 0.469439 0.468862 0.466991        0 0.325846 0.466967 0.464777 0.467053  0.46644 0.585965 0.585863 0.585543 0.585427 0.585863 0.584086 0.578122 0.587483 0.587368        0  0.58696 0.587368 0.585511 0.585511        0 0.467832        0 0.327297 0.467832 0.469372 0.468791 0.466991 0.464777        0 0.325846 0.466967 0.467053  0.46644 0.469459 0.467955        0  0.32815 0.469429 0.467955 0.467252 0.468859 0.467352        0  0.46665  0.46883 0.467352        0
0.466991 0.585965 0.587483        0 0.466991 0.469459 0.468859 0.467905 0.585863 0.587368 0.467832        0 0.467955 0.467352        0        0        0        0        0        0        0 0.327313 0.325846  0.58241 0.327297 0.325846  0.32815 0.138462 0.469481 0.466967 0.585427  0.58696 0.466967 0.469429  0.46883 0.467905        0 0.585863 0.587368 0.467832 0.467955 0.467352 0.469439 0.467053 0.584086 0.585511 0.469372 0.467053        0 0.468862  0.46644 0.578122 0.585511 0.468791  0.46644 0.468917
0.470326        0  0.32877 0.469613 0.470326  0.47186 0.471287 0.470326        0 0.327868 0.470293 0.468113 0.470355 0.469781        0        0        0        0        0        0        0  0.32877 0.327868        0 0.328537 0.327868  0.31659 0.453272 0.469613 0.470293        0 0.328537 0.470293 0.471832 0.471255 0.470326 0.468113        0 0.327868 0.470293 0.470355 0.469781  0.47186 0.470355        0  0.31659 0.471832 0.470355 0.469642 0.471287 0.469781        0 0.453272 0.471255 0.469781 0.469642
 4.6467e-06    0.149456           0 9.20467e-07  4.6467e-06 1.63054e-06 3.46081e-06  4.6467e-06    0.149457   0.0341062 4.95667e-06 3.71742e-06 4.43477e-06 6.27408e-06    0.149456    0.149457    0.149456    0.149456    0.149457    0.149457    0.149499   0.0341052   0.0341062    0.149464   0.0341052   0.0341062   0.0341134   0.0608978 1.22629e-06 4.95667e-06    0.149456   0.0341052 4.95667e-06 1.93971e-06 3.77143e-06  4.6467e-06 3.71742e-06    0.149457   0.0341062 4.95667e-06 4.43477e-06 6.27408e-06 1.63054e-06 4.43477e-06    0.149457   0.0341134 1.93971e-06 4.43477e-06 7.06317e-07 3.46081e-06 6.27408e-06    0.149499  0.00116238 3.77143e-06 6.27408e-06 2.58775e-06
