8	12	12	1
 1  0  0  0  0  0  0  4  0  0  0  0
 1  0  0  0  0  0  0  0  0  0  0 12
 0  2  7  0  0  0  0  0  0  0  0  0
 0  2  0  0  0  0  0  0  0  0  6  0
 1  0  0  8  0  0  3  4  0  0  0  0
 1  0  0  0  0 11  0  0  0  5  0  0
 0  2  0  0  0  0  3  0  9  0  0  0
 0  2  0  0 10  0  0  0  0  5  6  0
0.4	0.7	0.2	0.7	0.1	0.5	0.4	0.6	0.1	0.9	0.5	0.7	
0.759	0.328	0.186	0.322	0.798	0.113	0.299	0.731	
------target--------
1
------result--------
5	
------details--------
0.538176 0.331191 0.331566  0.33125 0.505666 0.331527 0.331582 0.331088
       0 0.333733 0.334019 0.333774 0.217537 0.333992 0.334038 0.333702
          0 2.16517e-06 4.62149e-07  1.9266e-06   0.0445134 6.60167e-07 3.76484e-07 2.60749e-06
------result2--------
5	1	
------details2--------
0.538071  0.53823 0.538126        0 0.538174 0.538245 0.538293 0.538071 0.331103 0.330786 0.505478 0.331065  0.33112 0.330623  0.53823 0.331103 0.331162 0.505706  0.33144 0.331495    0.331 0.538126 0.330786 0.331162 0.505542 0.331124 0.331179        0 0.505666 0.505478 0.505706 0.505542  0.50564 0.505727 0.505691 0.538174 0.331065  0.33144 0.331124  0.50564 0.331457 0.330962 0.538245  0.33112 0.331495 0.331179 0.505727 0.331457 0.331016 0.538293 0.330623    0.331 0.331088 0.505691 0.330962 0.331016
0.538646 0.536696 0.538435 0.538176 0.538202  0.53586 0.537753        0 0.333564 0.333315  0.21733 0.333534 0.333585 0.333243        0 0.333647 0.333689 0.217505 0.333907 0.333957 0.333617        0 0.333332 0.333623 0.217361 0.333593 0.333644  0.33125        0 0.506502 0.504599 0.506312 0.506134 0.503645 0.505576        0 0.333609 0.333896  0.33365 0.217484 0.333916 0.333578        0 0.333664 0.333953 0.333706 0.217512 0.333924 0.333634        0 0.333173 0.333471        0 0.217304 0.333435 0.333497
       0        0        0        0        0        0        0 0.538646 0.333647 0.333332 0.506502 0.333609 0.333664 0.333173 0.536696 0.333564 0.333623 0.504599 0.333896 0.333953 0.333471 0.538435 0.333315 0.333689 0.506312  0.33365 0.333706        0  0.59665  0.21733 0.217505 0.217361 0.217484 0.217512 0.217304 0.538202 0.333534 0.333907 0.333593 0.506134 0.333924 0.333435  0.53586 0.333585 0.333957 0.333644 0.503645 0.333916 0.333497 0.537753 0.333243 0.333617 0.333496 0.505576 0.333578 0.333634
       0        0        0        0        0        0        0        0 0.336119 0.335874 0.218478 0.336091 0.336137 0.335802        0 0.336119  0.33616 0.218426 0.336378 0.336427 0.336093        0 0.335874  0.33616 0.218473 0.336133 0.336179 0.333774        0 0.218478 0.218426 0.218473 0.218539 0.218396 0.218393        0 0.336091 0.336378 0.336133 0.218539 0.336397 0.336063        0 0.336137 0.336427 0.336179 0.218396 0.336397 0.336114        0 0.335802 0.336093 0.333774 0.218393 0.336063 0.336114
          0    0.209987    0.209987    0.209987    0.209987    0.209987    0.209987    0.209987 2.63088e-06 4.10188e-06   0.0445139 2.82904e-06 2.54497e-06 4.78913e-06    0.209987 2.63088e-06 2.39228e-06   0.0445135 1.12365e-06 8.40383e-07 3.07665e-06    0.209987 4.10188e-06 2.39228e-06   0.0445138 2.59034e-06 2.30641e-06  1.9266e-06    0.212354   0.0445139   0.0445135   0.0445138   0.0445135   0.0445135   0.0445138    0.209987 2.82904e-06 1.12365e-06 2.59034e-06   0.0445135 1.03793e-06 3.27369e-06    0.209987 2.54497e-06 8.40383e-07 2.30641e-06   0.0445135 1.03793e-06 2.99163e-06    0.209987 4.78913e-06 3.07665e-06 2.61474e-06   0.0445138 3.27369e-06 2.99163e-06
