8	12	12	1
 0  0  6  0  0  0  0  0  1  0  3 12
 0  0  0  0  0  0  0  0  1 10  0  0
 0  0  6  0  0  0  0  0  1  0  3  0
 0  0  0  0  8  0  0  0  1  0  0  0
 0  0  0  0  0  4 11  2  1  0  3  0
 5  0  0  0  0  4  0  2  1  0  0  0
 0  0  0  7  0  0  0  2  1  0  3  0
 5  9  0  7  0  0  0  2  1  0  0  0
0.6	1	0.6	0.8	0.3	0.7	0.7	0.1	0.1	0.1	0.6	0.1	
0.578	0.391	0.31	0.749	0.031	0.603	0.029	0.321	
------target--------
3
------result--------
1	
------details--------
0.770045 0.636229 0.771003 0.635919 0.636265 0.635697 0.636261 0.635306
0.159492 0.638156        0 0.637861 0.638193 0.637721 0.638185 0.637515
   0.138287 2.88742e-07           0 1.28553e-06 1.45886e-07 1.85345e-06 1.60581e-07 2.61022e-06
------result2--------
1	3	
------details2--------
0.770098 0.770045 0.770173  0.77004 0.770002 0.770035 0.769936 0.770098 0.771058 0.635846 0.636193 0.635624 0.636189 0.635232        0 0.771058 0.771141 0.770998 0.770971 0.770994 0.770911 0.770173 0.635846 0.771141 0.635883 0.635311  0.63588 0.634917  0.77004 0.636193 0.770998 0.635883 0.635661 0.636225  0.63527 0.770002 0.635624 0.770971 0.635311 0.635661 0.635656        0 0.770035 0.636189 0.770994  0.63588 0.636225 0.635656        0 0.769936 0.635232 0.770911 0.634917  0.63527 0.635306 0.635306
0.768702        0 0.769523 0.770312 0.770145 0.770517 0.770177 0.159832        0 0.637791 0.638122  0.63765 0.638115 0.637444 0.771003 0.769599 0.770439 0.771238 0.771077 0.771448 0.771114 0.160252 0.637792        0 0.637817 0.637344 0.637809 0.637137 0.159515 0.638121        0 0.637825 0.637686  0.63815 0.637479 0.159977 0.637568        0 0.637265 0.637595 0.637609 0.635697 0.159509 0.638118        0 0.637822 0.638154 0.637683 0.636261  0.16023 0.637185        0 0.636878 0.637208        0        0
0.159832 0.787872 0.160252 0.159515 0.159977 0.159509  0.16023 0.768702 0.769599 0.637792 0.638121 0.637568 0.638118 0.637185        0        0        0        0        0        0        0 0.769523 0.637791 0.770439 0.637825 0.637265 0.637822 0.636878 0.770312 0.638122 0.771238 0.637817 0.637595 0.638154 0.637208 0.770145  0.63765 0.771077 0.637344 0.637686 0.637683        0 0.770517 0.638115 0.771448 0.637809  0.63815 0.637609        0 0.770177 0.637444 0.771114 0.637137 0.637479 0.637111 0.637483
0.150401        0 0.156307 0.158294 0.158332 0.158668 0.158575 0.150401        0 0.639727 0.640053 0.639585 0.640045 0.639381        0        0        0        0        0        0        0 0.156307 0.639727        0 0.639762 0.639291 0.639754 0.639086 0.158294 0.640053        0 0.639762 0.639621 0.640084 0.639416 0.158332 0.639585        0 0.639291 0.639621 0.639628 0.637721 0.158668 0.640045        0 0.639754 0.640084 0.639628 0.638185 0.158575 0.639381        0 0.639086 0.639416 0.637721 0.638185
    0.13829    0.211499           0    0.138287    0.138288    0.138287    0.138288     0.13829    0.211461 1.57933e-06 4.34909e-07 2.14627e-06 4.49581e-07 2.90446e-06     0.21146    0.211461    0.211461     0.21146     0.21146     0.21146     0.21146    0.138289 1.57933e-06    0.211461 1.43242e-06 3.15312e-06 1.44707e-06 3.91485e-06    0.138287 4.34909e-07     0.21146 1.43242e-06 2.00041e-06 3.06545e-07 2.75758e-06    0.138288 2.14627e-06     0.21146 3.15312e-06 2.00041e-06 2.01843e-06 1.85345e-06    0.138287 4.49581e-07     0.21146 1.44707e-06 3.06545e-07 2.01843e-06 1.60581e-07    0.138288 2.90446e-06     0.21146 3.91485e-06 2.75758e-06 2.69134e-06  2.6311e-06
