8	12	12	1
 0  0  0  0  5  0  1  2  0  9  0  0
 0  0  0  0  0  0  1  2  0  9  0  0
 7  0  0  4  5  0  1  2  0  0  0  0
 7  0  0  0  0  0  1  2  0  0  0  0
 0  8  0  0  0  0  1  0  0  0  0  3
 0  8 10  0  0  0  1  0  0  0 11  3
 0  0  0  4  0  6  1  0 12  0  0  3
 0  0 10  0  0  6  1  0  0  0  0  3
0.6	0.4	0.2	0.3	0.9	0.6	0.1	1	0.5	0.8	0.9	0.4	
0.661	0.897	0.148	0.056	0.456	0.604	0.651	0.903	
------target--------
3
------result--------
4	
------details--------
0.807335 0.807335 0.874073 0.874073 0.808089 0.807592 0.807972  0.80809
0.808735 0.808735 0.237032 0.237032 0.809231 0.808915 0.809159 0.809244
1.38386e-06 1.38386e-06           0   0.0926735 5.93699e-07 1.40828e-06 8.79469e-07 5.98179e-07
------result2--------
8	3	
------details2--------
       0 0.873925 0.873925 0.807136 0.806628 0.807017 0.807135        0 0.873925 0.873925 0.807136 0.806628 0.807017 0.807135 0.873925 0.873925        0 0.874093 0.874147 0.874083 0.874159 0.873925 0.873925        0 0.874093 0.874147 0.874083 0.874159 0.807136 0.807136 0.874093 0.874093        0 0.807776 0.807892 0.806628 0.806628 0.874147 0.874147 0.807592 0.807274 0.807592 0.807017 0.807017 0.874083 0.874083 0.807776 0.807274 0.807776 0.807135 0.807135 0.874159 0.874159 0.807892        0 0.807776
0.807335  0.23687  0.23687 0.808293 0.807971 0.808218  0.80831 0.807335  0.23687  0.23687 0.808293 0.807971 0.808218  0.80831 0.874144 0.874144 0.874073 0.873977 0.874005 0.874044 0.873643 0.874144 0.874144 0.874073 0.873977 0.874005 0.874044 0.873643 0.808542 0.808542 0.237001 0.237001 0.808089 0.808968 0.809057 0.808047 0.808047 0.236916 0.236916        0 0.808477        0 0.808425 0.808425 0.236982 0.236982 0.808925 0.808606 0.808939 0.808544 0.808544 0.236999 0.236999 0.809045  0.80809  0.80897
       0 0.874144 0.874144 0.808542 0.808047 0.808425 0.808544        0 0.874144 0.874144 0.808542 0.808047 0.808425 0.808544  0.23687  0.23687        0 0.237001 0.236916 0.236982 0.236999  0.23687  0.23687        0 0.237001 0.236916 0.236982 0.236999 0.808293 0.808293 0.873977 0.873977        0 0.808925 0.809045 0.807971 0.807971 0.874005 0.874005 0.808763 0.808606  0.80876 0.808218 0.808218 0.874044 0.874044 0.808968 0.808477  0.80897  0.80831  0.80831 0.873643 0.873643 0.809057        0 0.808939
0.808735  0.23711  0.23711 0.809688 0.809372 0.809616 0.809701 0.808735  0.23711  0.23711 0.809688 0.809372 0.809616 0.809701  0.23711  0.23711 0.237032 0.237184  0.23714 0.237174 0.237197  0.23711  0.23711 0.237032 0.237184  0.23714 0.237174 0.237197 0.809688 0.809688 0.237184 0.237184 0.809231 0.810112  0.81021 0.809372 0.809372  0.23714  0.23714 0.809231 0.809797 0.809244 0.809616 0.809616 0.237174 0.237174 0.810112 0.809797 0.810126 0.809701 0.809701 0.237197 0.237197  0.81021 0.809244 0.810126
1.38386e-06   0.0926735           0 1.98496e-06 2.80987e-06 2.27366e-06 1.99173e-06 1.38386e-06   0.0926735   0.0926735 1.98496e-06 2.80987e-06 2.27366e-06 1.99173e-06   0.0926735   0.0926735   0.0926735   0.0926735   0.0926735   0.0926735   0.0926736   0.0926735   0.0926735   0.0926735   0.0926735   0.0926735   0.0926735   0.0926736 1.98496e-06 1.98496e-06   0.0926735   0.0926735 5.93699e-07 1.47893e-06 1.20316e-06 2.80987e-06 2.80987e-06   0.0926735   0.0926735 1.48952e-06 2.30167e-06 1.49419e-06 2.27366e-06 2.27366e-06   0.0926735   0.0926735 1.47893e-06 2.30167e-06 1.48543e-06 1.99173e-06 1.99173e-06   0.0926736   0.0926736 1.20316e-06 5.98179e-07 1.48543e-06
