8	12	12	1
 0  0  0  1  4  0  0 11  7  0  0  0
 0  0  0  1  4  5  0  0  0  0  0  0
 3  0  0  1  0  0  0  0  7  0  8  0
 3  0  0  1  0  5  0  0  0  0  8  0
 0  0  2  1  4  0  0  0  0  0  0  0
 0 12  2  1  4  5  0  0  0  0  0  9
 3  0  2  1  0  0  6  0  0  0  0  0
 3  0  2  1  0  5  6  0  0 10  0  9
0.1	0.2	0.4	0.9	0.8	0.1	0.1	0.9	0.1	0.9	0.1	0.2	
0.519	0.937	0.592	0.308	0.966	0.309	0.675	0.481	
------target--------
5
------result--------
2	
------details--------
 0.621446  0.647145  0.249466  0.235007  0.650144  0.644284  0.249118  0.236764
 0.109368 0.0349101   0.24707  0.358165         0 0.0525663  0.251499  0.272976
   0.129417     0.23583 1.15333e-06  0.00387257           0    0.207628 9.03774e-07 0.000784834
------result2--------
1	5	
------details2--------
 0.617962  0.621842   0.61828  0.621446  0.614702  0.621618  0.620479  0.617962  0.647458         0  0.647145         0  0.647308         0  0.621842  0.647458         0  0.650521  0.644594  0.249315  0.236665   0.61828  0.647458         0  0.647458  0.644594  0.234761  0.236665         0         0  0.650521  0.647458         0   0.65032  0.649494  0.614702  0.644284  0.644594  0.644594  0.644284  0.644441  0.646654  0.621618  0.647308  0.249315  0.234761   0.65032  0.644441         0  0.620479  0.649494  0.236665  0.236665  0.649494  0.646654  0.236764
 0.658212  0.617032  0.637667         0  0.665672  0.618989  0.623032  0.719559  0.643704  0.647145         0  0.647145  0.644818  0.647145  0.109583  0.035622  0.249466         0  0.053308  0.251659  0.273598  0.101371         0  0.235007         0 0.0197275  0.238573  0.231507  0.650144  0.650144  0.645891  0.663939  0.650144  0.647599  0.651214  0.717813         0  0.640894  0.640894         0  0.642054  0.639219  0.109365 0.0350894   0.24692  0.357996         0 0.0527783  0.249118  0.102442         0  0.237856  0.237856         0 0.0199437         0
 0.719559  0.109583  0.101371  0.721287  0.717813  0.109365  0.102442  0.658212  0.035622         0   0.68169         0 0.0350894         0  0.617032  0.643704         0  0.645891  0.640894   0.24692  0.237856  0.637667  0.643704  0.625002  0.663939  0.640894  0.357996  0.237856         0         0         0         0         0         0         0  0.665672  0.700872  0.053308 0.0197275   0.68835 0.0527783 0.0199437  0.618989  0.644818  0.251659  0.238573  0.647599  0.642054         0  0.623032  0.642117  0.273598  0.231507  0.651214  0.639219  0.277849
0.0113723   0.10695  0.183008         0 0.0174663  0.109419  0.123252 0.0113723 0.0268221  0.261924         0 0.0349101  0.032247 0.0970075   0.10695 0.0268221   0.24707         0 0.0441314  0.249507  0.265668  0.183008  0.261924   0.24707         0  0.268831  0.360884  0.465767         0         0         0         0         0         0         0 0.0174663 0.0349101 0.0441314  0.268831         0  0.049416  0.110908  0.109419  0.032247  0.249507  0.360884         0  0.049416  0.251499  0.123252 0.0970075  0.265668  0.465767         0  0.110908  0.251499
    0.28174     0.12942    0.131355     0.31509           0    0.129417     0.12977     0.28174     0.23589    0.284421    0.313411     0.23583    0.235835    0.259753     0.12942     0.23589 1.15333e-06    0.313331    0.207673 2.04381e-06 0.000789006    0.131355    0.284422   0.0111849    0.313361    0.237719  0.00387484  0.00720973     0.31333     0.31333    0.313331    0.313361     0.31333     0.31333     0.31333     0.26816     0.23595    0.207673    0.237719    0.313521    0.207633    0.219863    0.129417    0.235835 2.04381e-06  0.00387484     0.31333    0.207633 9.03774e-07     0.12977    0.259762 0.000789006  0.00720973     0.31333    0.219863 0.000877113
