8	12	12	1
 3  0  8  0  0  0  2  1  0 12  4  0
 3  7  0  0  0  0  0  1  0  0  4  0
 0  0  0  0  0  6  2  1  0  0  4  5
 0  0  0  0  0  6  0  1  0  0  4  5
 3  0  8  0 10  0  2  1  0  0  0  0
 3  7  0  9 10  0  0  1  0  0  0  0
 0  0  0  0  0  0  2  1  0  0  0  5
 0  0  0  9  0  0  0  1 11  0  0  5
0.8	1	0.3	0.2	0.7	0.7	0.9	0.3	1	1	0.8	0.4	
0.402	0.881	0.505	0.49	0.067	0.396	0.266	0.268	
------target--------
6
------result--------
5	
------details--------
0.561353 0.558177 0.560726 0.560726 0.641976 0.690823 0.561748 0.561361
0.563705 0.565142 0.563176 0.563176 0.150512 0.492995 0.563879 0.563667
2.22136e-06 2.44098e-05 3.04357e-06 3.04357e-06   0.0703856           0 9.33893e-07 2.14598e-06
------result2--------
2	5	
------details2--------
0.557528 0.560081 0.560081 0.641442  0.69052 0.561108 0.560719 0.557528 0.556891 0.556891 0.690823        0 0.557929 0.557536 0.560081 0.556891        0 0.641088 0.690604 0.560726  0.56035 0.560081 0.556891        0 0.641088 0.690604 0.560726  0.56035 0.641442 0.690823 0.641088 0.641088        0 0.641816 0.641501  0.69052 0.690823 0.690604 0.690604        0 0.690804 0.690639 0.561108 0.557929        0        0 0.641816 0.690804        0 0.560719 0.557536  0.56035  0.56035 0.641501 0.690639 0.561361
0.564501 0.562539 0.562539 0.150505 0.492495 0.563246 0.563032 0.559905 0.559369 0.559369 0.111679 0.558177 0.560082 0.559867 0.562444 0.563864 0.560726  0.15051  0.49197        0 0.562457 0.562444 0.563864 0.560726  0.15051  0.49197        0 0.562457 0.643409   0.6071 0.642806 0.642806 0.641976 0.643214 0.643238 0.691627        0 0.691026 0.691026 0.690823 0.690973 0.691306 0.563463 0.564896 0.561748 0.561748 0.150513 0.492796 0.561748 0.563078 0.564507  0.56258  0.56258 0.150509 0.492491        0
0.559905 0.562444 0.562444 0.643409 0.691627 0.563463 0.563078 0.564501 0.563864 0.563864   0.6071        0 0.564896 0.564507 0.562539 0.559369        0 0.642806 0.691026 0.562976  0.56258 0.562539 0.559369        0 0.642806 0.691026 0.562976  0.56258 0.150505 0.111679  0.15051  0.15051        0 0.150513 0.150509 0.492495 0.111679  0.49197  0.49197   0.6071 0.492796 0.492491 0.563246 0.560082        0        0 0.643214 0.690973        0 0.563032 0.559867 0.562457 0.562457 0.643238 0.691306 0.563515
0.566876   0.5649   0.5649  0.15053 0.494345 0.565603 0.565392 0.566876 0.566348 0.566348 0.218552 0.565142 0.567063 0.566843   0.5649 0.566348 0.563176 0.150514 0.493962 0.563879 0.564226   0.5649 0.566348 0.563176 0.150514 0.493962 0.563879 0.564226  0.15053 0.218552 0.150514 0.150514 0.150512 0.150506  0.15052 0.494345 0.565142 0.493962 0.493962 0.150512 0.494549 0.494344 0.565603 0.567063 0.563879 0.563879 0.150506 0.494549 0.563879 0.565392 0.566843 0.564226 0.564226  0.15052 0.494344 0.563879
2.66778e-05 5.28485e-06 5.28485e-06    0.070387   0.0184147           0  4.3803e-06 2.66778e-05 2.75319e-05 2.75319e-05   0.0751359 2.44098e-05 2.53693e-05 2.66072e-05 5.28485e-06 2.75319e-05 3.04357e-06   0.0703869   0.0184149 3.19116e-06  4.3401e-06 5.28485e-06 2.75319e-05 3.04357e-06   0.0703869   0.0184149 3.19116e-06  4.3401e-06    0.070387   0.0751359   0.0703869   0.0703869   0.0703856   0.0703859   0.0703867   0.0184147   0.0585638   0.0184149   0.0184149   0.0735123    0.018414   0.0184146 3.16176e-06 2.53693e-05 9.33893e-07 9.33893e-07   0.0703859    0.018414 9.33893e-07  4.3803e-06 2.66072e-05  4.3401e-06  4.3401e-06   0.0703867   0.0184146 2.16388e-06
