8	12	12	1
 0  0  0  0  0  2 11  6  0  0  0  0
 1  0  0  0  0  0  0  0  0  0  0  0
 0  0  0  9  0  2  0  6  0  0  0  0
 1  0  5  0  0  0  0  0  0  0  0 12
 0  0  0  0  0  2  0  0  0  8  3  0
 1  0  0  0  0  0  0  0  7  8  3  0
 0 10  0  9  4  2  0  0  0  0  3  0
 1  0  5  0  4  0  0  0  7  0  3  0
0.8	0.4	0.8	0.6	0.7	0.1	1	0.6	0.9	1	0.4	0.2	
0.246	0.855	0.664	0.353	0.341	0.399	0.991	0.108	
------target--------
2
------result--------
4	
------details--------
   0.2893  0.587004  0.288817  0.583487  0.257768  0.562226  0.288189   0.58057
 0.291827         0  0.291399 0.0358297  0.343448  0.193871  0.291029 0.0428873
2.21109e-06           0 3.71161e-06    0.204203  0.00412309   0.0597439 4.86229e-06    0.193932
------result2--------
6	2	
------details2--------
  0.586828   0.288379   0.583297     0.2573   0.561999   0.287748    0.58038   0.586828   0.586821          0    0.57073          0   0.587211          0   0.288379   0.586821   0.583269   0.256763   0.561936          0   0.580358   0.583297   0.583487   0.583269    0.56693   0.558308   0.583624   0.576962     0.2573    0.57073   0.256763    0.56693          0   0.256029   0.562226   0.561999   0.562226   0.561936   0.558308          0    0.56226   0.562226   0.287748   0.587211   0.288189   0.583624   0.256029    0.56226   0.580731    0.58038    0.58057   0.580358   0.576962   0.562226          0   0.580731
         0   0.290964  0.0358473   0.342965   0.193665   0.290593  0.0428548   0.587843   0.587332   0.587004   0.608897   0.587004   0.586833   0.587004   0.290909          0  0.0359141   0.342429   0.193456   0.288817  0.0428259   0.584393          0   0.583877   0.605763   0.611583   0.583374   0.670509   0.260003          0   0.259576  0.0299632   0.257768   0.259211  0.0416508     0.5633          0   0.562743   0.623061   0.562226   0.562198          0   0.290282          0          0  0.0361145   0.341734   0.193222  0.0428026   0.581474          0    0.58095   0.636523   0.604579    0.58057   0.580437
  0.587843   0.290909   0.584393   0.260003     0.5633   0.290282   0.581474          0          0          0          0          0          0          0   0.290964   0.587332   0.583877   0.259576   0.562743          0    0.58095  0.0358473   0.641424  0.0359141  0.0299632   0.623061  0.0361145   0.636523   0.342965   0.608897   0.342429   0.605763          0   0.341734   0.604579   0.193665    0.61464   0.193456   0.611583  0.0416508   0.193222   0.604579   0.290593   0.586833   0.290332   0.583374   0.259211   0.562198   0.580437  0.0428548   0.672652  0.0428259   0.670509  0.0416508          0  0.0428026
         0   0.293508  0.0357445   0.345782   0.194865   0.293138  0.0430446          0          0          0          0          0          0          0   0.293508          0  0.0356756   0.345306   0.194628   0.291399  0.0429994  0.0357445          0  0.0356756  0.0478986  0.0180683   0.035589 0.00297651   0.345782          0   0.345306  0.0478986   0.343448   0.344896  0.0454887   0.194865          0   0.194628  0.0180683   0.343448   0.194418  0.0428873   0.293138          0   0.291399   0.035589   0.344896   0.194418  0.0429588  0.0430446          0  0.0429994 0.00297651  0.0454887  0.0428873  0.0429588
   0.267299           0    0.204203  0.00412573   0.0597445 7.09611e-06    0.193933    0.267299    0.267299    0.267299    0.267662    0.267299    0.267299    0.267299 5.93748e-06    0.267299    0.204203  0.00412763   0.0597447 3.71161e-06    0.193932    0.204203    0.267497    0.204203    0.205081    0.230215    0.204204    0.259058  0.00412573    0.267662  0.00412763    0.205081  0.00412309  0.00412925    0.194369   0.0597445    0.267997   0.0597447    0.230215    0.120036   0.0597448    0.194348 7.09611e-06    0.267299 5.20313e-06    0.204204  0.00412925   0.0597448    0.193932    0.193933    0.267874    0.193932    0.259058    0.194369    0.193932    0.193932
