8	12	12	1
 1  0  0  0  0  0  0  0  7  0  0  0
 1  2  0  4 12  0  0  0  7  0  0  0
 1  0  9  0  0  0  5  0  0  0  0  0
 1  2  9  0  0 10  0  0  0  0  0  0
 1  0  0  0  0  0  0  6  0  0 11  3
 1  2  0  4  0  0  0  6  0  0  0  3
 1  0  0  0  0  0  5  0  0  8  0  3
 1  2  0  0  0  0  0  0  0  8  0  3
0.1	0.6	0.4	0.6	1	0.9	1	0.9	0.6	0.1	1	1	
0.192	0.582	0.801	0.937	0.05	0.739	0.313	0.505	
------target--------
8
------result--------
7	
------details--------
0.481989 0.481076 0.481557 0.480536 0.481025  0.48109 0.505965 0.505965
0.484352 0.483792 0.483917 0.483295 0.483742 0.483773 0.193603 0.193603
1.08079e-06 3.62009e-06 2.30401e-06 3.59288e-06  3.6563e-06 3.53411e-06   0.0147549           0
------result2--------
8	5	
------details2--------
       0 0.481298 0.480276 0.480767 0.480831 0.505766 0.505766 0.481076 0.480379 0.479351 0.479847 0.479912 0.505015 0.505015 0.481298 0.480379        0 0.480328 0.480394 0.505527 0.505527 0.480276 0.479351 0.480536   0.4793 0.479365 0.504783 0.504783 0.480767 0.479847 0.480328   0.4793 0.481025 0.504966 0.504966 0.480831 0.479912 0.480394 0.479365        0 0.505016 0.505016 0.505766 0.505015 0.505527 0.504783 0.504966 0.505016        0 0.505766 0.505015 0.505527 0.504783 0.504966 0.505016        0
0.481989 0.483662 0.483039 0.483487 0.483518 0.193524 0.193524        0 0.482755 0.482127 0.482575 0.482606  0.19323  0.19323 0.483671 0.483106 0.481557 0.483056 0.483087 0.193417 0.193417 0.482654 0.482086        0 0.482035 0.482067 0.193112 0.193112  0.48314 0.482574 0.482704 0.482076        0 0.193211 0.193211 0.483204 0.482639 0.482768 0.482141  0.48109 0.193231 0.193231 0.507596  0.50722 0.507025 0.506689 0.507189 0.507219 0.505965 0.507596  0.50722 0.507025 0.506689 0.507189 0.507219 0.505965
       0 0.483671 0.482654  0.48314 0.483204 0.507596 0.507596 0.483603 0.483106 0.482086 0.482574 0.482639  0.50722  0.50722 0.483662 0.482755        0 0.482704 0.482768 0.507025 0.507025 0.483039 0.482127 0.482742 0.482076 0.482141 0.506689 0.506689 0.483487 0.482575 0.483056 0.482035  0.48302 0.507189 0.507189 0.483518 0.482606 0.483087 0.482067        0 0.507219 0.507219 0.193524  0.19323 0.193417 0.193112 0.193211 0.193231        0 0.193524  0.19323 0.193417 0.193112 0.193211 0.193231        0
0.484352 0.486037 0.485415 0.485862 0.485893 0.194267 0.194267 0.484352 0.485477 0.484853 0.485301 0.485332 0.194109 0.194109 0.486037 0.485477 0.483917 0.485427 0.485457 0.194073 0.194073 0.485415 0.484853 0.483917 0.484803 0.484834 0.193916 0.193916 0.485862 0.485301 0.485427 0.484803 0.483773 0.194096 0.194096 0.485893 0.485332 0.485457 0.484834 0.483773 0.194107 0.194107 0.194267 0.194109 0.194073 0.193916 0.194096 0.194107 0.193603 0.194267 0.194109 0.194073 0.193916 0.194096 0.194107 0.193603
1.08079e-06 3.39356e-06  4.6859e-06 4.74691e-06 4.62432e-06   0.0147556   0.0147556           0 5.95008e-06  7.2495e-06 7.30636e-06 7.18297e-06   0.0147572   0.0147572 3.39356e-06 5.95008e-06 2.30401e-06 5.98602e-06 5.86274e-06   0.0147558   0.0147558  4.6859e-06  7.2495e-06 4.01939e-06 7.28537e-06 7.16168e-06   0.0147566   0.0147566 4.74691e-06 7.30636e-06 5.98602e-06 7.28537e-06 3.67639e-06   0.0147573   0.0147573 4.62432e-06 7.18297e-06 5.86274e-06 7.16168e-06 3.53411e-06   0.0147572   0.0147572   0.0147556   0.0147572   0.0147558   0.0147566   0.0147573   0.0147572   0.0147549   0.0147556   0.0147572   0.0147558   0.0147566   0.0147573   0.0147572   0.0147549
