8	12	12	1
 0  0  0  1  0  0  0  0  0  0  0  0
 0  0  0  1  0  0  0  2  9  0  0  0
 0  0  0  1  0  0  0  0  0  0  0  0
 0  0  0  1 11  0  0  2  0  0  0  0
 0  0  0  0  0  0  5  0  0 10  3  0
 8  0  0  0  0  4  5  2  0  0  3  0
 0  0  7  0  0  0  0  0  0  0  3  6
 0 12  0  0  0  4  0  2  0  0  3  6
0.3	0.7	1	0.4	0.4	0.3	0.5	0.8	0.7	0.2	0.2	0.4	
0.465	0.318	0.62	0.333	0.973	0.721	0.378	0.746	
------target--------
1
------result--------
3	
------details--------
0.611112 0.602174 0.611112  0.60584 0.512027 0.511988 0.511792 0.511501
0.343697 0.407569 0.343697 0.389705 0.514336   0.5143 0.514267 0.513984
          0   0.0189465   0.0337397   0.0231116 1.51387e-06 1.62944e-06 2.32326e-06 2.87716e-06
------result2--------
2	1	
------details2--------
       0        0        0 0.611221 0.611128 0.610731 0.610715 0.602174 0.602174 0.596723 0.602256 0.602157 0.601757 0.601716        0        0        0 0.611221 0.611128 0.610731 0.610715  0.60584 0.596723  0.60584 0.605923 0.605827 0.605432 0.605395 0.611221 0.602256 0.611221 0.605923 0.511588 0.511394   0.5111 0.611128 0.602157 0.611128 0.605827 0.511588 0.511356 0.511062 0.610731 0.601757 0.610731 0.605432 0.511394 0.511356 0.510867 0.610715 0.601716 0.610715 0.605395   0.5111 0.511062 0.510867
0.611112 0.611112 0.611112 0.610594 0.611047 0.612223 0.611782        0        0 0.651628 0.601784 0.602245 0.603386 0.602942 0.611112 0.611112 0.611112 0.610594 0.611047 0.612223 0.611782        0 0.659487        0 0.605441 0.605893 0.607026 0.606587 0.343523 0.407313 0.343523  0.38954 0.513916 0.513875 0.513593 0.343512 0.407302 0.343512  0.38952 0.513915 0.513836 0.513554 0.343398 0.407178 0.343398 0.389369 0.513713 0.513676 0.513356  0.34328 0.407007  0.34328 0.389247 0.513429  0.51339  0.51335
       0        0        0 0.343523 0.343512 0.343398  0.34328 0.663377 0.663377 0.659487 0.407313 0.407302 0.407178 0.407007        0        0        0 0.343523 0.343512 0.343398  0.34328 0.658507 0.651628 0.658507  0.38954  0.38952 0.389369 0.389247 0.610594 0.601784 0.610594 0.605441 0.513915 0.513713 0.513429 0.611047 0.602245 0.611047 0.605893 0.513916 0.513676  0.51339 0.612223 0.603386 0.612223 0.607026 0.513875 0.513836  0.51335 0.611782 0.602942 0.611782 0.606587 0.513593 0.513554 0.513356
0.343697 0.343697 0.343697  0.34456 0.344515 0.344583 0.344415 0.343697 0.343697 0.352714 0.408841 0.408752 0.408727 0.408536 0.343697 0.343697 0.343697  0.34456 0.344515 0.344583 0.344415 0.343697 0.352714 0.343697 0.390523 0.390525   0.3907 0.390492  0.34456 0.408841  0.34456 0.390523 0.516235 0.516195 0.515913 0.344515 0.408752 0.344515 0.390525 0.516235 0.516158 0.515876 0.344583 0.408727 0.344583   0.3907 0.516195 0.516158  0.51584 0.344415 0.408536 0.344415 0.390492 0.515913 0.515876  0.51584
          0   0.0337397   0.0337397   0.0337399   0.0337398   0.0337405   0.0337403   0.0343695   0.0343695   0.0322758   0.0189469   0.0189468   0.0189475   0.0189474   0.0337397   0.0337397   0.0337397   0.0337399   0.0337398   0.0337405   0.0337403   0.0340764   0.0322758   0.0340764   0.0231117   0.0231117   0.0231125   0.0231123   0.0337399   0.0189469   0.0337399   0.0231117 3.16398e-06 3.84992e-06 4.41218e-06   0.0337398   0.0189468   0.0337398   0.0231117 3.16398e-06 3.96528e-06 4.52682e-06   0.0337405   0.0189475   0.0337405   0.0231125 3.84992e-06 3.96528e-06 5.21711e-06   0.0337403   0.0189474   0.0337403   0.0231123 4.41218e-06 4.52682e-06 5.21711e-06
