8	12	12	1
 1 11  0  0  0  0  0  0  7  0  3 10
 0  0  0  0  0  0  0  0  7  0  3  0
 1  0  0  0  0  4  0  0  0  0  3 10
 0  0  0  0  0  4  0  6  0  0  3  0
 1  0  0  0  9  0  0  0  0  2  0  0
 0  0  8 12  0  0  0  0  0  2  0  0
 1  0  0  0  9  0  5  0  0  2  0  0
 0  0  8  0  0  0  5  6  0  2  0  0
0.7	0.1	0.9	0.6	0.6	0.4	0.5	0.6	0.6	0.1	0.8	0.6	
0.003	0.931	0.04	0.162	0.646	0.301	0.387	0.872	
------target--------
5
------result--------
7	
------details--------
0.389272 0.389326 0.390339 0.390158 0.545012 0.388889 0.545012 0.388752
0.391951 0.391958 0.392803 0.392581 0.192597 0.391617 0.192597 0.391733
 3.6663e-06 3.50574e-06 2.64431e-07 1.07153e-06           0 3.86823e-06   0.0671975 4.62163e-06
------result2--------
8	5	
------details2--------
0.389272 0.389272 0.389037 0.544756 0.387758 0.544756 0.387619        0 0.389273  0.38909 0.544772 0.387812 0.544772 0.387673        0 0.389273 0.390106 0.544996 0.388836 0.544996 0.388699 0.389037  0.38909 0.390106 0.544923 0.388472 0.544923        0 0.544756 0.544772 0.544996 0.544923 0.544373        0 0.544206 0.387758 0.387812 0.388836 0.388472 0.544373 0.544373 0.388472 0.544756 0.544772 0.544996 0.544923        0 0.544373 0.544206 0.387619 0.387673 0.388699 0.388752 0.544206        0 0.544206
       0        0 0.391469 0.192236 0.390498 0.192236 0.390614 0.389326 0.391747 0.391523 0.192253 0.390552 0.192253 0.390668 0.390339 0.391906 0.392529  0.19258 0.391565  0.19258 0.391681 0.391719 0.391725 0.392572 0.192521 0.391437 0.192521 0.390158 0.545364 0.545361  0.54573  0.54584 0.545529 0.545012 0.545666  0.39045 0.390457 0.391307 0.391624 0.192094 0.192094 0.391624 0.545364 0.545361  0.54573  0.54584 0.545012 0.545529 0.545666 0.390314 0.390321 0.391173        0 0.192045 0.388752 0.192045
0.391745 0.391905 0.391719 0.545364  0.39045 0.545364 0.390314        0 0.391906 0.391725 0.545361 0.390457 0.545361 0.390321        0 0.391747 0.392572  0.54573 0.391307  0.54573 0.391173 0.391469 0.391523 0.392529  0.54584 0.391624  0.54584        0 0.192236 0.192253  0.19258 0.192521 0.192094        0 0.192045 0.390498 0.390552 0.391565 0.391437 0.545529 0.545529 0.390565 0.192236 0.192253  0.19258 0.192521        0 0.192094 0.192045 0.390614 0.390668 0.391681 0.391553 0.545666 0.391624 0.545666
0.391958 0.392803 0.394157 0.193106  0.39319 0.193106 0.393306 0.391958 0.394386 0.394163 0.193109 0.393197 0.193109 0.393313 0.392803 0.394386 0.395008 0.193381 0.394045 0.193381  0.39416 0.394157 0.394163 0.395008 0.193318 0.394136 0.193318 0.392581 0.193106 0.193109 0.193381 0.193318 0.193012 0.192597 0.193054  0.39319 0.393197 0.394045 0.394136 0.193012 0.193012 0.391746 0.193106 0.193109 0.193381 0.193318 0.192597 0.193012 0.193054 0.393306 0.393313  0.39416 0.392581 0.193054 0.391746 0.193054
3.66749e-06  3.7003e-06 4.74825e-06   0.0671979           0   0.0671979 8.32835e-06 3.50574e-06 3.77289e-06 4.58725e-06   0.0671979 7.40847e-06   0.0671979 8.16609e-06 2.64431e-07 3.77289e-06 1.33667e-06   0.0671976 4.13513e-06   0.0671976 4.88885e-06 4.74825e-06 4.58725e-06 1.33667e-06   0.0671977 5.46969e-06   0.0671977 1.07153e-06   0.0671979   0.0671979   0.0671976   0.0671977   0.0671982   0.0671975   0.0671985 7.57054e-06 7.40847e-06 4.13513e-06 5.46969e-06   0.0671982   0.0671982 5.10424e-06   0.0671979   0.0671979   0.0671976   0.0671977   0.0671975   0.0671982   0.0671985 8.32835e-06 8.16609e-06 4.88885e-06 4.79761e-06   0.0671985 4.62328e-06   0.0671985
