8	12	12	1
 0  5  0  0  2  0  0  0  0  4  0  9
 0  0  0  8  0  0  0  0  0  4  0  9
 0  0  0  0  2  0  3  0  0  4  0  0
 6  0  0  0  0  0  3 10  0  4  0  0
 0  5  1  0  2  0  0  0  7  0  0  0
 0  0  1  8  0  0  0  0  0  0 11  0
 0  0  1  0  2  0  3  0  7  0  0  0
 6  0  1  0  0 12  3  0  0  0  0  0
1	1	0.2	1	1	0.1	0.6	0.1	0.8	0.7	0.6	0.7	
0.769	0.02	0.217	0.453	0.35	0.526	0.544	0.499	
------target--------
1
------result--------
2	
------details--------
0.517885 0.517885 0.324508 0.324402 0.324997 0.325649 0.324997 0.326171
0.117919 0.117919  0.33585 0.334185 0.327763 0.328199 0.327763 0.328627
          0   0.0969724 3.85263e-05 3.37476e-05  4.3313e-06 2.77349e-06  4.3313e-06 6.17318e-07
------result2--------
1	3	
------details2--------
        0  0.517885  0.517901  0.517461  0.517789  0.517461  0.517998         0  0.517885  0.517901  0.517461  0.517789  0.517461  0.517998         0         0         0  0.323214  0.323868  0.323214  0.324392  0.517901  0.517901  0.324402  0.323106   0.32376  0.323106  0.324285  0.517461  0.517461  0.323214  0.323106  0.324352         0  0.324878  0.517789  0.517789  0.323868   0.32376  0.324352  0.324352  0.325531  0.517461  0.517461  0.323214  0.323106         0  0.324352  0.324878  0.517998  0.517998  0.324392  0.324285  0.324878  0.325531  0.324878
 0.517885         0  0.517536  0.518367  0.518172  0.518367  0.515661  0.517885         0  0.517536  0.518367  0.518172  0.518367  0.515661  0.324508  0.324508  0.324508  0.325987  0.326423  0.325987  0.326839 0.0118866 0.0118866         0  0.325882  0.326319  0.325882  0.326742  0.117564  0.117564  0.334522  0.332858  0.326913  0.324997  0.327359  0.117742  0.117742   0.33519  0.333525  0.327126  0.327126  0.328003  0.117564  0.117564  0.334522  0.332858  0.324997  0.326913  0.327359   0.11788   0.11788  0.335724  0.334058  0.327648  0.328085  0.327648
        0 0.0118896 0.0118866  0.117564  0.117742  0.117564   0.11788         0 0.0118896 0.0118866  0.117564  0.117742  0.117564   0.11788         0         0         0  0.334522   0.33519  0.334522  0.335724  0.517536  0.517536    0.3269  0.332858  0.333525  0.332858  0.334058  0.518367  0.518367  0.325987  0.325882  0.327126         0  0.327648  0.518172  0.518172  0.326423  0.326319  0.326913  0.326913  0.328085  0.518367  0.518367  0.325987  0.325882         0  0.327126  0.327648  0.515661  0.515661  0.326839  0.326742  0.327359  0.328003  0.327359
 0.117919   0.33585  0.310146   0.11833  0.118454   0.11833  0.118724  0.117919   0.33585  0.310146   0.11833  0.118454   0.11833  0.118724   0.33585   0.33585   0.33585   0.33739  0.337852   0.33739  0.338441  0.310146  0.310146   0.33585  0.335727  0.336192  0.335727  0.336839   0.11833   0.11833   0.33739  0.335727  0.329692  0.327763  0.330121  0.118454  0.118454  0.337852  0.336192  0.329692  0.329692  0.330558   0.11833   0.11833   0.33739  0.335727  0.327763  0.329692  0.330121  0.118724  0.118724  0.338441  0.336839  0.330121  0.330558  0.330121
          0     0.14989    0.145381    0.096973   0.0969727    0.096973   0.0969727   0.0969724     0.14989    0.145381    0.096973   0.0969727    0.096973   0.0969727 3.85263e-05 3.85263e-05 3.85263e-05 4.29257e-05 4.13482e-05 4.29257e-05 3.91606e-05    0.145381    0.145381 3.90141e-05  3.8167e-05 3.65857e-05  3.8167e-05 3.43975e-05    0.096973    0.096973 4.29257e-05  3.8167e-05 7.13295e-06  4.3313e-06 4.95907e-06   0.0969727   0.0969727 4.13482e-05 3.65857e-05 7.13295e-06 7.13295e-06 3.39883e-06    0.096973    0.096973 4.29257e-05  3.8167e-05  4.3313e-06 7.13295e-06 4.95907e-06   0.0969727   0.0969727 3.91606e-05 3.43975e-05 4.95907e-06 3.39883e-06 4.95907e-06
