8	12	12	1
 4  0  0  0 10  2  0  6  0  0  0  0
 4  1  3  0  0  0  0  0  0  0  0  0
 0  0  0 11  0  2  5  0  0  0  0  0
 0  1  0  0  0  0  5  0  0  0  0 12
 0  0  0  0  0  2  0  6  0  0  8  0
 0  1  3  0  0  0  0  0  9  7  0  0
 0  0  0  0  0  2  0  0  0  0  8  0
 0  1  0  0  0  0  0  0  0  7  0  0
0.2	0.3	0.9	0.3	0.5	1	0.2	0.8	0.2	0.7	0.7	0.6	
0.854	0.898	0.572	0.177	0.378	0.71	0.744	0.167	
------target--------
8
------result--------
6	
------details--------
 0.78614 0.786489  0.78651 0.786588 0.785983 0.883228 0.785983 0.885335
0.787478 0.787752  0.78778 0.787866 0.787397 0.450806 0.787397        0
1.29947e-06 6.68301e-07 6.18881e-07 3.99535e-07 1.49009e-06   0.0846651 1.49009e-06           0
------result2--------
6	8	
------details2--------
 0.78614 0.785943 0.786023 0.785409 0.883382 0.785409 0.885517        0 0.786294 0.786373 0.785764 0.883323 0.785764 0.885441 0.785943 0.786294 0.786394 0.785786 0.883287 0.785786 0.885404 0.786023 0.786373 0.786394 0.785866 0.883226 0.785866 0.885338 0.785409 0.785764 0.785786 0.785866 0.883196        0 0.885334 0.883382 0.883323 0.883287 0.883226 0.883196 0.883196 0.883228 0.785409 0.785764 0.785786 0.785866        0 0.883196 0.885334 0.885517 0.885441 0.885404 0.885338 0.885334        0 0.885334
       0  0.78723 0.787312 0.786838 0.452755 0.786838        0 0.786489 0.787573 0.787657 0.787186 0.451802 0.787186        0 0.787288 0.787565 0.787677 0.787206 0.451473 0.787206        0 0.787364 0.787639 0.787667 0.787283 0.450985 0.787283        0 0.786764 0.787044  0.78707 0.787154 0.451911 0.785983        0 0.883018 0.882766   0.8829 0.883251 0.883259 0.883259        0 0.786764 0.787044  0.78707 0.787154 0.785983 0.451911        0 0.885085 0.884816  0.88495 0.885307 0.885336 0.885335 0.885336
0.787294 0.787288 0.787364 0.786764 0.883018 0.786764 0.885085        0 0.787565 0.787639 0.787044 0.882766 0.787044 0.884816  0.78723 0.787573 0.787667  0.78707   0.8829  0.78707  0.88495 0.787312 0.787657 0.787677 0.787154 0.883251 0.787154 0.885307 0.786838 0.787186 0.787206 0.787283 0.883259        0 0.885336 0.452755 0.451802 0.451473 0.450985 0.451911 0.451911 0.899971 0.786838 0.787186 0.787206 0.787283        0 0.883259 0.885336        0        0        0        0        0        0        0
0.787752 0.788564 0.788648 0.788178 0.448043 0.788178        0 0.787752 0.788837 0.788921 0.788452 0.445757 0.788452        0 0.788564 0.788837 0.788948  0.78848 0.446974  0.78848        0 0.788648 0.788921 0.788948 0.788566 0.448968 0.788566        0 0.788178 0.788452  0.78848 0.788566  0.44972 0.787397        0 0.448043 0.445757 0.446974 0.448968  0.44972  0.44972        0 0.788178 0.788452  0.78848 0.788566 0.787397  0.44972        0        0        0        0        0        0        0        0
1.36291e-06 1.93042e-06 1.70407e-06 2.80819e-06   0.0846677 2.80819e-06    0.201812           0 1.29459e-06 1.07081e-06 2.16939e-06   0.0846676 2.16939e-06    0.201812 1.93042e-06 1.29459e-06 1.02088e-06 2.11803e-06   0.0846664 2.11803e-06    0.201812 1.70407e-06 1.07081e-06 1.02088e-06 1.89389e-06   0.0846653 1.89389e-06    0.201812 2.80819e-06 2.16939e-06 2.11803e-06 1.89389e-06   0.0846657 1.49009e-06    0.201812   0.0846677   0.0846676   0.0846664   0.0846653   0.0846657   0.0846657    0.201952 2.80819e-06 2.16939e-06 2.11803e-06 1.89389e-06 1.49009e-06   0.0846657    0.201812    0.201812    0.201812    0.201812    0.201812    0.201812    0.201812    0.201812
