8	12	12	1
 0  0  0  0  2  5  0  6  0  1  0  0
 3  0  4  0  2  0 10  6  0  1  0  0
 0  0  0  0  0  0  0  0  0  1  0  8
 3  0  0  0  0  0  0  0  9  1  0  0
 0 12  0  0  2  5  0  0  0  1  0  0
 3  0  4  0  2  0  0  0  0  1  0  0
 0  0  0  7  0  0  0  0  0  1  0  8
 3  0  0  7  0  0  0  0  0  1 11  0
0.5	1	0.5	0.9	0.5	0.6	0.7	0.6	0.1	0.6	0.7	0.1	
0.621	0.036	0.423	0.294	0.856	0.229	0.974	0.546	
------target--------
1
------result--------
2	
------details--------
0.573426 0.572003  0.40685 0.407095 0.405697 0.406827  0.40685  0.40642
       0 0.130761 0.409328 0.409548  0.40861 0.410169 0.409328  0.40902
          0     0.10324 1.40704e-06 3.38188e-07 4.39581e-06 2.09592e-06 1.40704e-06 2.85689e-06
------result2--------
2	1	
------details2--------
        0    0.5737  0.573485   0.57281   0.57337    0.5737  0.573266  0.572003  0.572276  0.572062  0.571375  0.572003  0.572276  0.571836    0.5737  0.572276  0.406779  0.405376  0.406511         0  0.406102  0.573485  0.572062  0.406779  0.405627  0.406758  0.406779  0.406351   0.57281  0.571375  0.405376  0.405627  0.405356  0.405376  0.404946   0.57337         0  0.406511  0.406758  0.405356  0.406511  0.406081    0.5737  0.572276         0  0.406779  0.405376  0.406511  0.406102  0.573266  0.571836  0.406102  0.406351  0.404946  0.406081  0.406102
 0.573426  0.571558  0.571389   0.57403  0.573921  0.571558  0.573824         0  0.570149  0.569981  0.572618         0  0.570149  0.572417         0  0.130784  0.409262  0.408298  0.409859   0.40685   0.40871         0  0.130766  0.409265  0.408542  0.410101  0.409265  0.408952         0  0.130524  0.407878  0.408103  0.408708  0.407878  0.407556         0  0.406827  0.408996  0.409218  0.408274  0.408996  0.408685         0  0.130784   0.40685  0.409262  0.408298  0.409859   0.40871         0  0.130668  0.408597   0.40882  0.407868   0.40943  0.408597
        0         0         0         0         0         0         0  0.584084  0.130784  0.130766  0.130524 0.0274951  0.130784  0.130668  0.571558  0.570149  0.409265  0.407878  0.408996         0  0.408597  0.571389  0.569981  0.409262  0.408103  0.409218  0.409262   0.40882   0.57403  0.572618  0.408298  0.408542  0.408274  0.408298  0.407868  0.573921         0  0.409859  0.410101  0.408708  0.409859   0.40943  0.571558  0.570149         0  0.409265  0.407878  0.408996  0.408597  0.573824  0.572417   0.40871  0.408952  0.407556  0.408685   0.40871
        0         0         0         0         0         0         0         0  0.130597  0.130584  0.130997  0.410169  0.130597  0.130995         0  0.130597  0.411742   0.41079  0.412377  0.409328  0.411202         0  0.130584  0.411742  0.411009  0.412596  0.411742   0.41142         0  0.130997   0.41079  0.411009  0.411633   0.41079   0.41048         0  0.410169  0.412377  0.412596  0.411633  0.412377  0.412046         0  0.130597  0.409328  0.411742   0.41079  0.412377  0.411202         0  0.130995  0.411202   0.41142   0.41048  0.412046  0.411202
          0    0.191322    0.191321    0.191322    0.191321    0.191322    0.191321    0.191343    0.103241    0.103241    0.103241    0.145537    0.103241    0.103241    0.191322    0.103241 1.75325e-06 5.82456e-06 3.51539e-06 1.40704e-06 4.28231e-06    0.191321    0.103241 1.75325e-06  4.7392e-06 2.43708e-06 1.75325e-06 3.19948e-06    0.191322    0.103241 5.82456e-06  4.7392e-06 6.50789e-06 5.82456e-06  7.2792e-06    0.191321 2.09592e-06 3.51539e-06 2.43708e-06 6.50789e-06 3.51539e-06 4.96558e-06    0.191322    0.103241 1.40704e-06 1.75325e-06 5.82456e-06 3.51539e-06 4.28231e-06    0.191321    0.103241 4.28231e-06 3.19948e-06  7.2792e-06 4.96558e-06 4.28231e-06
