8	12	12	1
 0  6  0  0  0  0  0  4  0  3  0  8
 0  6  0  1  0 10  0  0  0  3  7  0
 0  0  5  0  9  0  0  4  0  0  0  0
 0  0  5  1  0  0 11  0  0  0  0  0
 0  0  0  0  0  0  0  0  2  3  0  8
 0  0  0  1  0  0  0  0  2  3  7  0
 0  0  0  0  0  0  0  0  2  0  0  0
12  0  0  1  0  0  0  0  2  0  0  0
0.1	0.3	0.1	0.5	0.4	1	0.5	0.6	1	0.6	0.7	0.9	
0.472	0.284	0.008	0.42	0.103	0.796	0.989	0.899	
------target--------
7
------result--------
8	
------details--------
 0.229064  0.179976  0.238425  0.238018   0.74131  0.715168  0.744205   0.74189
 0.258037  0.343139  0.240716  0.240357  0.105492  0.122614         0 0.0283922
0.000501061   0.0163805 4.31793e-08 2.19513e-06    0.163208    0.133118           0    0.290053
------result2--------
6	7	
------details2--------
 0.171712  0.229057  0.228633         0  0.711494   0.74131  0.738919  0.171712  0.179967   0.17948  0.713674  0.717298  0.717298  0.714399  0.229057  0.179967  0.238011  0.741312  0.715169  0.744207  0.741892  0.228633   0.17948  0.238011   0.74137  0.715166  0.744272   0.74194         0  0.713674  0.741312   0.74137  0.711494   0.74131  0.738919  0.711494         0  0.715169  0.715166  0.711494  0.715168  0.712257   0.74131  0.717298  0.744207  0.744272         0         0         0  0.738919  0.714399  0.741892   0.74194  0.738919  0.712257   0.74189
 0.332875  0.231435  0.231053  0.229064  0.117149         0 0.0270932   0.19747   0.18276  0.182265 0.0757249         0         0 0.0199578  0.258029   0.34313  0.240351  0.105492  0.122613         0 0.0283941  0.257597  0.342593  0.240306  0.105444  0.122559         0 0.0284871   0.74131  0.769119  0.740698  0.741033  0.787825         0  0.768157  0.722047  0.715168  0.714883  0.715176  0.722047         0  0.748076  0.749643  0.771389  0.743558  0.743899  0.744205  0.744205  0.744205   0.74746  0.769636  0.741341   0.74166   0.74746   0.78824         0
  0.19747  0.258029  0.257597         0  0.722047  0.749643   0.74746  0.332875   0.34313  0.342593  0.769119  0.705209  0.771389  0.769636  0.231435   0.18276  0.240306  0.740698  0.714883  0.743558  0.741341  0.231053  0.182265  0.240351  0.741033  0.715176  0.743899   0.74166         0 0.0757249  0.105492  0.105444  0.722047  0.749643   0.74746  0.117149         0  0.122613  0.122559  0.787825  0.789635   0.78824         0         0         0         0         0         0         0 0.0270932 0.0199578 0.0283941 0.0284871  0.768157  0.748076  0.770412
 0.364178  0.260482  0.260101  0.258037  0.134369         0 0.0312414  0.364178  0.346175  0.345698  0.168397   0.30463         0 0.0480624  0.260482  0.346175  0.242663  0.105702  0.122841         0 0.0277518  0.260101  0.345698  0.242663  0.105718  0.122869         0 0.0279495  0.258037  0.168397  0.105702  0.105718 0.0474566         0 0.0100258  0.134369   0.30463  0.122841  0.122869 0.0474566         0 0.0118206         0         0         0         0         0         0         0 0.0312414 0.0480624 0.0277518 0.0279495 0.0100258 0.0118206         0
  0.0168618 0.000501108 0.000503465 0.000501061    0.133367    0.367104           0   0.0168618   0.0163806   0.0163841    0.170997    0.233429    0.367708    0.292584 0.000501108   0.0163806 2.23862e-06    0.163208    0.133118    0.367091    0.290053 0.000503465   0.0163841 2.23862e-06    0.163209    0.133118    0.367091    0.290053    0.245106    0.170997    0.163208    0.163209    0.252253    0.367104     0.33327    0.133367    0.233419    0.133118    0.133118    0.252253     0.36822    0.328976    0.367104    0.367708    0.367091    0.367091    0.367091    0.367091    0.367091    0.290112    0.292584    0.290053    0.290053     0.33327    0.328976    0.367143
