8	12	12	1
 1  0  9  2  0  0  0  0  5  0  0  0
 1  0  0  2  0  0  0  0  5  0  6 12
 1  0  9  0  3  0  0  0  5  0  0  0
 1  0  0  0  3  0  0  0  5  0  6  0
 1  7  0  2  0 11  4  0  0  0  0  0
 1  0  0  2  0 11  4  8  0  0  6  0
 1  7  0  0  3  0  4  0  0 10  0  0
 1  0  0  0  3  0  4  8  0 10  6  0
0.4	0.6	0.8	0.7	0.2	0.5	0.1	0.6	0.7	0.8	0.8	0.4	
0.844	0.559	0.105	0.702	0.955	0.227	0.736	0.788	
------target--------
7
------result--------
8	
------details--------
0.346499 0.335439 0.346499 0.336267 0.347197 0.335024 0.578513 0.549378
0.349297 0.357875 0.349297 0.361577 0.348808 0.353634 0.192336 0.302558
4.30787e-06 0.000274548 4.30787e-06 0.000350175 1.37902e-06 0.000164011           0   0.0192821
------result2--------
7	4	
------details2--------
0.334072        0  0.33491 0.345834 0.333652 0.578092 0.548731 0.334072 0.334072 0.335439 0.334172 0.334172 0.550332 0.550332        0 0.334072  0.33491 0.345834 0.333652 0.578092 0.548731  0.33491        0  0.33491 0.335024        0 0.549378        0 0.345834 0.334172 0.345834 0.335024        0 0.579994  0.54944 0.333652 0.334172 0.333652 0.335024        0  0.54944  0.54944 0.578092 0.550332 0.578092 0.549378 0.579994  0.54944        0 0.548731 0.550332 0.548731 0.549378  0.54944  0.54944        0
0.356442 0.346499 0.360131 0.347461 0.352225  0.19158 0.301582 0.336886 0.336886        0 0.337132 0.337132 0.225579 0.225579 0.346499 0.356442 0.360131 0.347461 0.352225  0.19158 0.301582 0.337707 0.336267 0.337707 0.337935 0.336267 0.227259 0.336267 0.348642 0.357042 0.348642 0.360565 0.347197 0.189444 0.303999 0.336466 0.338968 0.336466        0 0.335024 0.226384 0.226384 0.578959 0.595443 0.578959 0.602905 0.576335 0.588699 0.578513 0.550055 0.544923 0.550055        0 0.549296 0.549296 0.549378
0.336886        0 0.337707 0.348642 0.336466 0.578959 0.550055 0.356442 0.356442 0.340137 0.357042 0.338968 0.595443 0.544923        0 0.336886 0.337707 0.348642 0.336466 0.578959 0.550055 0.360131        0 0.360131 0.360565        0 0.602905        0 0.347461 0.337132 0.347461 0.337935        0 0.576335 0.549296 0.352225 0.337132 0.352225 0.337935 0.360565 0.588699 0.549296  0.19158 0.225579  0.19158 0.227259 0.189444 0.226384        0 0.301582 0.225579 0.301582 0.227259 0.303999 0.226384 0.602905
0.359419 0.349297 0.363134 0.350265  0.35515 0.193148 0.303606 0.359419 0.359419 0.361577 0.359184 0.359968 0.159759 0.346248 0.349297 0.359419 0.363134 0.350265  0.35515 0.193148 0.303606 0.363134 0.361577 0.363134 0.363214 0.361577 0.139809 0.361577 0.350265 0.359184 0.350265 0.363214 0.348808 0.196538 0.300405  0.35515 0.359968  0.35515 0.361577 0.348808 0.174383 0.328296 0.193148 0.159759 0.193148 0.139809 0.196538 0.174383 0.192336 0.303606 0.346248 0.303606 0.361577 0.300405 0.328296 0.192336
0.000279192 4.30787e-06 0.000354781 5.71157e-06  0.00016861   0.0795286           0 0.000279192 0.000279192  0.00035406 0.000278009 0.000324688    0.082009   0.0259704 4.30787e-06 0.000279192 0.000354781 5.71157e-06  0.00016861   0.0795286   0.0192842 0.000354781 0.000350175 0.000354781 0.000354335 0.000350175    0.083754 0.000350175 5.71157e-06 0.000278009 5.71157e-06 0.000354335 1.37902e-06   0.0795532   0.0192881  0.00016861 0.000324688  0.00016861 0.000352693 0.000214402   0.0809245   0.0232215   0.0795286    0.082009   0.0795286    0.083754   0.0795532   0.0809245   0.0795272   0.0192842   0.0259704   0.0192842    0.028027   0.0192881   0.0232215   0.0801138
