8	12	12	1
 0  0  0  0  0  0  0  0  0  0  0  1
 0  0 10  0  0  0  0  0  0  6  0  1
 0  0  0  0  0  0  5  0  0  0  0  1
 0  0  0  0  0  0  5  0  0  6  0  1
 0  2  0  3  0  4  0  0  0  0 11  1
 7  2  0  0  0  4  0  8  0  0  0  1
 0  2  0  3  0  0  0  0  9  0  0  1
 7  2  0  0 12  0  0  0  0  0  0  1
0.6	0.8	0.8	0.1	0.1	0.4	0.6	0.3	0.4	0.9	0.6	0.4	
0.378	0.225	0.95	0.905	0.728	0.23	0.936	0.081	
------target--------
1
------result--------
8	
------details--------
 0.744968   0.72408  0.721192  0.691807   0.72736  0.742385  0.730834  0.744815
        0  0.463309  0.471146  0.544174  0.411428  0.138489  0.393003 0.0198652
        0 0.0352426 0.0322305 0.0085017 0.0517274  0.154726 0.0587025  0.218829
------result2--------
4	1	
------details2--------
         0          0          0          0          0          0          0    0.72408   0.683026   0.683026   0.703292   0.721031   0.707214   0.723896   0.721192   0.683026          0   0.699534   0.718017   0.703591      0.721   0.691807          0   0.691807   0.665413    0.68793   0.670112   0.691565    0.72736   0.703292   0.699534   0.665413   0.724367   0.710874   0.727179   0.742385   0.721031   0.718017    0.68793   0.724367   0.727872   0.742227   0.730834   0.707214   0.703591   0.670112   0.710874   0.727872   0.730652   0.744815   0.723896      0.721   0.691565   0.727179   0.742227   0.730652
  0.744968   0.744968   0.744968   0.744968   0.744968   0.744968   0.744968          0   0.762679   0.762679   0.770127   0.771475   0.766154   0.748162          0    0.75905   0.721192   0.769211   0.770501   0.765101   0.746254          0   0.691807          0   0.751433   0.752575   0.746753   0.723258          0   0.760397   0.763229   0.756312   0.773752   0.768342    0.75106          0   0.771486   0.773556   0.767517   0.781888    0.77829    0.76311          0   0.763181   0.765851     0.7591   0.774767   0.776633   0.754535          0   0.773304    0.77526    0.76936   0.783464   0.784853   0.779852
         0          0          0          0          0          0          0   0.773414    0.75905   0.759753   0.760397   0.771486   0.763181   0.773304   0.775365   0.762679          0   0.763229   0.773556   0.765851    0.77526   0.769474   0.762679   0.758947   0.756312   0.767517     0.7591    0.76936   0.783558   0.770127   0.769211   0.751433   0.781888   0.774767   0.783464   0.784925   0.771475   0.770501   0.752575   0.773752   0.776633   0.784853   0.779939   0.766154   0.765101   0.746753   0.768342    0.77829   0.779852   0.764965   0.748162   0.746254   0.723258    0.75106    0.76311   0.754535
         0          0          0          0          0          0          0          0   0.267322   0.447347   0.257289  0.0671505   0.241438 0.00875576          0   0.267322   0.471146   0.263649  0.0693109   0.247512  0.0090493          0   0.447347   0.471146   0.345579   0.102756   0.327439  0.0139956          0   0.257289   0.263649   0.345579  0.0510757   0.195421 0.00651361          0  0.0671505  0.0693109   0.102756  0.0510757  0.0467305 0.00124031          0   0.241438   0.247512   0.327439   0.195421  0.0467305 0.00590432          0 0.00875576  0.0090493  0.0139956 0.00651361 0.00124031 0.00590432
        0  0.237719  0.237719  0.237719  0.237719  0.237719  0.237719  0.238947   0.10377 0.0424338  0.106981  0.189842  0.113153  0.229026  0.239212   0.10377 0.0322305  0.104803  0.188917  0.111044  0.229015  0.240335 0.0420755 0.0334465 0.0756336   0.17299 0.0824885  0.225876  0.239141  0.106981  0.104803 0.0756336  0.199084   0.13108  0.231324  0.237938  0.189842  0.188917   0.17299  0.199084   0.20143   0.23601  0.238753  0.113153  0.111044 0.0824885   0.13108   0.20143  0.231558  0.237726  0.229026  0.229015  0.225876  0.231324   0.23601  0.231558
