8	12	12	1
 0  5  0  1  0  2  0  0  4  7 11  0
 0  5  9  1  0  2  0  0  0  0  0  0
 0  0  0  1  0  0  0  0  4  7  0  0
 0  0  0  1  0  0  0  0  0  0  0  0
10  0  0  1  0  2  0  3  4  0  0  0
 0  0  0  1  0  2  0  3  0  0  0  8
 0  0  0  1  0  0  6  3  4  0  0  0
 0  0  0  1 12  0  6  3  0  0  0  8
0.2	0.1	0.7	0.2	1	0.1	0.7	0.1	0.1	1	1	0.4	
0.567	0.252	0.362	0.484	0.186	0.574	0.512	0.637	
------target--------
7
------result--------
8	
------details--------
0.473305  0.47425 0.473964 0.474524 0.474452 0.474421  0.65783 0.636203
0.477276 0.479773  0.47853 0.483374 0.481958 0.478191 0.151649 0.391677
7.79268e-06 1.08543e-05 9.39829e-06 1.57324e-05 1.38275e-05 5.89579e-06           0   0.0272296
------result2--------
7	4	
------details2--------
0.473052 0.473305 0.473305 0.473236 0.473226 0.653963 0.632089 0.473052 0.473698  0.47425 0.474178 0.474151  0.65714 0.635455        0 0.473698 0.473964 0.473893  0.47387 0.656185 0.634467        0        0        0        0        0        0        0 0.473236 0.474178 0.473893 0.474452 0.474349 0.657751 0.636103 0.473226 0.474151  0.47387 0.474421 0.474349 0.659738        0 0.653963  0.65714 0.656185  0.65783 0.657751 0.659738        0 0.632089 0.635455 0.634467 0.636203 0.636103 0.636203 0.636203
0.474979        0        0 0.475296 0.473622        0 0.371446 0.475438 0.475841        0 0.476309 0.474639        0 0.372395 0.473964  0.47571        0 0.476007 0.474336        0 0.372101 0.474524 0.474524 0.474524 0.474524 0.474524 0.474524 0.474524 0.475655 0.476241  0.47606        0 0.474856        0 0.372592 0.475608 0.476188 0.476011        0 0.476479        0 0.474421 0.661683 0.662357  0.66259        0 0.660101 0.650432  0.65783 0.640364 0.641145 0.641283        0  0.63906        0        0
0.475438 0.475303  0.47573 0.475655 0.475608 0.661683 0.640364 0.474979  0.47571 0.476317 0.476241 0.476188 0.662357 0.641145        0 0.475841 0.476136  0.47606 0.476011  0.66259 0.641283        0        0        0        0        0        0        0 0.475296 0.476309 0.476007 0.476599 0.476479 0.660101  0.63906 0.473622 0.474639 0.474336  0.47493 0.474856 0.650432        0        0        0        0        0        0        0        0 0.371446 0.372395 0.372101 0.372634 0.372592 0.322219 0.682805
0.481385  0.47853 0.483374 0.482731  0.48018 0.229226 0.405681 0.481385 0.482236 0.483374  0.48321 0.482229 0.373935 0.440629  0.47853 0.482236 0.483374 0.483051 0.481401 0.307966 0.422668 0.483374 0.483374 0.483374 0.483374 0.483374 0.483374 0.483374 0.482731  0.48321 0.483051 0.483374 0.483058 0.450294 0.468116  0.48018 0.482229 0.481401 0.483374 0.483058 0.338272 0.478191 0.229226 0.373935 0.307966 0.483374 0.450294 0.338272 0.151649 0.405681 0.440629 0.422668 0.483374 0.468116 0.478191 0.151649
1.66239e-05 1.05625e-05 1.83467e-05 1.78148e-05 1.32388e-05    0.152625           0 1.66239e-05 1.68351e-05 1.66074e-05 1.66938e-05 1.49824e-05    0.184329   0.0285241 9.39829e-06 1.68351e-05 1.73374e-05 1.72328e-05 1.43958e-05    0.171378   0.0280703 1.57324e-05 1.57324e-05 1.57324e-05 1.57324e-05 1.57324e-05 1.57324e-05 1.57324e-05 1.78148e-05 1.66938e-05 1.72328e-05 1.59992e-05 1.56223e-05      0.1974    0.029214 1.32388e-05 1.49824e-05 1.43958e-05 1.58067e-05 1.56223e-05    0.177578 5.89579e-06    0.152625    0.184329    0.171378    0.202616      0.1974    0.177578    0.127605   0.0276338   0.0285241   0.0280703   0.0295975    0.029214   0.0355157    0.128374
