8	12	12	1
 0  0  2  9  0  1  0  0  0  0  0 12
 0  0  2  0  4  1 11  0  0  0  0  0
 0  0  2  0  0  1  0  0  0  0  3  0
 0  0  2  0  0  1  0  6  0  0  3  0
 0 10  0  9  0  1  0  0  0  8  0  0
 5  0  0  0  4  1  0  0  0  8  0  0
 0  0  0  0  0  1  0  0  7  0  3  0
 5  0  0  0  0  1  0  6  7  0  3  0
0.4	0.8	0.1	1	0.8	0.5	0.6	0.2	0.7	0.7	0.2	0.4	
0.895	0.295	0.448	0.475	0.35	0.937	0.87	0.72	
------target--------
4
------result--------
8	
------details--------
0.505849 0.506184 0.506442 0.554159 0.504979 0.505318 0.489866 0.542498
0.508206 0.508543 0.507365 0.276385 0.507729 0.507903 0.515635 0.489668
2.27994e-06 1.38597e-06 1.44285e-07           0 3.72059e-06 3.32916e-06 0.000303536   0.0012143
------result2--------
4	3	
------details2--------
0.505501 0.505759 0.553921 0.504286 0.504628 0.489049 0.542193 0.505501 0.506097 0.553966 0.504629  0.50497 0.489469 0.542276 0.505759 0.506097        0 0.504889 0.505228        0        0 0.553921 0.553966 0.554159 0.553251 0.553412 0.542498        0 0.504286 0.504629 0.504889 0.553251 0.504979 0.488092 0.541468 0.504628  0.50497 0.505228 0.553412        0  0.48849 0.541659 0.489049 0.489469 0.489866 0.542498 0.488092  0.48849        0 0.542193 0.542276 0.542498 0.542498 0.541468 0.541659        0
0.507872 0.506705 0.276098 0.507052 0.507227 0.514957 0.488971 0.507865 0.507028 0.276236 0.507386 0.507561 0.515292 0.489328 0.508121 0.508458 0.506442 0.507643 0.507817 0.506442 0.506442 0.554741 0.555282        0 0.554858 0.555003 0.561464 0.554159 0.506667 0.507005 0.505843 0.275704        0 0.514085 0.488138 0.507004 0.507341 0.506174 0.275849 0.505318 0.514424 0.488478 0.491848 0.492165        0        0 0.491221 0.491409 0.489866 0.543235  0.54378        0        0 0.543282 0.543436 0.542498
0.507865 0.508121 0.554741 0.506667 0.507004 0.491848 0.543235 0.507872 0.508458 0.555282 0.507005 0.507341 0.492165  0.54378 0.506705 0.507028        0 0.505843 0.506174        0        0 0.276098 0.276236        0 0.275704 0.275849        0        0 0.507052 0.507386 0.507643 0.554858 0.506871 0.491221 0.543282 0.507227 0.507561 0.507817 0.555003        0 0.491409 0.543436 0.514957 0.515292 0.517032 0.561464 0.514085 0.514424        0 0.488971 0.489328 0.486854 0.561464 0.488138 0.488478        0
0.510236 0.509049 0.277116  0.50942 0.509594 0.517326 0.491408 0.510236 0.509387 0.277278 0.509757 0.509931 0.517663 0.491678 0.509049 0.509387 0.507365 0.508576 0.508749 0.507365 0.507365 0.277116 0.277278 0.507365 0.276927 0.277009 0.345465 0.276385  0.50942 0.509757 0.508576 0.276927 0.507903 0.516847 0.490865 0.509594 0.509931 0.508749 0.277009 0.507903 0.517022 0.491032 0.517326 0.517663 0.507365 0.345465 0.516847 0.517022 0.515635 0.491408 0.491678 0.507365 0.276385 0.490865 0.491032 0.515635
3.67892e-06 2.42971e-06   0.0225565           0 5.63734e-06 0.000306164  0.00121609 3.67892e-06 1.53267e-06   0.0225566 5.12288e-06  4.7291e-06 0.000305083  0.00121541 2.42971e-06 1.53267e-06 1.44285e-07 3.87111e-06 3.47868e-06 1.44285e-07 1.44285e-07   0.0225565   0.0225566   0.0589044   0.0225574   0.0225574   0.0353548   0.0225562 6.03381e-06 5.12288e-06 3.87111e-06   0.0225574 3.88922e-06 0.000307666  0.00121731 5.63734e-06  4.7291e-06 3.47868e-06   0.0225574 3.32916e-06 0.000307213  0.00121701 0.000306164 0.000305083 0.000318483   0.0353548 0.000307666 0.000307213 0.000303536  0.00121609  0.00121541  0.00128212    0.022699  0.00121731  0.00121701   0.0251517
