8	12	12	1
 0  0  0  0  0  4  0  1  7  0  0  0
 0  0  0  0  0  0  0  1  0  0  0  0
 0  0  0  0  0  4  5  1  0  0  0 12
 0 10  0  0  0  0  5  1  0  0  0  0
 2  0  6  0  0  0  0  1  7  8  0  0
 2  0  6  0 11  0  0  1  0  0  9  0
 2  0  0  3  0  0  0  1  0  8  0  0
 2  0  0  3  0  0  0  1  0  0  9  0
1	0.8	0.1	0.4	0.4	0.3	0.8	0.1	0.9	0.5	0.4	1	
0.631	0.861	0.348	0.693	0.264	0.758	0.456	0.607	
------target--------
8
------result--------
6	
------details--------
0.416461 0.417343 0.416834 0.416499 0.415894 0.519646 0.416858 0.532132
0.419514 0.421914 0.420011 0.419533 0.419126 0.290081 0.419741 0.134429
4.68561e-06 3.57136e-06 4.28854e-06 4.59647e-06 5.23863e-06   0.0271945 3.67418e-06           0
------result2--------
8	2	
------details2--------
0.416461  0.41596 0.415632        0 0.518467 0.415894 0.530937        0        0        0        0        0        0        0  0.41596 0.416834 0.415998   0.4154 0.518989 0.416353 0.531468 0.415632 0.416499 0.415998 0.415076 0.518575 0.416022 0.531056 0.415894 0.415894   0.4154 0.415076 0.517795        0 0.530276 0.518467 0.519646 0.518989 0.518575 0.517795 0.519142 0.519646 0.415894 0.416858 0.416353 0.416022        0 0.519142 0.531645 0.530937 0.532132 0.531468 0.531056 0.530276        0 0.531645
       0 0.418231 0.417954 0.416461 0.255277 0.418037        0 0.417343 0.417343 0.417343 0.417343 0.417343 0.417343 0.417343 0.418334        0 0.418338  0.41808 0.255495 0.418321        0 0.417989        0 0.418271 0.417736 0.255318 0.417976        0        0        0 0.417643 0.417368 0.254991 0.415894        0 0.521669        0 0.521966 0.521572 0.521251 0.521203        0 0.418397        0 0.418642 0.418363 0.416858 0.255552        0 0.534185        0 0.534478 0.534069 0.533743 0.532132 0.533638
0.418857 0.418334 0.417989        0 0.521669 0.418397 0.534185        0        0        0        0        0        0        0 0.418231 0.419141 0.418271 0.417643 0.521966 0.418642 0.534478 0.417954 0.418861 0.418338 0.417368 0.521572 0.418363 0.534069 0.418037 0.418601  0.41808 0.417736 0.521251 0.418397 0.533743 0.255277 0.255782 0.255495 0.255318 0.254991 0.255552 0.576584 0.418037 0.418843 0.418321 0.417976        0 0.521203 0.533638        0        0        0        0        0        0        0
0.421914 0.421369 0.421062 0.419514 0.325047 0.421343  0.23595 0.421914 0.421914 0.421914 0.421914 0.421914 0.421914 0.421914 0.421369 0.421914 0.421381 0.421115 0.346125 0.421486 0.286598 0.421062 0.421914 0.421381 0.420759 0.326264 0.421213 0.239149 0.419514 0.421914 0.421115 0.420759 0.310572 0.419741 0.196682 0.325047 0.421914 0.346125 0.326264 0.310572  0.34193 0.134429 0.421343 0.421914 0.421486 0.421213 0.419741  0.34193 0.277427  0.23595 0.421914 0.286598 0.239149 0.196682 0.134429 0.277427
6.06523e-06 7.64581e-06   8.211e-06 4.68561e-06   0.0285107 7.52736e-06   0.0977029           0 3.57136e-06 3.57136e-06 3.57136e-06 3.57136e-06 3.57136e-06 3.57136e-06 7.64581e-06 5.28069e-06 7.54834e-06 8.45902e-06   0.0292615 6.53968e-06    0.106411   8.211e-06 5.96344e-06 7.54834e-06 8.97973e-06   0.0285534 7.12244e-06   0.0982967 5.74071e-06 6.97599e-06 8.45902e-06 8.97973e-06   0.0279814 5.77044e-06   0.0897764   0.0285107   0.0318277   0.0292615   0.0285534   0.0279814   0.0291075   0.0745023 7.52736e-06   4.929e-06 6.53968e-06 7.12244e-06 3.67418e-06   0.0291075    0.104933   0.0977029    0.124829    0.106411   0.0982967   0.0897764   0.0737051    0.104933
