8	12	12	1
 0  0  5  0 11  1  0  0  0  7  0  0
 0  0  0  0  0  1  0  2  0  0  8  0
 0  3  0  0  0  1  4  0  0  7  0  0
 0  3  0  0  0  1  0  2  0  0  0  9
12  0  5  0  0  1  0  0  0  0  0  0
 0  0  0 10  0  1  0  2  0  0  8  0
 0  0  0  0  0  1  4  0  6  0  0  0
 0  0  0  0  0  1  0  2  6  0  0  9
0.5	0.8	0.2	0.1	0.5	0.3	0.2	0.9	0.9	0.9	0.8	1	
0.346	0.989	0.415	0.175	0.06	0.431	0.542	0.279	
------target--------
8
------result--------
4	
------details--------
 0.66556 0.665197 0.665801 0.778658 0.666309 0.665132 0.664658 0.808346
0.667638 0.667354 0.667772 0.346829 0.668122 0.667336 0.669539  0.54458
2.29881e-06 2.59982e-06 1.77435e-06   0.0777363 1.96511e-07 2.69742e-06 1.21784e-05           0
------result2--------
4	7	
------details2--------
0.664388  0.66556 0.778207  0.66551 0.664321  0.66385 0.808173 0.664388 0.664632 0.777949 0.665146        0 0.663484  0.80801        0 0.664632 0.778296 0.665751 0.664566 0.664094 0.808148 0.778207 0.777949 0.778296 0.778636 0.777955 0.808346        0  0.66551 0.665146 0.665751 0.778636 0.665081 0.664607 0.808345 0.664321 0.665132 0.664566 0.777955 0.665081 0.663418 0.808066  0.66385 0.663484 0.664094 0.808346 0.664607 0.663418        0 0.808173  0.80801 0.808148        0 0.808345 0.808066 0.808346
0.666557        0 0.346704 0.667332 0.666539 0.668736 0.544126  0.66648 0.666613 0.346641 0.666971 0.665197 0.668371 0.543912 0.665801 0.666796 0.346738 0.667569 0.666779 0.668979 0.544257 0.779378 0.779263 0.779573 0.779433 0.779216 0.729399 0.778658 0.667589 0.667304 0.667723 0.346822 0.667287 0.669489 0.544553 0.666416        0 0.666549 0.346627 0.666908 0.668304 0.543875 0.665943 0.665656 0.666078 0.315071 0.666431 0.665639 0.664658  0.80862  0.80863  0.80884 0.808346  0.80838 0.808566        0
 0.66648 0.667265 0.779378 0.667589 0.666416 0.665943  0.80862 0.666557 0.666796 0.779263 0.667304        0 0.665656  0.80863        0 0.666613 0.779573 0.667723 0.666549 0.666078  0.80884 0.346704 0.346641 0.346738 0.346822 0.346627 0.315071        0 0.667332 0.666971 0.667569 0.779433 0.666908 0.666431  0.80838 0.666539 0.666812 0.666779 0.779216 0.667287 0.665639 0.808566 0.668736 0.668371 0.668979 0.729399 0.669489 0.668304        0 0.544126 0.543912 0.544257 0.729399 0.544553 0.543875 0.315071
0.668641 0.667772 0.347029 0.669409 0.668624 0.670838 0.545312 0.668641 0.668774 0.346991 0.669124 0.667354 0.670549 0.545157 0.667772 0.668774  0.34706 0.669541 0.668756 0.670968 0.545403 0.347029 0.346991  0.34706  0.34708 0.346991 0.432569 0.346829 0.669409 0.669124 0.669541  0.34708 0.669107 0.671332 0.545555 0.668624 0.667354 0.668756 0.346991 0.669107 0.670533 0.545146 0.670838 0.670549 0.670968 0.432569 0.671332 0.670533 0.669539 0.545312 0.545157 0.545403 0.346829 0.545555 0.545146 0.669539
 4.9201e-06   2.342e-06    0.077737 2.49739e-06 5.01987e-06 1.45168e-05   0.0401552           0 4.38875e-06   0.0777372 2.79849e-06 2.59982e-06 1.48203e-05   0.0401553 1.77435e-06 4.38875e-06    0.077737 1.97222e-06 4.48759e-06 1.39799e-05   0.0401552    0.077737   0.0777372    0.077737   0.0777363   0.0777371   0.0823569   0.0777363 2.49739e-06 2.79849e-06 1.97222e-06   0.0777363 2.89633e-06 1.23789e-05   0.0401548 5.01987e-06 2.70883e-06 4.48759e-06   0.0777371 2.89633e-06 1.49216e-05   0.0401553 1.45168e-05 1.48203e-05 1.39799e-05   0.0823569 1.23789e-05 1.49216e-05 1.21784e-05   0.0401552   0.0401553   0.0401552   0.0808237   0.0401548   0.0401553   0.0717445
