8	12	12	1
 5  0  0  0  0  0  0  2  9  3  0  0
 0  0  0  0  0  0  0  2  0  3  0  7
 5 11  0  0  0  0  0  0  0  3  0  0
 0  0  0  0  0  0  0  0  0  3  0  7
 0  0  0  0  0  0  1  2  0  0  0  0
 0  0  0  0 10  0  1  2  0  0  6  0
 0  0  0  8  0  4  1  0  0  0  0  0
 0  0 12  0  0  4  1  0  0  0  6  0
0.3	0.2	0.6	0.9	0.9	0.1	0.7	0.3	0.9	0.2	0.7	0.7	
0.132	0.589	0.793	0.541	0.049	0.02	0.811	0.813	
------target--------
4
------result--------
2	
------details--------
0.456093 0.620121 0.456127 0.620345 0.456308 0.456275 0.455206  0.45555
0.459765 0.305331 0.458538 0.299835 0.467134 0.463086 0.457959 0.458096
2.51016e-06   0.0506611 1.43051e-06           0 3.49797e-06 2.60941e-06 3.79377e-06 3.01672e-06
------result2--------
5	4	
------details2--------
0.620034 0.455748 0.620034 0.456093  0.45606 0.454824 0.455168 0.620034 0.620278        0 0.620121 0.620108 0.619518 0.619912 0.455748 0.620278 0.620502 0.455964 0.455931 0.454856   0.4552 0.620034        0 0.620502 0.620121 0.620108 0.619745 0.620138        0        0 0.455964 0.620121        0 0.455041 0.455385  0.45606 0.620108 0.455931 0.620108 0.456275 0.455008 0.455352 0.454824 0.619518 0.454856 0.619745 0.455041 0.455008 0.454274 0.455168 0.619912   0.4552 0.620138 0.455385 0.455352 0.454274
0.300366 0.458164 0.300366        0 0.458423 0.457582  0.45772 0.621005 0.619196 0.620121        0 0.621071 0.620823 0.620487 0.459425 0.305186 0.299675 0.466772 0.462741 0.457617 0.457756 0.622968 0.620345 0.619411 0.632837 0.627666 0.621043 0.620704 0.456308 0.456308 0.458377 0.300506 0.456308 0.457797 0.457934 0.458471 0.300485 0.458345 0.300485        0 0.457764 0.457902 0.458506 0.304747 0.457286 0.299239 0.465858 0.461824 0.456834  0.45885 0.304925 0.457631 0.299413 0.466199 0.462168 0.457039
0.621005 0.459425 0.622968 0.458504 0.458471 0.458506  0.45885 0.300366 0.305186 0.632837 0.300506 0.300485 0.304747 0.304925 0.458164 0.619196 0.619411 0.458377 0.458345 0.457286 0.457631 0.300366        0 0.299675 0.300506 0.300485 0.299239 0.299413        0        0 0.466772 0.632837        0 0.465858 0.466199 0.458423 0.621071 0.462741 0.627666  0.45864 0.461824 0.462168 0.457582 0.620823 0.457617 0.621043 0.457797 0.457764 0.457039  0.45772 0.620487 0.457756 0.620704 0.457934 0.457902 0.456834
0.343505 0.461856 0.295072 0.467134 0.466667 0.461267 0.461405 0.343505 0.306216 0.299835 0.467134 0.414844 0.306024 0.306054 0.461856 0.306216 0.300811 0.469398 0.465227  0.46004 0.460179 0.295072 0.299835 0.300811 0.247534 0.275795 0.300542 0.300588 0.467134 0.467134 0.469398 0.247534 0.467134 0.468665 0.468823 0.466667 0.414844 0.465227 0.275795 0.467134 0.464596 0.464739 0.461267 0.306024  0.46004 0.300542 0.468665 0.464596 0.459596 0.461405 0.306054 0.460179 0.300588 0.468823 0.464739 0.459596
  0.0508891 3.95033e-06   0.0526472           0 4.49992e-06 6.31847e-06 5.54099e-06   0.0508891   0.0506614   0.0526462    0.051552   0.0512784    0.050662   0.0506615 3.95033e-06   0.0506614   0.0526436  4.9362e-06 4.04688e-06 5.24419e-06 4.46865e-06   0.0526472   0.0526433   0.0526436   0.0526905   0.0526644   0.0526442   0.0526438 3.49797e-06 3.49797e-06  4.9362e-06   0.0526905 3.49797e-06 7.30094e-06 6.52425e-06 4.49992e-06   0.0512784 4.04688e-06   0.0526644 3.65024e-06 6.41247e-06 5.63547e-06 6.31847e-06    0.050662 5.24419e-06   0.0526442 7.30094e-06 6.41247e-06 6.84027e-06 5.54099e-06   0.0506615 4.46865e-06   0.0526438 6.52425e-06 5.63547e-06 6.84027e-06
