8	12	12	1
 0  4  0  3  0  6  0  0  0  0  1  5
 0  0  2  3  0  0  0  0  8  0  1  5
 9  4  0  0  0  0  0  0  0 12  1  5
 0  0  2  0  0  0  0  0  0  0  1  5
 0  4  0  3  0  6  7 11  0  0  1  0
 0  0  2  3  0  0  7  0  8  0  1  0
 9  4  0  0 10  0  0  0  0  0  1  0
 0  0  2  0 10  0  0  0  0  0  1  0
0.9	0.1	0.5	0.1	0.7	0.5	0.2	0.3	0.5	0.1	0.7	1	
0.375	0.775	0.451	0.365	0.131	0.05	0.858	0.242	
------target--------
1
------result--------
5	
------details--------
0.688151 0.577279 0.577867 0.577957 0.659918 0.579129 0.578182 0.578182
0.438935  0.58115 0.582092 0.582273 0.139648 0.580116 0.580548 0.580548
          0 7.62964e-06 8.41663e-06  8.4429e-06   0.0760554 3.76159e-07 2.87176e-06 2.87176e-06
------result2--------
1	4	
------details2--------
0.687478 0.688168 0.688151        0 0.687478 0.687899 0.687899 0.687478 0.577187 0.577279 0.686052        0 0.576065 0.576065 0.688168 0.577187 0.577867 0.686743 0.577187 0.576661 0.576661        0        0        0 0.686727 0.577279 0.576754 0.576754 0.686727 0.686052 0.686743 0.686727 0.653732 0.659279 0.659279 0.687478        0 0.577187 0.577279 0.653732  0.57793  0.57793 0.687899 0.576065 0.576661 0.576754 0.659279  0.57793        0 0.687899 0.576065 0.576661 0.576754 0.659279  0.57793        0
0.689596 0.687772        0 0.688151 0.689596 0.688396 0.688396        0 0.579327        0 0.114629 0.577279 0.578456 0.578456        0 0.579325        0 0.114115 0.579325 0.579041 0.579041 0.577957 0.577957 0.577957  0.11402 0.579414 0.579131 0.579131 0.611611 0.639494 0.616946 0.611611 0.679014 0.660542 0.660542  0.46472 0.579129 0.581871 0.582043  0.14749 0.580299 0.580299 0.437743 0.579952 0.580895 0.581076 0.139892 0.578927 0.578182 0.437743 0.579952 0.580895 0.581076 0.139892 0.578927 0.578182
       0        0        0 0.611611  0.46472 0.437743 0.437743 0.689596 0.579325 0.579414 0.639494 0.582043 0.579952 0.579952 0.687772 0.579327 0.579995 0.616946 0.581871 0.580895 0.580895        0        0        0 0.611611 0.582043 0.581076 0.581076 0.726877 0.114629 0.114115  0.11402  0.14749 0.139892 0.139892 0.689596        0 0.579325 0.579414 0.679014 0.578927 0.578927 0.688396 0.578456 0.579041 0.579131 0.660542 0.580299        0 0.688396 0.578456 0.579041 0.579131 0.660542 0.580299        0
0.527683 0.574489 0.582273 0.052577 0.309044 0.440115 0.440115 0.527683 0.582253 0.582273 0.171894 0.580116 0.582334 0.582334 0.574489 0.582253 0.582273 0.235217 0.583547 0.583277 0.583277 0.582273 0.582273 0.582273 0.258962 0.584027 0.583457 0.583457 0.052577 0.171894 0.235217 0.258962 0.120191 0.139405 0.139405 0.309044 0.580116 0.583547 0.584027 0.120191 0.581297 0.581297 0.440115 0.582334 0.583277 0.583457 0.139405 0.581297 0.580548 0.440115 0.582334 0.583277 0.583457 0.139405 0.581297 0.580548
          0    0.103343    0.107193    0.101494   0.0345608   0.0315084   0.0315084   0.0796834 1.00466e-05 9.80144e-06   0.0775792 8.65739e-06   1.055e-05   1.055e-05    0.103343 1.00466e-05 8.69597e-06   0.0796262 9.95718e-06 1.13251e-05 1.13251e-05  8.4429e-06  8.4429e-06  8.4429e-06   0.0801908 1.00752e-05 1.13436e-05 1.13436e-05    0.101568   0.0775792   0.0796262   0.0801908   0.0763801   0.0760562   0.0760562   0.0345608 3.76159e-07 9.95718e-06 1.00752e-05   0.0763801 3.25621e-06 3.25621e-06   0.0315084   1.055e-05 1.13251e-05 1.13436e-05   0.0760562 3.25621e-06 2.87176e-06   0.0315084   1.055e-05 1.13251e-05 1.13436e-05   0.0760562 3.25621e-06 2.87176e-06
