8	12	12	1
 0  0  0  0  1  0 12  0  0  0  0  7
 0  0  6  0  1  0  0  0  0  0  2  7
 0  0  0  0  1  3  0  4  0  0  0  0
 0 10  0  0  1  0  0  4  0  0  2  0
11  0  0  0  0  0  0  0  0  0  0  0
 0  0  6  0  0  0  0  0  0  0  2  0
 0  0  0  8  0  3  0  0  0  5  0  0
 0  0  0  0  0  0  0  0  9  5  2  0
0.7	0.9	0.9	0.9	0.2	0.7	0.5	0.2	1	0.7	0.8	0.5	
0.458	0.324	0.116	0.948	0.118	0.525	0.458	0.767	
------target--------
6
------result--------
2	
------details--------
0.445753 0.702438 0.467038 0.465637 0.466927 0.711585 0.466355 0.465802
0.523379 0.162811 0.469371 0.468419 0.469337        0 0.468931 0.468584
 0.00240916     0.15393 2.50894e-07 3.87886e-06 7.44453e-07           0 2.72429e-06 3.86705e-06
------result2--------
2	6	
------details2--------
 0.70336 0.445684 0.444089 0.445563  0.70336 0.444915 0.444297        0 0.702469 0.702147 0.702416 0.702438 0.702252 0.702046 0.445684 0.702469        0 0.466872 0.711619 0.466299 0.465746 0.444089 0.702147 0.465637  0.46547 0.711375 0.464892 0.464334 0.445563 0.702416 0.466872  0.46547 0.711573 0.466189 0.465635  0.70336        0 0.711619 0.711375 0.711573 0.711441 0.711264 0.444915 0.702252 0.466299 0.464892 0.466189 0.711441 0.465058 0.444297 0.702046 0.465746 0.464334 0.465635 0.711264 0.465058
       0 0.448611 0.447263 0.448332        0 0.447832 0.447428 0.702438  0.70115 0.702701 0.702724        0 0.702896 0.702887 0.523322 0.162828 0.467038 0.469283        0 0.468877 0.468529 0.521904 0.162781        0  0.46789        0 0.467479 0.467129 0.523212 0.162812 0.469208 0.468255        0 0.468767 0.468419 0.730782 0.711585 0.710177 0.711775 0.711739  0.71194 0.711953 0.522635 0.162779 0.468643 0.467682 0.468604        0 0.467847 0.522076 0.162729 0.468096 0.467129 0.468053        0 0.467643
0.698377 0.523322 0.521904 0.523212 0.730782 0.522635 0.522076        0 0.162828 0.162781 0.162812 0.767321 0.162779 0.162729 0.448611  0.70115        0 0.469208 0.710177 0.468643 0.468096 0.447263 0.702701 0.468375 0.468255 0.711775 0.467682 0.467129 0.448332 0.702724 0.469283  0.46789 0.711739 0.468604 0.468053        0        0        0        0        0        0        0 0.447832 0.702896 0.468877 0.467479 0.468767  0.71194 0.467643 0.447428 0.702887 0.468529 0.467129 0.468419 0.711953 0.467847
0.416321 0.525805 0.524743 0.525674        0 0.525257 0.524904 0.416321 0.162089 0.162839   0.1628        0 0.162893 0.162908 0.525805 0.162089 0.469371 0.471628        0 0.471222 0.470875 0.524743 0.162839 0.469371 0.470677        0  0.47027 0.469922 0.525674   0.1628 0.471628 0.470677        0 0.471189 0.470841        0        0        0        0        0        0        0 0.525257 0.162893 0.471222  0.47027 0.471189        0 0.470435 0.524904 0.162908 0.470875 0.469922 0.470841        0 0.470435
   0.231886  0.00240953  0.00241396   0.0024101     0.29691           0  0.00241384    0.231881     0.15393     0.15393     0.15393    0.297501     0.15393     0.15393  0.00240953     0.15393 2.50894e-07 9.96122e-07    0.296656 2.97763e-06 4.12122e-06  0.00241396     0.15393 3.92357e-06 4.63051e-06    0.296656 6.62695e-06 7.77819e-06   0.0024101     0.15393 9.96122e-07 4.63051e-06    0.296656 3.47356e-06 4.61803e-06     0.29691    0.296656    0.296656    0.296656    0.296656    0.296656    0.296656  0.00241249     0.15393 2.97763e-06 6.62695e-06 3.47356e-06    0.296656 6.61314e-06  0.00241384     0.15393 4.12122e-06 7.77819e-06 4.61803e-06    0.296656 6.61314e-06
