8	12	12	1
 0  1  0 12  2  3  0  0  0  0  0  0
 0  0  0  0  2  3  0  0  0  4  0  0
 7  1  0  0  2  0  0  0  0  0  0  9
 7  0  0  0  2  0 10  0  6  4  0  0
 0  1 11  0  0  3  0  5  0  0  8  0
 0  0  0  0  0  3  0  5  0  4  0  0
 0  1  0  0  0  0  0  0  0  0  8  9
 0  0  0  0  0  0  0  0  6  4  0  0
0.3	0.8	0.7	0.5	0.8	0.8	0.9	0.8	0.7	0.5	0.1	0.2	
0.732	0.232	0.009	0.418	0.937	0.475	0.815	0.329	
------target--------
8
------result--------
4	
------details--------
 0.62097 0.620531 0.621272 0.752994 0.620311 0.619909 0.621272 0.766184
0.623018 0.628849 0.623261 0.468803 0.622416 0.624096 0.623261 0.268876
1.83808e-06 1.60487e-05 1.05774e-06   0.0431432 2.26779e-06 8.91507e-06 1.05774e-06           0
------result2--------
8	2	
------details2--------
0.619932 0.620672 0.752985 0.619705 0.619305 0.620672 0.766224 0.619932 0.620236        0 0.619054        0 0.620236        0 0.620672 0.620236 0.753132  0.62001  0.61961        0 0.766338 0.752985 0.752994 0.753132 0.751682 0.751667 0.753132 0.752994 0.619705 0.619054  0.62001 0.751682 0.619054  0.62001 0.764993 0.619305 0.619909  0.61961 0.751667        0  0.61961 0.764902 0.620672 0.620236        0 0.753132  0.62001  0.61961 0.766338 0.766224 0.766184 0.766338        0 0.764993 0.764902 0.766338
0.628243 0.622678 0.468512 0.621823 0.623501 0.622678  0.26883 0.621991 0.622233 0.620531 0.621494 0.620531 0.622233 0.620531 0.622729 0.628542 0.468668 0.622125 0.623802 0.621272 0.268893 0.753016        0 0.752206 0.753847 0.755968 0.752206        0  0.62177 0.627718 0.622024 0.475702 0.627718 0.622024 0.295564 0.621372        0 0.621619 0.409435 0.619909 0.621619        0 0.622729 0.628542 0.621272 0.468668 0.622125 0.623802 0.268893 0.766086        0 0.765302 0.766184 0.766959 0.769047 0.765302
0.621991 0.622729 0.753016  0.62177 0.621372 0.622729 0.766086 0.628243 0.628542        0 0.627718        0 0.628542        0 0.622678 0.622233 0.752206 0.622024 0.621619        0 0.765302 0.468512 0.409949 0.468668 0.475702 0.409435 0.468668 0.807486 0.621823 0.621494 0.622125 0.753847  0.62105 0.622125 0.766959 0.623501 0.621918 0.623802 0.755968 0.627718 0.623802 0.769047 0.622678 0.622233        0 0.752206 0.622024 0.621619 0.765302  0.26883        0 0.268893        0 0.295564        0 0.268893
0.630354 0.624726 0.469521 0.623878 0.625566 0.624726 0.268991 0.630354 0.630667 0.628849 0.629859 0.628849 0.630667 0.628849 0.624726 0.630667 0.469593 0.624123 0.625824 0.623261 0.268781 0.469521 0.628849 0.469593 0.463887 0.528929 0.469593 0.268876 0.623878 0.629859 0.624123 0.463887 0.623466 0.624123 0.248875 0.625566 0.628849 0.625824 0.528929 0.623466 0.625824  0.44368 0.624726 0.630667 0.623261 0.469593 0.624123 0.625824 0.268781 0.268991 0.628849 0.268781 0.268876 0.248875  0.44368 0.268781
1.79192e-05 2.91088e-06   0.0431434 4.12667e-06 1.07876e-05 2.91088e-06    0.108311           0 1.71323e-05 1.60487e-05 1.89973e-05 1.60487e-05 1.71323e-05 1.60487e-05 2.91088e-06 1.71323e-05   0.0431434 3.34206e-06  9.9992e-06 1.05774e-06    0.108311   0.0431434   0.0519318   0.0431434   0.0431763   0.0464713   0.0431434    0.109423 4.12667e-06 1.89973e-05 3.34206e-06   0.0431763  1.2094e-05 3.34206e-06    0.108706 1.07876e-05 1.76534e-05  9.9992e-06   0.0464713 1.08425e-05  9.9992e-06    0.156572 2.91088e-06 1.71323e-05 1.05774e-06   0.0431434 3.34206e-06  9.9992e-06    0.108311    0.108311    0.195589    0.108311    0.108311    0.108706    0.156572    0.108311
