8	12	12	1
 2  0  1  0  0  0  0  7  3  0  5  0
 2  0  1  9  0  0  6  0  0  0  5  0
 0  0  1  0  0  0  0  7  3  0  5  0
 0  0  1  0  0 10  6  0  0  0  5  0
 2  8  1  0 12  0  0  0  3  4  0  0
 2  8  1  9  0  0  0  0  0  4  0  0
 0  0  1  0  0  0  0  0  3  4  0 11
 0  0  1  0  0 10  0  0  0  4  0 11
0.2	0.3	0.5	1	0.1	0.9	0.6	0.9	0.1	1	0.2	1	
0.781	0.814	0.898	0.197	0.696	0.059	0.273	0.712	
------target--------
8
------result--------
7	
------details--------
0.355999  0.35687 0.355999 0.356519 0.358207  0.35687 0.585689 0.614342
0.359199 0.359808 0.359199 0.369092 0.360683 0.359808  0.15254  0.19964
4.28631e-06 4.68963e-06 4.28631e-06 4.29391e-05 8.06427e-07 4.68963e-06    0.105969           0
------result2--------
4	7	
------details2--------
0.354486        0 0.354148 0.355832 0.354486 0.584291 0.613527 0.354486 0.354486 0.355019 0.356706        0 0.584666 0.613645        0 0.354486 0.354148 0.355832 0.354486 0.584291 0.613527 0.354148 0.355019 0.354148 0.356359 0.355019 0.614342        0 0.355832 0.356706 0.355832 0.356359 0.356706 0.585762 0.614503 0.354486        0 0.354486 0.355019 0.356706 0.584666 0.613645 0.584291 0.584666 0.584291 0.614342 0.585762 0.584666        0 0.613527 0.613645 0.613527 0.614342 0.614503 0.613645        0
0.357435 0.355999 0.366621 0.358354 0.357435  0.15191  0.19875   0.3577   0.3577 0.367541 0.359205  0.35687 0.152142 0.199075 0.355999 0.357435 0.366621 0.358354 0.357435  0.15191  0.19875  0.35735  0.35796  0.35735 0.358822  0.35796 0.146678 0.356519 0.359039 0.359648 0.359039 0.368915 0.359648 0.152494  0.19958   0.3577  0.35687   0.3577 0.367541 0.359205 0.152142 0.199075 0.586175 0.586666 0.586175 0.467049 0.584642 0.586666 0.585689 0.614625 0.615006 0.614625        0 0.612063 0.615006 0.614342
  0.3577        0  0.35735 0.359039   0.3577 0.586175 0.614625 0.357435 0.357435  0.35796 0.359648        0 0.586666 0.615006        0   0.3577  0.35735 0.359039   0.3577 0.586175 0.614625 0.366621 0.367541 0.366621 0.368915 0.367541 0.467049        0 0.358354 0.359205 0.358354 0.358822 0.359205 0.584642 0.612063 0.357435        0 0.357435  0.35796 0.359648 0.586666 0.615006  0.15191 0.152142  0.15191 0.146678 0.152494 0.152142        0  0.19875 0.199075  0.19875 0.146678  0.19958 0.199075 0.467049
0.360649 0.359199 0.369971 0.361527 0.360649 0.152762 0.199956 0.360649 0.360649   0.3706 0.362139 0.359808 0.152925 0.200188 0.359199 0.360649 0.369971 0.361527 0.360649 0.152762 0.199956 0.369971   0.3706 0.369971 0.371689   0.3706 0.203077 0.369092 0.361527 0.362139 0.361527 0.371689 0.362139 0.153199 0.200514 0.360649 0.359808 0.360649   0.3706 0.362139 0.152925 0.200188 0.152762 0.152925 0.152762 0.203077 0.153199 0.152925  0.15254 0.199956 0.200188 0.199956 0.369092 0.200514 0.200188  0.15254
9.01309e-06 4.28631e-06 4.72914e-05 5.10664e-06 9.01309e-06     0.10597   0.0887037           0 9.01309e-06 4.76958e-05 5.50855e-06 4.68963e-06     0.10597   0.0887039 4.28631e-06 9.01309e-06 4.72914e-05 5.10664e-06 9.01309e-06     0.10597   0.0887037 4.72914e-05 4.76958e-05 4.72914e-05 4.37678e-05 4.76958e-05    0.109815 4.29391e-05 5.10664e-06 5.50855e-06 5.10664e-06 4.37678e-05 5.50855e-06    0.105969   0.0887034 9.01309e-06 4.68963e-06 9.01309e-06 4.76958e-05 5.50855e-06     0.10597   0.0887039     0.10597     0.10597     0.10597    0.109815    0.105969     0.10597    0.105969   0.0887037   0.0887039   0.0887037    0.104429   0.0887034   0.0887039    0.109254
