8	12	12	1
 5  0  0  1  2  0  0  6  0  0  0  0
 5  0  0  1  0  3  0  0  0  0  0  0
 0  0  0  1  2  0  0  0  7  0  0 12
 0  0 10  1  0  3  0  0  7  0  0  0
 0  4  0  1  2  0  0  6  0  0  0  0
 0  0  0  1  0  3 11  0  0  0  9  0
 0  4  0  1  2  0  0  0  0  8  0  0
 0  0  0  1  0  3  0  0  0  8  9  0
0.7	0.7	0.9	0.2	0.9	0.9	0.9	0.5	0.7	0.8	0.6	1	
0.029	0.271	0.609	0.363	0.853	0.176	0.794	0.923	
------target--------
7
------result--------
8	
------details--------
0.315584 0.316449 0.315768 0.316228 0.315974 0.254947 0.612659 0.579862
0.318414 0.318959 0.318528 0.318825 0.318503  0.43465        0 0.192792
4.56006e-06 1.87633e-06 4.16643e-06 2.77635e-06 3.30934e-06   0.0165039           0    0.073296
------result2--------
8	7	
------details2--------
0.315584 0.314511 0.314974        0 0.253295  0.61274 0.579703        0 0.315383 0.315844 0.315584 0.254465 0.612601 0.579732 0.314511 0.315383 0.315161 0.314904 0.253672 0.612258 0.579278 0.314974 0.315844 0.315161 0.315366 0.254213 0.612471 0.579566        0 0.315584 0.314904 0.315366 0.253788 0.612798 0.579835 0.253295 0.254465 0.253672 0.254213 0.253788 0.581617 0.581617  0.61274 0.612601 0.612258 0.612471 0.612798 0.581617        0 0.579703 0.579732 0.579278 0.579566 0.579835        0 0.579862
       0 0.317282 0.317581 0.315584 0.433262        0   0.1925 0.316449 0.318147 0.318444 0.318126 0.434224        0 0.192682 0.317352 0.317899 0.317762 0.317442 0.433457        0 0.192425 0.317811 0.318358 0.317925 0.317902 0.433974        0 0.192594 0.315974 0.318117 0.317672  0.31797 0.433698        0 0.192613 0.257032 0.257623 0.256975 0.257365 0.257197        0        0 0.612556 0.612978 0.613293 0.613276 0.612388 0.651488 0.612659  0.58006 0.580574 0.580783 0.580827 0.579914 0.579862        0
0.318126 0.317352 0.317811 0.318117 0.257032 0.612556  0.58006        0 0.317899 0.318358 0.318117 0.257623 0.612978 0.580574 0.317282 0.318147 0.317925 0.317672 0.256975 0.613293 0.580783 0.317581 0.318444 0.317762  0.31797 0.257365 0.613276 0.580827        0 0.318126 0.317442 0.317902 0.257197 0.612388 0.579914 0.433262 0.434224 0.433457 0.433974 0.433698 0.651488 0.564606        0        0        0        0        0        0        0   0.1925 0.192682 0.192425 0.192594 0.192613        0 0.666094
0.318959 0.320128 0.320426 0.318503 0.436431        0 0.193165 0.318959 0.320674 0.320971 0.320665 0.437044        0 0.193409 0.320128 0.320674 0.320539 0.320217 0.436568        0 0.193381 0.320426 0.320971 0.320539 0.320515 0.436898        0 0.193451 0.318503 0.320665 0.320217 0.320515 0.436528        0 0.193143 0.436431 0.437044 0.436568 0.436898 0.436528        0 0.420846        0        0        0        0        0        0        0 0.193165 0.193409 0.193381 0.193451 0.193143 0.420846        0
4.71932e-06 8.76655e-06 7.36459e-06 4.58702e-06   0.0165116    0.279243           0 1.87633e-06 6.05745e-06 4.66296e-06 5.22246e-06   0.0165069    0.279243   0.0732962 8.76655e-06 6.05745e-06 6.96257e-06 7.50623e-06     0.01651    0.279243   0.0732968 7.36459e-06 4.66296e-06 6.96257e-06 6.10715e-06   0.0165081    0.279243   0.0732965 3.30934e-06 5.22246e-06 7.50623e-06 6.10715e-06   0.0165097    0.279243   0.0732961   0.0165116   0.0165069     0.01651   0.0165081   0.0165097    0.280561    0.194596    0.279243    0.279243    0.279243    0.279243    0.279243    0.280561    0.279243   0.0732963   0.0732962   0.0732968   0.0732965   0.0732961    0.194578    0.281169
