8	12	12	1
 0  3  7  0  2  0  0  0  1  0  0  5
 0  0  0  8  2  0  0  0  1  4  0  5
10  3  7  0  2  0 11  0  1  0  0  0
 0  0  0  0  2  0  0  0  1  4  0  0
 0  3  0  0  0  6  0  0  1  0  0  5
 0  0  0  8  0  0  0  0  1  4  0  5
10  3  0  0  0  6  0  0  1  0  9  0
 0  0  0  0  0  0  0 12  1  4  9  0
0.1	0.4	0.5	0.5	1	0.8	0.6	0.9	0.2	0.6	0.4	0.6	
0.439	0.923	0.099	0.993	0.926	0.147	0.429	0.157	
------target--------
5
------result--------
7	
------details--------
  0.26139  0.259839   0.25588  0.260516  0.536212  0.259839  0.534859   0.26035
 0.263685  0.262773  0.280492  0.263142         0  0.262773 0.0202492  0.263065
2.07393e-06   4.888e-06 0.000284101 4.46192e-06           0   4.888e-06    0.198182 4.73557e-06
------result2--------
7	5	
------details2--------
 0.259399         0   0.26008  0.536268  0.259399  0.534902  0.259914  0.259399  0.253727  0.259839  0.536365         0  0.534963  0.259691   0.25588  0.253727  0.254495  0.535073  0.253727  0.535073  0.254316   0.26008         0  0.254495   0.53592         0   0.53454         0  0.536268  0.536365  0.535073   0.53592  0.536365         0  0.535925  0.259399         0  0.253727  0.259839  0.536365  0.534963  0.259691  0.534902  0.534963         0   0.53454  0.534859  0.534963  0.534542  0.259914  0.259691  0.254316   0.26035  0.535925  0.259691  0.534542
 0.262343   0.26139  0.262712         0  0.262343 0.0203299  0.262635  0.261711  0.278685         0         0  0.259839 0.0205413  0.261398         0  0.256908  0.257276         0  0.256908         0  0.257197  0.262383  0.260516  0.279247         0  0.260516 0.0203567  0.260516  0.535972   0.53614  0.539507  0.536506   0.53614  0.536212  0.536453  0.261711  0.259839  0.278685         0         0 0.0205413  0.261398  0.534673  0.534809  0.534859  0.535178         0  0.534809  0.535124  0.262219  0.261558  0.279094         0         0  0.261558  0.020378
 0.261711         0  0.262383  0.535972  0.261711  0.534673  0.262219  0.262343  0.256908  0.261746   0.53614         0  0.534809  0.261558  0.339206  0.278685  0.279247  0.539507  0.278685   0.53413  0.279094  0.262712         0  0.257276  0.536506         0  0.535178         0         0         0         0         0         0         0         0  0.262343         0  0.256908  0.261746   0.53614  0.534809  0.261558 0.0203299 0.0205413         0 0.0203567  0.569923 0.0205413  0.020378  0.262635  0.261398  0.257197   0.26221  0.536453  0.261398  0.535124
 0.264655  0.263685  0.265023         0  0.264655 0.0198964  0.264946  0.264655   0.28138  0.263142         0  0.262773 0.0201071  0.263156  0.263685   0.28138  0.281773         0   0.28138 0.0797424  0.281695  0.265023  0.263142  0.281773         0  0.263142 0.0201395  0.263142         0         0         0         0         0         0         0  0.264655  0.262773   0.28138  0.263142         0 0.0201071  0.263156 0.0198964 0.0201071 0.0797424 0.0201395         0 0.0201071 0.0201392  0.264946  0.263156  0.281695  0.263142         0  0.263156 0.0201392
6.99327e-06 2.07393e-06 6.55942e-06    0.237786           0    0.198182 6.83502e-06 6.99327e-06 0.000289473 5.54861e-06    0.237786   4.888e-06    0.198182 5.89406e-06 0.000858643 0.000289473 0.000288907     0.23779 0.000289473    0.213239 0.000289211 6.55942e-06 4.46192e-06 0.000288907    0.237786 4.46192e-06    0.198182 4.46192e-06    0.237786    0.237786     0.23779    0.237786    0.237786    0.237786    0.237786 6.99327e-06   4.888e-06 0.000289473 5.54861e-06    0.237786    0.198182 5.89406e-06    0.198182    0.198182    0.213239    0.198182    0.237831    0.198182    0.198182 6.83502e-06 5.89406e-06 0.000289211 4.82771e-06    0.237786 5.89406e-06    0.198182
