8	12	12	1
10  2  1  0  3  0  0  0  0  0  0 11
10  2  1  8  0  0  0  4  0  0  0  0
 0  2  1  0  3  0  0  0  0  0  5  0
 0  2  1  0  0  0  7  4  0  0  5  0
 0  0  1  0  3  6  0  0  0  0  0 11
 0  0  1  8  0  0  0  4  0  9  0  0
 0  0  1  0  3  6  0  0  0  0  5  0
 0  0  1  0  0  0  7  4 12  9  5  0
0.7	0.2	0.8	1	0.4	0.8	0.7	0.1	0.2	0.8	0.5	0.7	
0.281	0.318	0.609	0.237	0.032	0.994	0.03	0.994	
------target--------
1
------result--------
5	
------details--------
0.780843 0.664388 0.664606 0.664406  0.76814 0.663768 0.664566 0.662773
0.421675 0.668188 0.666369 0.666246  0.14188 0.666054 0.666389 0.665728
          0 4.93001e-06 1.40598e-06 1.78556e-06     0.11799 2.85515e-06 1.54201e-06 3.28393e-06
------result2--------
1	5	
------details2--------
 0.780843  0.780832  0.780817         0  0.780331  0.780814  0.780448         0  0.663892  0.663691  0.780827   0.66305  0.663852  0.662049  0.780832  0.663892         0  0.768017  0.663219         0         0  0.780817  0.663691  0.664406  0.767959  0.662983  0.664367         0         0  0.780827  0.768017  0.767959  0.767429  0.768017  0.767289  0.780331   0.66305  0.663219  0.662983  0.767429  0.663178         0  0.780814  0.663852  0.664566  0.664367         0  0.663178  0.662734  0.780448  0.662049  0.662773  0.662773  0.767289  0.662773  0.662734
        0  0.780872  0.780886  0.780843  0.781209  0.780912  0.780949  0.664388  0.665664   0.66554  0.131034  0.665347  0.665685  0.665019  0.421442  0.667695  0.664606  0.149317  0.665561  0.664606  0.664606  0.421355  0.667495         0  0.148919  0.665361  0.666603  0.664406   0.76814  0.717768  0.768456  0.768438   0.76865  0.768456  0.768369  0.421065   0.66686  0.665066  0.664941  0.141291  0.665082  0.663768  0.421558  0.667659         0   0.66585  0.664566  0.665521  0.665336  0.420604  0.665861         0         0  0.148728         0  0.664973
0.0812223  0.421442  0.421355  0.717768  0.421065  0.421558  0.420604         0  0.667695  0.667495  0.717768   0.66686  0.667659  0.665861  0.780872  0.665664         0  0.768456  0.665066         0         0  0.780886   0.66554  0.665892  0.768438  0.664941   0.66585         0  0.781903  0.131034  0.149317  0.148919  0.141291 0.0889281  0.148728  0.781209  0.665347  0.665561  0.665361   0.76865  0.665521         0  0.780912  0.665685  0.666825  0.666603  0.768456  0.665082  0.664973  0.780949  0.665019  0.665375  0.665253  0.768369  0.664802  0.665336
 0.668188  0.422283  0.422212 0.0988825  0.422118  0.421963   0.42197  0.668188  0.669475  0.669352  0.225774  0.669153  0.669488   0.66883  0.422283  0.669475  0.666369  0.121568  0.667411  0.666369  0.666369  0.422212  0.669352  0.666369  0.129689  0.667292  0.666381  0.666246 0.0988825  0.225774  0.121568  0.129689  0.142307   0.24263  0.139962  0.422118  0.669153  0.667411  0.667292  0.142307  0.667428  0.666054  0.421963  0.669488  0.666369  0.666381   0.24263  0.667428  0.666407   0.42197   0.66883  0.666369  0.666246  0.139962  0.666054  0.666407
          0   0.0618108   0.0618109    0.131455   0.0618113   0.0618108    0.061811 4.93001e-06 6.35162e-06 6.73519e-06    0.119986  7.8078e-06 6.48864e-06 8.24609e-06   0.0618108 6.35162e-06 1.40598e-06    0.118095 4.39958e-06 1.40598e-06 1.40598e-06   0.0618109 6.73519e-06 1.82236e-06    0.118049 4.84042e-06 1.95009e-06 1.78556e-06    0.130007    0.119986    0.118095    0.118049    0.117991    0.121411    0.117999   0.0618113  7.8078e-06 4.39958e-06 4.84042e-06    0.117991 4.53887e-06 2.85515e-06   0.0618108 6.48864e-06 1.54764e-06 1.95009e-06   0.0271761 4.53887e-06 3.79666e-06    0.061811 8.24609e-06  3.6841e-06 3.71936e-06    0.117999 3.81823e-06 3.79666e-06
