8	12	12	1
 3  1  0  0  0  5  0  0  0 10  0  8
 0  1  0  0  0  5  9  0  7  0  0  0
 3  1  2  0  0  0  0  0  0  0  0  0
 0  1  2  0  0  0  0  6  7  0 11  0
 0  0  0  0  0  0  0  0  0  0  0  8
 0  0  0  4 12  0  0  0  0  0  0  0
 0  0  2  0  0  0  0  0  0  0  0  0
 0  0  2  4  0  0  0  6  0  0  0  0
1	0.3	1	0.4	0.6	1	0.7	0.3	0.1	0.2	0.4	0.6	
0.514	0.693	0.151	0.583	0.449	0.702	0.977	0.137	
------target--------
5
------result--------
1	
------details--------
0.682828 0.522387 0.519552 0.520948 0.686972 0.522478 0.521355 0.521281
0.230892  0.52483 0.525117 0.524215        0  0.52487 0.524383 0.524357
  0.0971388  2.7206e-06 1.38711e-05 4.47377e-06           0 2.49314e-06 4.31719e-06 4.38467e-06
------result2--------
1	5	
------details2--------
0.682684 0.681628 0.681835 0.682828 0.682768 0.681628 0.681666 0.682684 0.518683 0.520078 0.686864 0.521616  0.52049 0.520415        0 0.518683 0.519178 0.685149 0.518775 0.519552 0.519483 0.681835 0.520078 0.519178 0.686276 0.520169 0.520948 0.520948        0 0.686864 0.685149 0.686276 0.686947 0.686062 0.686102 0.682768 0.521616 0.518775 0.520169 0.686947 0.520581 0.520506 0.681628  0.52049        0        0 0.686062 0.520581        0 0.681666 0.520415 0.519483        0 0.686102 0.520506 0.521281
0.683094 0.683502 0.683222        0 0.682955 0.683502 0.683442 0.230817 0.524259  0.52336        0  0.52402 0.523529 0.523503 0.519552  0.52115 0.520969        0  0.52119        0 0.521308 0.262361 0.522543 0.536059        0 0.522584        0        0 0.686972 0.687172 0.687893 0.687266 0.687027 0.687521 0.687466 0.230871  0.52407  0.52435 0.523451        0 0.523619 0.523593 0.263369 0.522947 0.521355 0.521355        0 0.522988 0.521355  0.26322 0.522873 0.536473 0.521281        0 0.522915        0
0.230817 0.158917 0.262361 0.710328 0.230871 0.263369  0.26322 0.683094  0.52115 0.522543 0.687172  0.52407 0.522947 0.522873 0.683502 0.524259 0.536059 0.687893  0.52435 0.536562 0.536473 0.683222  0.52336 0.520969 0.687266 0.523451 0.522888 0.522812        0        0        0        0        0        0        0 0.682955  0.52402  0.52119 0.522584 0.687027 0.522988 0.522915 0.683502 0.523529        0        0 0.687521 0.523619        0 0.683442 0.523503 0.521308        0 0.687466 0.523593 0.523229
0.231034 0.261153 0.215836        0 0.230937 0.208401   0.2099 0.231034 0.526722 0.525814        0 0.526471 0.525982 0.525956 0.261153 0.526722 0.524576        0 0.526763 0.524383  0.52442 0.215836 0.525814 0.524576        0 0.525854 0.524383 0.524357        0        0        0        0        0        0        0 0.230937 0.526471 0.526763 0.525854        0 0.526022 0.525996 0.208401 0.525982 0.524383 0.524383        0 0.526022 0.524383   0.2099 0.525956  0.52442 0.524357        0 0.525996 0.524383
  0.0971389   0.0994221   0.0976034    0.218865           0   0.0978603   0.0978081   0.0971389 1.66391e-05 7.22627e-06    0.218692 5.23624e-06 7.06304e-06 7.13213e-06    0.057297 1.66391e-05 2.21045e-05    0.218695 1.64101e-05  2.5049e-05 2.44944e-05   0.0976034 7.22627e-06 2.21045e-05    0.218692 6.99821e-06 4.78851e-06 4.75514e-06    0.218692    0.218692    0.218695    0.218692    0.218692    0.218693    0.218692   0.0971388 5.23624e-06 1.64101e-05 6.99821e-06    0.218692 6.83467e-06 6.90382e-06   0.0978603 7.06304e-06 4.31719e-06 4.31719e-06    0.218693 6.83467e-06 4.31719e-06   0.0978081 7.13213e-06 2.44944e-05 4.38467e-06    0.218692 6.90382e-06 4.42212e-06
