8	12	12	1
 0  4  0  0  1  0  0  7  0  0 11  0
 0  0  0  0  1  0  0  0  0  0  0  0
 0  4  0  0  1  5  3  0  9  8  0  0
 0  0  0  0  1  0  3  0  0  8  0  0
 0  0  0  2  1  0  0  7  0  0  0  0
 0  0 10  2  1  0  0  0  0  0  0  0
 6  0  0  2  1  5  3  0  0  0  0 12
 6  0  0  2  1  0  3  0  0  0  0  0
0.2	0.3	0.2	0.2	0.6	0.1	0.8	0.6	0.7	0.8	0.3	1	
0.639	0.454	0.054	0.686	0.144	0.29	0.984	0.46	
------target--------
2
------result--------
6	
------details--------
 0.783288  0.793733  0.771407  0.772937  0.790053  0.791974  0.758706   0.79094
 0.248172         0  0.346748  0.337764  0.110131 0.0741971  0.420759  0.115854
 0.151142         0 0.0905494 0.0959394  0.245521    0.2755 0.0487383   0.24215
------result2--------
7	2	
------details2--------
  0.783288   0.758537   0.760227   0.783288   0.781291   0.744214   0.780095          0          0          0          0          0          0          0   0.758537   0.771407   0.771407   0.766893   0.769242   0.727969   0.767921   0.760227   0.772937          0   0.768476   0.770801    0.73002   0.769499          0   0.790053   0.766893   0.768476   0.788226   0.753636   0.787145   0.781291   0.791974   0.769242   0.770801   0.788226   0.756268   0.789101   0.744214   0.758706   0.727969    0.73002   0.753636   0.756268   0.758706   0.780095    0.79094   0.767921   0.769499   0.787145   0.789101          0
         0    0.82341   0.823435          0   0.819111   0.814176   0.816567   0.793733   0.793733   0.793733   0.793733   0.793733   0.793733   0.793733    0.81538          0          0   0.823131   0.810409   0.806107   0.807896   0.816344          0   0.772937   0.824031   0.811421   0.807188   0.808917   0.790053          0   0.827518   0.827541   0.822933   0.818768   0.820457   0.828209          0   0.828685     0.8287   0.834553   0.820071    0.82197   0.808471          0   0.809458   0.809555    0.81718    0.80265          0   0.827712          0   0.828122   0.828136   0.834063   0.823975    0.79094
  0.829188    0.81538   0.816344   0.825683   0.828209   0.808471   0.827712          0          0          0          0          0          0          0    0.82341   0.829784   0.829437   0.827518   0.828685   0.809458   0.828122   0.823435     0.8298          0   0.827541     0.8287   0.809555   0.828136          0   0.835544   0.823131   0.824031   0.834553    0.81718   0.834063   0.819111   0.825394   0.810409   0.811421   0.822933    0.80265   0.823975   0.814176   0.821292   0.806107   0.807188   0.818768   0.820071    0.82099   0.816567   0.822928   0.807896   0.808917   0.820457    0.82197          0
         0   0.120355   0.115808   0.110131   0.018428   0.163992  0.0300938          0          0          0          0          0          0          0   0.120355          0   0.337764  0.0474757  0.0309529   0.244155  0.0500301   0.115808          0   0.337764  0.0455086  0.0296476    0.23646  0.0479676   0.110131          0  0.0474757  0.0455086 0.00674553  0.0671939  0.0111107   0.018428          0  0.0309529  0.0296476 0.00674553  0.0442047 0.00699891   0.163992          0   0.244155    0.23646  0.0671939  0.0442047   0.115854  0.0300938          0  0.0500301  0.0479676  0.0111107 0.00699891   0.115854
  0.36121         0  0.241566  0.245973     0.332  0.206781  0.318247  0.360448  0.360448  0.360448  0.360448  0.360448  0.360448  0.360448  0.238129  0.362083 0.0960481  0.300572  0.317976  0.153212  0.298226  0.241566  0.361975 0.0959394  0.302448  0.319331  0.158157  0.300151  0.245521   0.36077  0.300572  0.302448  0.347871  0.282367  0.341376     0.332  0.360563  0.317976  0.319331  0.347871  0.304409  0.347396  0.206781   0.36236  0.153212  0.158157  0.282367  0.304409  0.243895  0.318247  0.360616  0.298226  0.300151  0.341376  0.347396   0.24215
