8	12	12	1
 0  0  0  7  8  0  0  0  0  1  0  0
 0  0  0  7  0  0  0  0  0  1  0  0
 0 12  0  0  0  3  0  0  6  1  0  0
10  0  0  0  0  3  0  0  0  1  0  0
 0  0  0  0  8  0  4  0  0  0 11  2
 0  0  9  0  0  0  0  0  0  0  0  2
 0  0  0  0  0  0  4  5  6  0  0  2
 0  0  0  0  0  0  0  5  0  0  0  2
1	0.9	0.3	0.2	0.9	0.1	0.4	1	0.5	1	1	0.8	
0.673	0.594	0.182	0.818	0.336	0.224	0.322	0.097	
------target--------
7
------result--------
3	
------details--------
0.624887 0.625689 0.718334 0.624779 0.624773 0.625788 0.729441   0.6256
0.627087 0.627639 0.326963 0.627097 0.626974 0.627753 0.233187 0.629639
2.57138e-06 8.21364e-07   0.0577235 2.86941e-06 2.58155e-06 4.85629e-07           0 2.48721e-06
------result2--------
7	8	
------details2--------
 0.624887  0.718035  0.623742         0  0.624761  0.729259  0.624573         0  0.718397  0.624552  0.624494  0.625565  0.729538  0.625377  0.718035  0.718397  0.717781  0.717819  0.718344  0.723601  0.723601  0.623742  0.624552  0.717781   0.62363  0.624653  0.729002  0.624464  0.624494  0.624494  0.717819   0.62363  0.624648  0.729044  0.624459  0.624761  0.625565  0.718344  0.624653  0.624648  0.729468  0.625476  0.729259  0.729538         0  0.729002  0.729044  0.729468  0.729441  0.624573  0.625377  0.723601  0.624464  0.624459  0.625476         0
        0  0.326302  0.626075  0.624887  0.626745  0.232537  0.628614  0.625689  0.326749  0.626876  0.626769  0.627538  0.232962  0.629415  0.718676  0.717854  0.718911  0.718813  0.718195  0.661304  0.661304  0.625956   0.62652  0.326362  0.625841  0.626633  0.232618   0.62851  0.626666  0.626666  0.326334   0.62596  0.626627  0.232587  0.628502  0.626964  0.627519  0.326861  0.626975  0.626851  0.233081  0.629516  0.729649   0.72869  0.729441  0.729898   0.72981  0.729032         0  0.626776  0.627328  0.318926  0.626787  0.626663  0.627444    0.6256
 0.626907  0.718676  0.625956  0.626666  0.626964  0.729649  0.626776         0  0.717854   0.62652  0.626666  0.627519   0.72869  0.627328  0.326302  0.326749  0.326362  0.326334  0.326861   0.77378  0.318926  0.626075  0.626876  0.718911   0.62596  0.626975  0.729898  0.626787  0.626343  0.626769  0.718813  0.625841  0.626851   0.72981  0.626663  0.626745  0.627538  0.718195  0.626633  0.626627  0.729032  0.627444  0.232537  0.232962  0.661304  0.232618  0.232587  0.233081         0  0.628614  0.629415  0.661304   0.62851  0.628502  0.629516         0
 0.627639  0.327731   0.62828  0.627151  0.628939  0.233943   0.63083  0.627639  0.328656  0.628834  0.628801  0.629492   0.23497  0.631405  0.327731  0.328656  0.327599  0.327556  0.328506 0.0412694  0.468498   0.62828  0.628834  0.327599  0.628167  0.628948  0.233789  0.630835  0.627151  0.628801  0.327556  0.628167  0.628825  0.233753  0.630712  0.628939  0.629492  0.328506  0.628948  0.628825  0.234802   0.63151  0.233943   0.23497 0.0412694  0.233789  0.233753  0.234802  0.629639   0.63083  0.631405  0.468498  0.630835  0.630712   0.63151  0.629639
2.67003e-06    0.057724 5.46472e-06 2.59845e-06 3.06422e-06   0.0857761           0 8.21364e-07   0.0577238 3.70191e-06 3.53997e-06 1.31102e-06   0.0857761 3.31283e-06    0.057724   0.0577238   0.0577243   0.0577242   0.0577236    0.133506   0.0588507 5.46472e-06 3.70191e-06   0.0577243 5.47199e-06 3.36097e-06   0.0857763 5.36582e-06 3.25089e-06 3.53997e-06   0.0577242 5.47199e-06 3.07286e-06   0.0857762 5.07726e-06 3.06422e-06 1.31102e-06   0.0577236 3.36097e-06 3.07286e-06   0.0857759 2.97513e-06   0.0857761   0.0857761    0.132969   0.0857763   0.0857762   0.0857759     0.14815 5.06806e-06 3.31283e-06   0.0588507 5.36582e-06 5.07726e-06 2.97513e-06 2.48721e-06
