8	12	12	1
 1  0 11  0  0  7  0  3  0  0  0  0
 1  0  0  0  0  0  0  0  0  0  8  0
 0  0  0  0  0  7  0  3  4 10  0  0
 0  6  0  0  0  0  0  0  4  0  0  0
 1  0  0  2  0  0  5  3  0  0  0  0
 1  0  0  2  0  0  0  0  0  0  8  0
 0  0  0  2 12  0  5  3  4  0  0  9
 0  6  0  2  0  0  0  0  4  0  0  9
0.2	0.7	0.5	0.9	0.8	0.1	0.3	0.2	0.4	0.6	0.2	0.5	
0.561	0.294	0.107	0.464	0.132	0.6	0.283	0.985	
------target--------
4
------result--------
8	
------details--------
0.508885 0.509062 0.509303 0.720613 0.509398 0.509062 0.449356 0.698423
0.511249 0.511377  0.51162        0 0.510294 0.511377 0.588855 0.357885
 1.9873e-06 1.43881e-06 5.65838e-07           0 5.93489e-08 1.43881e-06  0.00958408   0.0585774
------result2--------
8	4	
------details2--------
0.508511 0.508755 0.720674  0.50885 0.508511 0.448503 0.698404 0.508511 0.508932 0.720835 0.509027        0 0.448683   0.6986 0.508755 0.508932 0.720609 0.509268 0.508932 0.449163 0.698401 0.720674 0.720835 0.720609  0.72067 0.720835 0.700549        0  0.50885 0.509027 0.509268  0.72067 0.509027        0 0.698456 0.508511        0 0.508932 0.720835 0.509027 0.448683   0.6986 0.448503 0.448683 0.449163 0.700549 0.449356 0.448683 0.700549 0.698404   0.6986 0.698401 0.698423 0.698456   0.6986        0
0.510841  0.51108        0 0.509759 0.510841 0.588315 0.357786 0.510885 0.511257        0  0.50994 0.509062 0.588482 0.357921 0.511121  0.51125        0 0.510167  0.51125 0.588728 0.357853 0.720408 0.719451 0.720665  0.71919 0.719451 0.742053 0.720613 0.511215 0.511344 0.511586        0 0.511344 0.509398 0.358036 0.510885 0.509062 0.511257        0  0.50994 0.588482 0.357921 0.452165 0.452852 0.452594        0        0 0.452852        0 0.698487 0.697511 0.698794        0 0.697619 0.697511 0.698423
0.510885 0.511121 0.720408 0.511215 0.510885 0.452165 0.698487 0.510841  0.51125 0.719451 0.511344        0 0.452852 0.697511  0.51108 0.511257 0.720665 0.511586 0.511257 0.452594 0.698794        0        0        0        0        0        0        0 0.509759  0.50994 0.510167  0.71919  0.50994        0 0.697619 0.510841        0  0.51125 0.719451 0.511344 0.452852 0.697511 0.588315 0.588482 0.588728 0.742053 0.596545 0.588482 0.688699 0.357786 0.357921 0.357853 0.758313 0.358036 0.357921        0
 0.51321  0.51345        0  0.51212  0.51321 0.590674 0.358218  0.51321  0.51358        0 0.512232 0.511377 0.590855 0.357692  0.51345  0.51358        0 0.512492  0.51358 0.591035 0.358438        0        0        0        0        0        0        0  0.51212 0.512232 0.512492        0 0.512232 0.510294 0.354026  0.51321 0.511377  0.51358        0 0.512232 0.590855 0.357692 0.590674 0.590855 0.591035        0 0.510294 0.590855 0.566138 0.358218 0.357692 0.358438        0 0.354026 0.357692 0.566138
3.44324e-06 2.55724e-06    0.274195           0 3.44324e-06  0.00958771   0.0585774 3.44324e-06 2.00875e-06    0.274195 1.49988e-06 1.43881e-06  0.00958745   0.0585775 2.55724e-06 2.00875e-06    0.274195 6.25559e-07 2.00875e-06  0.00958504   0.0585774    0.274195    0.274195    0.274195    0.274195    0.274195    0.274951    0.274195 2.04817e-06 1.49988e-06 6.25559e-07    0.274195 1.49988e-06 5.93489e-08   0.0585781 3.44324e-06 1.43881e-06 2.00875e-06    0.274195 1.49988e-06  0.00958745   0.0585775  0.00958771  0.00958745  0.00958504    0.274951   0.0101143  0.00958745    0.180452   0.0585774   0.0585775   0.0585774    0.275683   0.0585781   0.0585775    0.180431
