8	12	12	1
 0  0  0  1  0  0  0  5  0  0 11  0
 0  0  0  1  0  0 12  0  0  0  0  0
 0  0  0  1  0  4  0  0  0 10  0  7
 0  3  0  1  0  4  0  0  0  0  0  0
 0  0  0  0  0  0  0  5  6  0  0  0
 0  0  2  0  8  0  0  0  6  0  0  0
 0  0  0  0  0  0  0  0  0  0  0  7
 9  3  2  0  0  0  0  0  0  0  0  0
1	0.3	0.9	0.7	0.9	0.1	0.5	0.6	0.6	0.7	0.2	0.7	
0.49	0.053	0.6	0.664	0.847	0.7	0.664	0.357	
------target--------
7
------result--------
3	
------details--------
0.383706 0.383869 0.589013 0.383566 0.382845 0.382057 0.611202 0.383288
0.386175 0.386335 0.230319 0.389335 0.385486 0.385054        0 0.385933
1.05399e-06 2.99779e-07    0.067386 4.13768e-06 3.56633e-06 4.45381e-06           0 2.71008e-06
------result2--------
3	7	
------details2--------
0.383647 0.589138 0.383341 0.382619 0.381828 0.611348 0.383065 0.383647 0.589009 0.383506 0.382785 0.381997 0.611205 0.383229 0.589138 0.589009 0.589013 0.588777 0.588662 0.589013 0.588711 0.383341 0.383506        0 0.382476 0.381684 0.611335 0.382923 0.382619 0.382785 0.588777 0.382476        0 0.611092   0.3822 0.381828 0.381997 0.588662 0.381684 0.382057 0.611067 0.381409 0.611348 0.611205        0 0.611335 0.611092 0.611067  0.61097 0.383065 0.383229 0.588711 0.382923   0.3822 0.381409  0.61097
0.386117 0.230347  0.38912 0.385266 0.384833        0 0.385713 0.386117 0.230308 0.389277 0.385427 0.384995        0 0.385874 0.587775 0.589181        0 0.589348 0.589221        0 0.589949  0.38583 0.385982 0.383566 0.385128 0.384695        0 0.385575 0.385108 0.385261 0.230057 0.388268 0.382845        0 0.384852 0.384331 0.384478 0.229889 0.387492        0        0 0.384064 0.609733 0.611078 0.611202 0.609243 0.611358 0.611282 0.611922 0.385542 0.385699 0.230106 0.388701 0.384847 0.384414        0
0.386117 0.587775  0.38583 0.385108 0.384331 0.609733 0.385542 0.386117 0.589181 0.385982 0.385261 0.384478 0.611078 0.385699 0.230347 0.230308 0.210678 0.230057 0.229889 0.658734 0.230106  0.38912 0.389277        0 0.388268 0.387492 0.609243 0.388701 0.385266 0.385427 0.589348 0.385128        0 0.611358 0.384847 0.384833 0.384995 0.589221 0.384695 0.384227 0.611282 0.384414        0        0        0        0        0        0        0 0.385713 0.385874 0.589949 0.385575 0.384852 0.384064 0.611922
  0.3886 0.230033 0.391662 0.387749 0.387318        0 0.388197   0.3886 0.230785 0.391773 0.387908 0.387476        0 0.388356 0.230033 0.230785 0.389335   0.2307 0.230581        0  0.23099 0.391662 0.391773 0.389335 0.390915 0.390483        0 0.391363 0.387749 0.387908   0.2307 0.390915 0.385486        0 0.387505 0.387318 0.387476 0.230581 0.390483 0.385486        0 0.387072        0        0        0        0        0        0        0 0.388197 0.388356  0.23099 0.391363 0.387505 0.387072        0
1.35523e-06   0.0673861   5.212e-06 4.63562e-06 5.52774e-06    0.246218           0 1.35523e-06    0.067386 4.44032e-06 3.86917e-06 4.75751e-06    0.246218  3.0117e-06   0.0673861    0.067386   0.0719154   0.0673862   0.0673862    0.247625   0.0673865   5.212e-06 4.44032e-06 4.13768e-06  7.7336e-06 8.63039e-06    0.246218 6.86347e-06 4.63562e-06 3.86917e-06   0.0673862  7.7336e-06 3.56633e-06    0.246218 6.29651e-06 5.52774e-06 4.75751e-06   0.0673862 8.63039e-06 4.92486e-06    0.246218 7.18942e-06    0.246218    0.246218    0.246218    0.246218    0.246218    0.246218    0.246218 3.77255e-06  3.0117e-06   0.0673865 6.86347e-06 6.29651e-06 7.18942e-06    0.246218
