8	12	12	1
 0  0  0  0  0  1  2  0  0  4  0  0
 8  0  6  0  0  1  2  0  0  0  0  0
 0  0  0  0 11  0  2  0  0  4  9  0
 8  0  0  0  0  0  2  0  0  0  0 10
 0  0  0  0  0  1  0  3  7  4  0  0
 0  5  6 12  0  1  0  3  7  0  0  0
 0  0  0  0  0  0  0  3  0  4  9  0
 0  5  0  0  0  0  0  3  0  0  0 10
0.8	0.6	1	0.4	0.7	0.1	0.7	0.6	0.8	0.7	1	0.4	
0.28	0.964	0.83	0.048	0.443	0.245	0.33	0.455	
------target--------
5
------result--------
6	
------details--------
0.524332 0.524528 0.522858 0.524129 0.712549 0.683308  0.52372 0.525436
0.531545 0.527112 0.527501 0.527007 0.262502 0.156718 0.528832 0.527659
1.70059e-05 3.34803e-06 1.00078e-05 4.03343e-06           0     0.12434 1.26639e-05 1.38818e-06
------result2--------
5	1	
------details2--------
 0.523042         0  0.522641         0  0.708336         0  0.523955  0.523042  0.521552         0  0.712311  0.682709  0.522426  0.524129  0.522858  0.521552  0.521143  0.708489  0.704333  0.522858  0.522474  0.522641  0.524129  0.521143  0.712398  0.682642  0.522022         0  0.712549  0.712311  0.708489  0.712398         0  0.711021  0.712634  0.708336  0.682709  0.704333  0.682642  0.708336  0.706828  0.683248   0.52372  0.522426         0  0.522022  0.711021  0.706828  0.523341  0.523955  0.524129  0.522474         0  0.712634  0.683248  0.523341
 0.525638  0.524332  0.525531  0.524332  0.143822  0.524332  0.526186  0.530252  0.526214  0.524528  0.262006  0.156919  0.527544  0.526412         0  0.524166  0.524059         0  0.145555         0  0.524725  0.529846         0  0.525814  0.261849  0.157078  0.527143  0.524129         0   0.71279  0.715998  0.712656  0.712549  0.716996  0.712132  0.602008  0.683913  0.671946  0.683779  0.602008  0.652274  0.683602         0  0.525027   0.52372   0.52492         0  0.144332  0.525578  0.531164  0.526742  0.527125  0.525436  0.262355   0.15687  0.528455
 0.530252         0  0.529846         0  0.602008         0  0.531164  0.525638  0.524166         0   0.71279  0.683913  0.525027  0.526742  0.525577  0.526214  0.525814  0.715998  0.671946  0.525103  0.527125  0.525531  0.526412  0.524059  0.712656  0.683779   0.52492  0.526742         0  0.262006         0  0.261849  0.602008         0  0.262355  0.143822  0.156919  0.145555  0.157078  0.758503  0.144332   0.15687  0.526105  0.527544         0  0.527143  0.716996  0.652274  0.528455  0.526186  0.526412  0.524725         0  0.712132  0.683602  0.525578
 0.532874  0.531545  0.532771  0.531545  0.240414  0.531545  0.533451  0.532874  0.528817  0.527112  0.263011  0.156511  0.530151  0.529025  0.531545  0.528817  0.528713  0.340887  0.164019  0.528832  0.529374  0.532771  0.527112  0.528713  0.262973  0.156458  0.530047  0.527659  0.531545  0.263011  0.340887  0.262973 0.0384076  0.420212   0.26324  0.240414  0.156511  0.164019  0.156458 0.0384076  0.179066  0.155954  0.531545  0.530151  0.528832  0.530047  0.420212  0.179066  0.530711  0.533451  0.529025  0.529374  0.527659   0.26324  0.155954  0.530711
2.03972e-05 1.70059e-05  2.1095e-05 1.70059e-05           0 1.70059e-05 1.84174e-05 2.03972e-05 1.34147e-05 3.34803e-06    0.102001     0.12434 1.60616e-05 4.81044e-06 1.99321e-05 1.34147e-05  1.4118e-05    0.135868    0.124822 1.40775e-05 1.14291e-05  2.1095e-05 4.10681e-06  1.4118e-05    0.102001     0.12434 1.67611e-05 4.23548e-06    0.199233    0.102001    0.135868    0.102001    0.189256    0.164517    0.102001    0.128654     0.12434    0.124822     0.12434    0.189541    0.125826     0.12434 1.87345e-05 1.60616e-05 1.26639e-05 1.67611e-05    0.164517    0.125826 1.40785e-05 1.84174e-05 4.81044e-06 1.14291e-05 1.38818e-06    0.102001     0.12434 1.40785e-05
