8	12	12	1
10  1  0  0  0  0  4  0  0  3  0  0
 0  1  0  0 11  2  0  5  0  3  0  0
 0  1  0  0  0  0  4  0  6  0  0  9
 0  1  0  0  0  2  0  5  6  0  0  0
 0  1  0  7  0  0  0  0  0  3  8  0
 0  1 12  7  0  2  0  0  0  3  0  0
 0  1  0  0  0  0  0  0  0  0  8  9
 0  1  0  0  0  2  0  0  0  0  0  0
0.5	1	0.6	0.8	1	0.7	0.2	0.6	0.7	0.3	0.4	0.3	
0.25	0.13	0.305	0.087	0.156	0.997	0.008	0.615	
------target--------
3
------result--------
7	
------details--------
 0.63946 0.638715 0.698541 0.638773 0.639558 0.638146 0.696781 0.638862
0.641395 0.640902 0.215025 0.640937 0.641554 0.640559 0.281238 0.640968
7.98516e-07 2.55316e-06           0 2.46693e-06 4.72868e-07   2.932e-06   0.0427111 2.27828e-06
------result2--------
3	7	
------details2--------
 0.638499  0.698481  0.638557  0.639344  0.637928  0.696713  0.638646  0.638499  0.697927  0.638628  0.638598   0.63801  0.695795  0.638715  0.698481  0.697927  0.697988  0.698516  0.697888         0  0.697988  0.638557  0.638628         0  0.638656  0.638064  0.697963  0.638773  0.639344  0.638598  0.698516  0.638656  0.638028         0  0.638745  0.637928   0.63801  0.697888  0.638064  0.638028  0.695768  0.638146  0.696713  0.695795         0  0.697963  0.696781  0.695768  0.695852  0.638646         0  0.697988         0  0.638745         0  0.695852
 0.640689    0.2148  0.640724  0.641344  0.640346  0.281137  0.640755  0.640445  0.251228  0.640386  0.640606  0.639765   0.28199         0  0.699025  0.699306  0.699395  0.698947  0.698912  0.698541  0.699395  0.640503  0.640323  0.638773  0.640666  0.639828  0.276731         0  0.641281  0.640786  0.215159  0.640822  0.640444  0.639558  0.640853  0.639883  0.639625  0.247505  0.639751  0.640046  0.281542         0  0.697323  0.698042  0.696781  0.695136         0  0.697366   0.69826  0.640591  0.638862  0.252031  0.638862  0.640751  0.638862  0.282089
 0.640445  0.699025  0.640503  0.641281  0.639883  0.697323  0.640591  0.640689  0.699306  0.640323  0.640786  0.639625  0.698042  0.640421    0.2148  0.251228 0.0170394  0.215159  0.247505  0.656331  0.252031  0.640724  0.640386  0.699395  0.640822  0.639751  0.695136  0.640549  0.641344  0.640606  0.698947  0.640666  0.640046         0  0.640751  0.640346  0.639765  0.698912  0.639828  0.640444  0.697366  0.639923  0.281137   0.28199  0.698947  0.276731  0.018034  0.281542  0.282089  0.640755         0  0.699395         0  0.640853         0   0.69826
 0.642632  0.216879  0.642667  0.643284  0.642291  0.282072  0.642697  0.642632  0.158036  0.640976  0.642791  0.640999  0.280266  0.640968  0.216879  0.158036  0.356676  0.212778  0.193387 0.0334944  0.140121  0.642667  0.640976  0.356676  0.642824   0.64099  0.287916  0.640968  0.643284  0.642791  0.212778  0.642824   0.64245  0.641554  0.642857  0.642291  0.640999  0.193387   0.64099   0.64245  0.281058  0.640968  0.282072  0.280266 0.0334944  0.287916  0.641554  0.281058  0.279873  0.642697  0.640968  0.140121  0.640968  0.642857  0.640968  0.279873
 3.3596e-06   0.0526575           0  1.2735e-06  3.7417e-06   0.0427112 3.08371e-06  3.3596e-06   0.0534258 2.77265e-06  3.0309e-06  3.5727e-06   0.0427139 2.58343e-06   0.0526575   0.0534258   0.0654154   0.0526574   0.0529087   0.0805463   0.0537155 3.27311e-06 2.77265e-06    0.014424 2.94452e-06  3.4714e-06   0.0427253 2.47776e-06  1.2735e-06  3.0309e-06   0.0526574 2.94452e-06 3.41186e-06 4.72868e-07  2.7554e-06  3.7417e-06  3.5727e-06   0.0529087  3.4714e-06 3.41186e-06   0.0427123 3.28944e-06   0.0427112   0.0427139   0.0804062   0.0427253   0.0793355   0.0427123   0.0427143 3.08371e-06 2.27828e-06   0.0537155 2.27828e-06  2.7554e-06 2.27828e-06   0.0427143
