8	12	12	1
 0  0  0  0  0  0  5  2  0  8  0  0
 0  0  0  0  0  0  0  0  0  0  0 12
 1  0  0  0  3  0  5  2  7  0  0  0
 1  0  0  0  3  0  0  0  0  0 11  0
 0  6  0  0  0  4  0  2  0  8  0  0
 0  0  9  0  0  4  0  0  0  0  0  0
 1  6  0  0  0  0  0  2  7  0  0  0
 1  0  0 10  0  0  0  0  0  0  0  0
0.5	0.9	1	1	0.3	0.3	1	0.4	1	0.9	0.6	0.6	
0.396	0.256	0.731	0.866	0.787	0.086	0.882	0.959	
------target--------
7
------result--------
3	
------details--------
 0.28028 0.281711 0.550062 0.281059  0.28028  0.28187 0.550062 0.280445
0.283186 0.284151 0.193501 0.283607 0.283186 0.284302 0.193501 0.283344
5.01209e-06 1.63436e-06   0.0547181 3.76782e-06 5.01209e-06 8.52805e-07           0 5.14764e-06
------result2--------
8	7	
------details2--------
0.279964 0.548987 0.279305        0 0.280127 0.548987 0.278691 0.279964 0.549953 0.280745 0.279964 0.281559 0.549953  0.28013 0.548987 0.549953  0.54979 0.548987 0.549951        0 0.548929 0.279305 0.280745  0.54979 0.279305 0.280906  0.54979 0.279472        0 0.279964 0.548987 0.279305 0.280127 0.548987 0.278691 0.280127 0.281559 0.549951 0.280906 0.280127 0.549951 0.280292 0.548987 0.549953        0  0.54979 0.548987 0.549951 0.548929 0.278691  0.28013 0.548929 0.279472 0.278691 0.280292 0.548929
0.282413   0.1926 0.281865  0.28028 0.282559   0.1926 0.281597 0.282875 0.193343 0.283297 0.282875 0.283992 0.193343 0.283032 0.550769 0.550797 0.550501 0.550769 0.551707 0.550062 0.550998 0.282222 0.283193  0.19301 0.282222 0.283341  0.19301 0.282379  0.28028 0.282413   0.1926 0.281865 0.282559   0.1926 0.281597 0.283035    0.284 0.193423 0.283456 0.283035 0.193423 0.283192 0.550769 0.550797 0.550062 0.550501 0.550769 0.551707 0.550998 0.281606 0.282577 0.192683  0.28203 0.281606 0.282725 0.192683
0.282875 0.550769 0.282222        0 0.283035 0.550769 0.281606 0.282413 0.550797 0.283193 0.282413    0.284 0.550797 0.282577   0.1926 0.193343  0.19301   0.1926 0.193423        0 0.192683 0.281865 0.283297 0.550501 0.281865 0.283456 0.550501  0.28203        0 0.282875 0.550769 0.282222 0.283035 0.550769 0.281606 0.282559 0.283992 0.551707 0.283341 0.282559 0.551707 0.282725   0.1926 0.193343        0  0.19301   0.1926 0.193423 0.192683 0.281597 0.283032 0.550998 0.282379 0.281597 0.283192 0.550998
0.285332 0.194107 0.284785 0.283186 0.285483 0.194107  0.28452 0.285332 0.194591 0.285756 0.285332 0.286452 0.194591  0.28549 0.194107 0.194591 0.194315 0.194107 0.194682 0.193501  0.19419 0.284785 0.285756 0.194315 0.284785 0.285906 0.194315 0.284943 0.283186 0.285332 0.194107 0.284785 0.285483 0.194107  0.28452 0.285483 0.286452 0.194682 0.285906 0.285483 0.194682 0.285641 0.194107 0.194591 0.193501 0.194315 0.194107 0.194682  0.19419  0.28452  0.28549  0.19419 0.284943  0.28452 0.285641  0.19419
6.66365e-06   0.0547198 8.82082e-06 5.01209e-06 5.87212e-06   0.0547198           0 6.66365e-06   0.0547186 5.41809e-06 6.66365e-06 2.48987e-06   0.0547186 6.79843e-06   0.0547198   0.0547186   0.0547192   0.0547198   0.0547184   0.0547181     0.05472 8.82082e-06 5.41809e-06   0.0547192 8.82082e-06 4.62702e-06   0.0547192 8.95442e-06 5.01209e-06 6.66365e-06   0.0547198 8.82082e-06 5.87212e-06   0.0547198 1.02035e-05 5.87212e-06 2.48987e-06   0.0547184 4.62702e-06 5.87212e-06   0.0547184 6.00746e-06   0.0547198   0.0547186   0.0547181   0.0547192   0.0547198   0.0547184     0.05472 1.02035e-05 6.79843e-06     0.05472 8.95442e-06 1.02035e-05 6.00746e-06     0.05472
