8	12	12	1
 0  0  0 10  0  0  0  0  0  0  0  0
 0  0  0  0  0  2  0  0  6  0  0  0
 1  8  0  0  0  0  4  0  0  0  0  0
 1  0  0  0  0  2  4  0  6  0  0 12
 0  0  9  0  5  0  0  3  0  0  0  0
 0  0  0  0  0  2  0  3  0  0  0  0
 1  0  0  0  5  0  0  3  0  7 11  0
 1  0  0  0  0  2  0  3  0  7  0  0
0.2	0.8	0.2	0.8	0.9	0.6	0.4	0.7	0.2	0.3	0.6	0.1	
0.993	0.318	0.979	0.993	0.631	0.9	0.143	0.332	
------target--------
6
------result--------
8	
------details--------
  0.26696  0.267562  0.266968  0.267457  0.545129  0.551385  0.539398  0.545148
 0.268307  0.268745  0.268313  0.268673 0.0550366         0 0.0728493 0.0454475
1.15628e-06 2.20221e-07 1.15263e-06 4.82997e-07    0.161329           0    0.140798    0.171828
------result2--------
7	6	
------details2--------
  0.266881   0.266285   0.266774   0.544926   0.551227   0.539178   0.544953   0.266881   0.266889          0   0.545179   0.551442   0.539447     0.5452   0.266285   0.266889   0.266783   0.544928   0.551228    0.53918   0.544954   0.266774   0.267457   0.266783   0.545295   0.551568   0.539564    0.54532   0.544926   0.545179   0.544928   0.545295   0.545129   0.532758   0.538662   0.551227   0.551442   0.551228   0.551568          0          0          0   0.539178   0.539447    0.53918   0.539564   0.532758   0.539398   0.539398   0.544953     0.5452   0.544954    0.54532   0.538662   0.545148          0
  0.268068   0.267632   0.267996  0.0551029          0  0.0728478  0.0454782   0.268229   0.268235   0.267562  0.0550769          0  0.0728703  0.0454699   0.267634   0.268076   0.268004  0.0551018          0  0.0728476  0.0454776   0.268124          0    0.26813  0.0551705          0  0.0729181  0.0455185   0.545327   0.544441   0.545329   0.544205          0   0.621566   0.615983    0.55154   0.550588   0.551542   0.550363   0.551385   0.551385   0.551385   0.539613   0.538724   0.539615   0.538475   0.595565          0          0   0.545339    0.54443   0.545341   0.544192   0.599854          0   0.545148
  0.268229   0.267634   0.268124   0.545327    0.55154   0.539613   0.545339   0.268068   0.268076          0   0.544441   0.550588   0.538724    0.54443   0.267632   0.268235    0.26813   0.545329   0.551542   0.539615   0.545341   0.267996   0.268617   0.268004   0.544205   0.550363   0.538475   0.544192  0.0551029  0.0550769  0.0551018  0.0551705   0.603988   0.595565   0.599854          0          0          0          0          0          0          0  0.0728478  0.0728703  0.0728476  0.0729181   0.621566   0.625114   0.633614  0.0454782  0.0454699  0.0454776  0.0455185   0.615983   0.619452          0
  0.269416   0.268982   0.269344  0.0549714          0  0.0728507  0.0454173   0.269416   0.269422   0.268745   0.054464          0  0.0725499  0.0451293   0.268982   0.269422    0.26935  0.0549712          0   0.072851  0.0454172   0.269344   0.268745    0.26935  0.0542775          0  0.0724591  0.0450452  0.0549714   0.054464  0.0549712  0.0542775          0  0.0093331 0.00556657          0          0          0          0          0          0          0  0.0728507  0.0725499   0.072851  0.0724591  0.0093331          0  0.0454475  0.0454173  0.0451293  0.0454172  0.0450452 0.00556657          0  0.0454475
1.37813e-06 2.31427e-06 1.64326e-06    0.161329    0.247015           0    0.171828 1.37813e-06 1.37449e-06 2.20221e-07    0.161329    0.247015    0.140798    0.171828 2.31427e-06 1.37449e-06  1.6396e-06    0.161329    0.247015    0.140798    0.171828 1.64326e-06 4.84563e-07  1.6396e-06     0.16133    0.247015    0.140798    0.171828    0.161329    0.161329    0.161329     0.16133     0.24734    0.225405     0.23278    0.247015    0.247015    0.247015    0.247015    0.247015    0.247015    0.247015    0.140798    0.140798    0.140798    0.140798    0.225405    0.247892    0.172291    0.171828    0.171828    0.171828    0.171828     0.23278    0.247436    0.171828
