8	12	12	1
 0  0  0  7  0  6  0  8  0  1  0  0
 0  0  3  0  0  6  0  0  0  1  0  0
10  0  0  7  0  0  2  0  0  1  0  0
 0  0  3  0  9  0  2  0  5  1  0  0
 0  0  0  0  0  0  0  0  0  1  0  4
 0 12  3  0  0  0  0  0  0  1  0  4
 0  0  0  0  0  0  2  0  0  1  0  4
 0  0  3  0  0  0  2  0  5  1 11  4
0.5	0.5	0.4	1	0.8	0.8	0.5	0.9	1	0.3	0.8	0.4	
0.657	0.16	0.709	0.228	0.161	0.673	0.161	0.407	
------target--------
7
------result--------
5	
------details--------
 0.79047 0.790985 0.790764 0.790948 0.849227 0.842145 0.849227 0.842321
 0.79192 0.792237 0.792047 0.792227 0.421273 0.700666 0.421273 0.689161
1.57686e-06 4.84451e-07 1.01367e-06 6.03287e-07   0.0535667   0.0135451           0   0.0151664
------result2--------
8	7	
------details2--------
 0.79047   0.7901 0.790287    0.849 0.841853    0.849 0.842041        0 0.790619 0.790803 0.849169 0.842073 0.849169 0.842252   0.7901 0.790619 0.790581 0.849202 0.842079 0.849202 0.842266 0.790287 0.790803 0.790581 0.849169 0.842068 0.849169 0.842248    0.849 0.849169 0.849202 0.849169        0        0        0 0.841853 0.842073 0.842079 0.842068 0.842145 0.842145 0.834532    0.849 0.849169 0.849202 0.849169        0        0        0 0.842041 0.842252 0.842266 0.842248 0.842321 0.834532 0.842321
       0 0.791393 0.791574 0.421057 0.700224 0.421057 0.688616 0.790985 0.791904 0.792084 0.421225 0.700569 0.421225 0.689044 0.791557 0.791876 0.791866 0.421164 0.700434 0.421164 0.688822 0.791739 0.792058 0.791867 0.421214 0.700546 0.421214  0.68901 0.849498 0.849665 0.849289 0.849577 0.849227 0.849227 0.849227 0.842493  0.84269 0.842309 0.842607        0        0 0.867762 0.849498 0.849665 0.849289 0.849577 0.849227 0.849227 0.849227 0.842656  0.84285  0.84246 0.842763        0 0.864536        0
0.791812 0.791557 0.791739 0.849498 0.842493 0.849498 0.842656        0 0.791876 0.792058 0.849665  0.84269 0.849665  0.84285 0.791393 0.791904 0.791867 0.849289 0.842309 0.849289  0.84246 0.791574 0.792084 0.791866 0.849577 0.842607 0.849577 0.842763 0.421057 0.421225 0.421164 0.421214        0        0        0 0.700224 0.700569 0.700434 0.700546 0.869367 0.869367 0.864536 0.421057 0.421225 0.421164 0.421214        0        0        0 0.688616 0.689044 0.688822  0.68901 0.872389 0.867762 0.872389
0.792237 0.792843 0.793023 0.421535 0.701205 0.421535 0.689824 0.792237 0.793159 0.793339 0.421645 0.701426 0.421645 0.690065 0.792843 0.793159  0.79315 0.421552 0.701261 0.421552 0.690027 0.793023 0.793339  0.79315  0.42163 0.701406  0.42163 0.690083 0.421535 0.421645 0.421552  0.42163 0.421273 0.421273 0.421273 0.701205 0.701426 0.701261 0.701406 0.421273 0.421273  0.54982 0.421535 0.421645 0.421552  0.42163 0.421273 0.421273 0.421273 0.689824 0.690065 0.690027 0.690083 0.421273  0.54982 0.421273
1.62403e-06 2.60177e-06 2.18551e-06   0.0535669   0.0135455   0.0535669           0 4.84451e-07 1.50132e-06 1.08929e-06   0.0535668   0.0135452   0.0535668   0.0151666 2.60177e-06 1.50132e-06 1.62139e-06   0.0535667   0.0135452   0.0535667   0.0151666 2.18551e-06 1.08929e-06 1.62139e-06   0.0535667   0.0135452   0.0535667   0.0151666   0.0535669   0.0535668   0.0535667   0.0535667   0.0535667   0.0535667   0.0535667   0.0135455   0.0135452   0.0135452   0.0135452   0.0540605   0.0540605   0.0363355   0.0535669   0.0535668   0.0535667   0.0535667   0.0535667   0.0535667   0.0535667   0.0151669   0.0151666   0.0151666   0.0151666    0.054124   0.0363355    0.054124
