8	12	12	1
 0  0  0  0  0  0  0  0  0  7  8  2
 0  3  0  0  0  0  0  5  0  0  8  0
 0  0  0  0  0  0  0  0  0  7  0  2
 0  3  0  0  0  0  0  0  0  0  0  0
 0  0  9  1  0 12  0  0  0  0  0  2
 0  0  0  1  0  0  0  5  6  0  0  0
 0  0  9  1 11  0  4  0  0  0  0  2
10  0  0  1  0  0  4  0  6  0  0  0
0.1	0.1	0.3	1	0.9	0.8	0.2	0.6	0.5	0.7	0.8	0.4	
0.193	0.027	0.498	0.45	0.069	0.653	0.07	0.332	
------target--------
4
------result--------
2	
------details--------
0.520735 0.545476 0.521662 0.546128  0.52278 0.521653 0.522761 0.521521
0.526889 0.393563 0.526489        0 0.527368 0.526423 0.527358 0.526384
1.75949e-05   0.0058525 9.28442e-06           0 1.78059e-06 9.16717e-06  1.9453e-06 9.96471e-06
------result2--------
4	1	
------details2--------
       0 0.520735 0.544351 0.520528 0.519371 0.520509 0.519233        0 0.544351 0.545476 0.545313 0.544555 0.545294 0.544565        0 0.544351 0.545111 0.521457 0.520312 0.521437 0.520176 0.544351        0 0.545111 0.545967 0.545214 0.545947 0.545225 0.520528 0.545313 0.521457 0.545967 0.521448 0.522558 0.521315 0.519371 0.544555 0.520312 0.545214 0.521448 0.521428        0 0.520509 0.545294 0.521437 0.545947 0.522558 0.521428 0.521296 0.519233 0.544565 0.520176 0.545225 0.521315 0.521521 0.521296
0.520735        0        0 0.525165 0.524215 0.525152 0.524178 0.545476 0.548267        0 0.548977 0.547845 0.549057 0.547582 0.521662 0.406003        0 0.526067 0.525119 0.526056 0.525082 0.549208 0.546128 0.548822 0.549615 0.548486 0.549697 0.548223 0.526688 0.393311 0.526289        0 0.526223 0.527159 0.526185 0.525576 0.391473 0.525177        0 0.526063 0.526051 0.521653 0.526669 0.393299  0.52627        0 0.527149 0.526204 0.526165 0.525447 0.390908 0.525049        0 0.525935        0 0.525923
0.548267 0.528082 0.549208 0.526688 0.525576 0.526669 0.525447        0 0.406003 0.551384 0.393311 0.391473 0.393299 0.390908        0 0.548267 0.548822 0.526289 0.525177  0.52627 0.525049        0        0        0        0        0        0        0 0.525165 0.548977 0.526067 0.549615 0.526063 0.527149 0.525935 0.524215 0.547845 0.525119 0.548486 0.526223 0.526204        0 0.525152 0.549057 0.526056 0.549697 0.527159 0.526051 0.525923 0.524178 0.547582 0.525082 0.548223 0.526185 0.525892 0.526165
0.483491 0.526489        0 0.531316 0.530376 0.531307 0.530339 0.483491 0.342349        0 0.399179 0.399179 0.398906 0.400017 0.526489 0.342349        0 0.530921 0.529981 0.530912 0.529944        0        0        0        0        0        0        0 0.531316 0.399179 0.530921        0 0.530858 0.531785 0.530821 0.530376 0.399179 0.529981        0 0.530858 0.530848 0.526423 0.531307 0.398906 0.530912        0 0.531785 0.530848 0.530811 0.530339 0.400017 0.529944        0 0.530821 0.526423 0.530811
0.000696768 1.79441e-05   0.0324112           0 2.69876e-05 1.95771e-05 2.78192e-05    0.021627  0.00605816   0.0324073  0.00585391  0.00585989  0.00585406   0.0058611 9.28442e-06  0.00605816   0.0324059 1.10874e-05 1.85931e-05  1.1253e-05 1.94118e-05   0.0324112   0.0324006   0.0324059   0.0324017   0.0324048   0.0324019   0.0324043 1.94111e-05  0.00585391 1.10874e-05   0.0324017 1.09732e-05 3.73016e-06 1.17744e-05 2.69876e-05  0.00585989 1.85931e-05   0.0324048 1.09732e-05 1.11387e-05 9.16717e-06 1.95771e-05  0.00585406  1.1253e-05   0.0324019 3.73016e-06 1.11387e-05 1.19398e-05 2.78192e-05   0.0058611 1.94118e-05   0.0324043 1.17744e-05 9.97613e-06 1.19398e-05
