8	12	12	1
 0  0  0  0  4  5  0  0  1  0  7  0
 9  0  0  0  0  5  0  0  1  0  0  0
 0  0  0  0  0  0  0  0  0  0  7  2
 0  0  0  3  0  0  0 12  0  0  0  2
 0  6  8  0  4  0  0  0  1 10  0  0
 0  6  0  0  0  0  0  0  1  0  0  0
 0  0  8  0  0  0 11  0  0  0  0  2
 0  0  0  3  0  0  0  0  0  0  0  2
0.9	0.2	0.9	1	0.2	0.1	0.3	0.4	0.3	0.8	1	0.4	
0.006	0.154	0.193	0.631	0.367	0.131	0.483	0.884	
------target--------
8
------result--------
4	
------details--------
 0.273588  0.273684  0.273588  0.621573  0.273346   0.27388  0.273627  0.636991
 0.276062  0.276125  0.276062 0.0908295   0.27585  0.276252  0.276018         0
1.88007e-06 1.40779e-06 1.88007e-06    0.158885 2.85296e-06 3.57558e-07 1.63665e-06           0
------result2--------
4	8	
------details2--------
 0.273331         0   0.62141  0.272992  0.273526  0.273273  0.636866  0.273331  0.273331  0.621471  0.273088  0.273623   0.27337  0.636917         0  0.273331   0.62141  0.272992  0.273526  0.273273  0.636866   0.62141  0.621471   0.62141  0.621454  0.621614   0.62171  0.621573  0.272992  0.273088  0.272992  0.621454  0.273346   0.27303  0.636941  0.273526  0.273623  0.273526  0.621614         0  0.273565   0.63704  0.273273   0.27337  0.273273   0.62171   0.27303  0.273565  0.637169  0.636866  0.636917  0.636866         0  0.636941   0.63704  0.637169
 0.275773  0.273588  0.090811  0.275497  0.275903  0.275667         0  0.275806  0.275806 0.0908213  0.275594  0.275998  0.275763         0  0.273588  0.275773  0.090811  0.275497  0.275903  0.275667         0  0.622538  0.622431  0.622538  0.621947  0.620053  0.620682         0  0.275468  0.275532  0.275468 0.0908537         0  0.275428         0  0.276001  0.276064  0.276001 0.0908525   0.27388  0.275958         0   0.27575  0.275813   0.27575 0.0909149  0.275539  0.275948         0  0.637736  0.637615  0.637736  0.636991  0.637151  0.635178  0.635827
 0.275806         0  0.622538  0.275468  0.276001   0.27575  0.637736  0.275773  0.275773  0.622431  0.275532  0.276064  0.275813  0.637615         0  0.275806  0.622538  0.275468  0.276001   0.27575  0.637736  0.090811 0.0908213  0.090811 0.0908537 0.0908525 0.0909149   0.69954  0.275497  0.275594  0.275497  0.621947  0.275801  0.275539  0.637151  0.275903  0.275998  0.275903  0.620053         0  0.275948  0.635178  0.275667  0.275763  0.275667  0.620682  0.275428  0.275958  0.635827         0         0         0         0         0         0         0
 0.278266  0.276062 0.0909414  0.277991  0.278394   0.27816         0  0.278266  0.278266 0.0908999  0.278054  0.278457  0.278223         0  0.276062  0.278266 0.0909414  0.277991  0.278394   0.27816         0 0.0909414 0.0908999 0.0909414 0.0907512 0.0899587 0.0902593         0  0.277991  0.278054  0.277991 0.0907512  0.276252  0.277948         0  0.278394  0.278457  0.278394 0.0899587  0.276252  0.278352         0   0.27816  0.278223   0.27816 0.0902593  0.277948  0.278352         0         0         0         0         0         0         0         0
3.29223e-06 1.88007e-06    0.158885 4.74291e-06  2.2394e-06 3.52424e-06    0.305398           0 3.29223e-06    0.158885 4.26851e-06 1.76677e-06 3.05043e-06    0.305398 1.88007e-06 3.29223e-06    0.158885 4.74291e-06  2.2394e-06 3.52424e-06    0.305398    0.158885    0.158885    0.158885    0.158885    0.158885    0.158885    0.306314 4.74291e-06 4.26851e-06 4.74291e-06    0.158885 2.86479e-06 4.50452e-06    0.305398  2.2394e-06 1.76677e-06  2.2394e-06    0.158885 3.57558e-07 1.99764e-06    0.305398 3.52424e-06 3.05043e-06 3.52424e-06    0.158885 4.50452e-06 1.99764e-06    0.305398    0.305398    0.305398    0.305398    0.305398    0.305398    0.305398    0.305398
