8	12	12	1
 0  0  0  2  0  3  0  7  0  0  0  4
 0  0  0  0  0  3  0  0 12  8  0  4
 1  9  6  2  0  0  0  0  0  0  0  4
 1  9  0  0  0  0  0  0  0  0  0  4
 0  0  0  2  5  3  0  7  0  0  0  0
 0  0  0  0  0  3  0  0  0  8  0  0
 1  0  6  2  5  0  0  0  0  0 11  0
 1  0  0  0  0  0 10  0  0  0  0  0
0.4	0.2	0.2	0.8	1	0.8	0.4	0.3	0.4	0.9	0.4	0.5	
0.09	0.011	0.328	0.486	0.11	0.972	0.202	0.586	
------target--------
5
------result--------
1	
------details--------
0.878947 0.851044 0.851484 0.851484 0.878947 0.851047 0.851551 0.851432
0.395215 0.852127 0.852404 0.852404 0.395215 0.852128  0.85247 0.852361
  0.0338108 1.15531e-06 4.20777e-07 4.20777e-07           0 1.15239e-06 2.29818e-07 5.50276e-07
------result2--------
6	5	
------details2--------
0.878675 0.878976 0.878976        0 0.878674 0.878936 0.878922 0.878675 0.850905 0.850905 0.878675 0.851044 0.850974 0.850853 0.878976 0.850905        0 0.878976 0.850908 0.851415 0.851295 0.878976 0.850905        0 0.878976 0.850908 0.851415 0.851295        0 0.878675 0.878976 0.878976 0.878674 0.878936 0.878922 0.878674        0 0.850908 0.850908 0.878674 0.850977 0.850856 0.878936 0.850974 0.851415 0.851415 0.878936 0.850977 0.851363 0.878922 0.850853 0.851295 0.851295 0.878922 0.850856 0.851363
0.879187 0.878783 0.878783 0.878947 0.879189 0.879085 0.879046 0.395046 0.851837 0.851837 0.395046        0 0.851901 0.851791 0.395182 0.851992 0.851484 0.395182 0.851994 0.852338 0.852229 0.395182 0.851992 0.851484 0.395182 0.851994 0.852338 0.852229 0.878947 0.879187 0.878783 0.878783 0.879189 0.879085 0.879046 0.395046 0.851047 0.851839 0.851839 0.395046 0.851904 0.851793 0.395199 0.852059 0.852338 0.852338 0.395199  0.85206 0.852294  0.39517  0.85194 0.852221 0.852221  0.39517 0.851941 0.852286
0.395046 0.395182 0.395182        0 0.395046 0.395199  0.39517 0.879187 0.851992 0.851992 0.879187 0.851789 0.852059  0.85194 0.878783 0.851837        0 0.878783 0.851839 0.852338 0.852221 0.878783 0.851837        0 0.878783 0.851839 0.852338 0.852221        0 0.395046 0.395182 0.395182 0.395046 0.395199  0.39517 0.879189        0 0.851994 0.851994 0.879189  0.85206 0.851941 0.879085 0.851901 0.852338 0.852338 0.879085 0.851904 0.852286 0.879046 0.851791 0.852229 0.852229 0.879046 0.851793 0.852294
0.395367 0.395413 0.395413 0.395215 0.395368 0.395428   0.3954 0.395367 0.852915 0.852915 0.395367 0.852128  0.85298 0.852871 0.395413 0.852915 0.852404 0.395413 0.852916 0.853258  0.85315 0.395413 0.852915 0.852404 0.395413 0.852916 0.853258  0.85315 0.395215 0.395367 0.395413 0.395413 0.395368 0.395428   0.3954 0.395368 0.852128 0.852916 0.852916 0.395368 0.852981 0.852872 0.395428  0.85298 0.853258 0.853258 0.395428 0.852981 0.853214   0.3954 0.852871  0.85315  0.85315   0.3954 0.852872 0.853214
  0.0338111   0.0338109   0.0338109   0.0338108           0   0.0338108   0.0338108   0.0338111 1.58243e-06 1.58243e-06   0.0338111 1.15607e-06 1.38789e-06 1.71234e-06   0.0338109 1.58243e-06 4.20777e-07   0.0338109 1.57946e-06  6.5265e-07  9.7617e-07   0.0338109 1.58243e-06 4.20777e-07   0.0338109 1.57946e-06  6.5265e-07  9.7617e-07   0.0338108   0.0338111   0.0338109   0.0338109   0.0338111   0.0338108   0.0338108   0.0338111 1.15239e-06 1.57946e-06 1.57946e-06   0.0338111 1.38496e-06 1.70938e-06   0.0338108 1.38789e-06  6.5265e-07  6.5265e-07   0.0338108 1.38496e-06 7.82126e-07   0.0338108 1.71234e-06  9.7617e-07  9.7617e-07   0.0338108 1.70938e-06 7.82126e-07
