8	12	12	1
 0  0  0  2 11  0  1  0  0  0  0  0
 0  0  0  2  0  0  1  0  0  0  0  0
 0  5  0  0  0  0  1  0  0  8  0  0
 0  0  0  0  0  0  1  6  0  8  0  0
 0  0  0  2  0  4  1  0  3  0  0 12
 0  0 10  2  0  4  1  0  3  0  9  0
 7  5  0  0  0  0  1  0  3  0  0  0
 7  0  0  0  0  0  1  6  3  0  9  0
0.7	0.7	0.2	0.5	0.1	1	0.2	0.9	0.8	0.6	0.3	0.8	
0.758	0.597	0.723	0.663	0.062	0.484	0.187	0.918	
------target--------
4
------result--------
3	
------details--------
0.383619  0.38378 0.529761 0.529761 0.383702 0.383142 0.384221 0.383632
0.386306 0.386358 0.261275 0.261275  0.38632 0.385969 0.386741 0.386319
3.44315e-06 2.92832e-06   0.0381459           0 3.15631e-06 4.22155e-06 1.49792e-06 3.41862e-06
------result2--------
5	4	
------details2--------
0.383619 0.529572 0.529572 0.383542 0.382977 0.383296 0.382684        0 0.529435 0.529435        0        0 0.383458  0.38285 0.529572 0.529435        0 0.529404 0.529646 0.529556 0.529628 0.529572 0.529435        0 0.529404 0.529646 0.529556 0.529628 0.383542 0.383702 0.529404 0.529404 0.383064  0.38338 0.382772 0.382977 0.383142 0.529646 0.529646 0.383064 0.382691 0.382691 0.383296 0.383458 0.529556 0.529556  0.38338 0.382691        0 0.382684  0.38285 0.529628 0.529628 0.382772        0 0.383632
       0 0.260822 0.260822 0.385706 0.385234 0.385809 0.385406  0.38378 0.260905 0.260905  0.38378  0.38378 0.385968 0.385563 0.530116 0.530525 0.529761 0.530505 0.529875 0.531141 0.530015 0.530116 0.530525 0.529761 0.530505 0.529875 0.531141 0.530015 0.385907        0 0.260868 0.260868 0.385314 0.385891 0.385487 0.385369        0 0.260603 0.260603 0.385232 0.385641 0.385641 0.385981 0.386032 0.261115 0.261115 0.385994  0.38569 0.384221 0.385406 0.385457 0.260837 0.260837 0.385419 0.383632        0
0.385986 0.530116 0.530116 0.385907 0.385369 0.385981 0.385406        0 0.530525 0.530525        0        0 0.386032 0.385457 0.260822 0.260905        0 0.260868 0.260603 0.261115 0.260837 0.260822 0.260905        0 0.260868 0.260603 0.261115 0.260837 0.385706 0.385871 0.530505 0.530505 0.385232 0.385994 0.385419 0.385234 0.385391 0.529875 0.529875 0.385314  0.38569 0.385352 0.385809 0.385968 0.531141 0.531141 0.385891 0.385641        0 0.385406 0.385563 0.530015 0.530015 0.385487 0.385641 0.386063
0.386358  0.26215  0.26215 0.386368 0.386411 0.388527 0.388121 0.386358 0.262162 0.262162 0.386358 0.386358  0.38858 0.388174  0.26215 0.262162 0.261275 0.262144 0.261969 0.262374 0.262139  0.26215 0.262162 0.261275 0.262144 0.261969 0.262374 0.262139 0.386368 0.386358 0.262144 0.262144 0.386384 0.388541 0.388134 0.386411 0.386358 0.261969 0.261969 0.386384 0.388396 0.386518 0.388527  0.38858 0.262374 0.262374 0.388541 0.388396 0.386741 0.388121 0.388174 0.262139 0.262139 0.388134 0.386518 0.386741
3.45514e-06   0.0381465   0.0381465           0 4.95249e-06 4.94591e-06 6.94429e-06 2.92832e-06   0.0381466   0.0381466 2.92832e-06 2.92832e-06 4.42805e-06 6.41602e-06   0.0381465   0.0381466   0.0381459   0.0381467   0.0381466   0.0381464   0.0381465   0.0381465   0.0381466   0.0381459   0.0381467   0.0381466   0.0381464   0.0381465 3.68352e-06 3.16786e-06   0.0381467   0.0381467 4.67871e-06 4.65688e-06 6.64625e-06 4.95249e-06 4.45679e-06   0.0381466   0.0381466 4.67871e-06 6.13063e-06 5.77642e-06 4.94591e-06 4.42805e-06   0.0381464   0.0381464 4.65688e-06 6.13063e-06 1.49792e-06 6.94429e-06 6.41602e-06   0.0381465   0.0381465 6.64625e-06 3.51528e-06 3.49582e-06
