8	12	12	1
 3  0  0  0  0  1  6  7  0  0  0  0
 0  0  0  2  0  1  6  0  0  0  0 12
 3  0  5  0  0  1  0  7  0  0  0  0
 0  8  0  2  4  1  0  0  0  0  0  0
 3  0  0  0  0  1  0  0  0 10  0  0
 0  0  0  2  0  1  0  0  0  0  0  0
 3  0  5  0  0  1  0  0  9  0  0  0
 0  0  0  2  4  1  0  0  0  0 11  0
0.9	0.3	0.3	0.4	0.1	0.4	1	1	0.8	0.1	0.3	0.4	
0.355	0.871	0.312	0.995	0.653	0.662	0.313	0.014	
------target--------
3
------result--------
1	
------details--------
0.806388 0.636665 0.806388  0.63671 0.637563 0.637112 0.637302 0.637106
0.399232 0.638813 0.399232 0.638854  0.63949  0.63909 0.639307 0.639087
  0.0882078 2.48892e-06           0 2.46446e-06 4.60811e-07 1.73387e-06 1.33407e-06 1.75003e-06
------result2--------
5	3	
------details2--------
0.806555        0 0.806595 0.806475 0.806394 0.806314 0.806396 0.806555 0.806555 0.636274 0.636542 0.636665  0.63628 0.636659        0 0.806555 0.806595 0.806475 0.806394 0.806314 0.806396 0.806595 0.636274 0.806595 0.636587  0.63671 0.636326 0.636704 0.806475 0.636542 0.806475 0.636587 0.636992 0.637183 0.636986 0.806394        0 0.806394        0 0.636992  0.63673        0 0.806314  0.63628 0.806314 0.636326 0.637183  0.63673 0.636724 0.806396 0.636659 0.806396 0.636704 0.636986 0.637106 0.636724
0.806202 0.806388 0.806139 0.805055 0.806372 0.806703 0.806366 0.398834 0.398834 0.637966 0.638508        0   0.6383 0.638346 0.806388 0.806202 0.806139 0.805055 0.806372 0.806703 0.806366  0.39885 0.637955  0.39885 0.638555        0 0.638345 0.638399 0.399182 0.638697 0.399182 0.638739 0.638975 0.639192 0.638972 0.399009 0.637112 0.399009 0.637112 0.638937 0.638743 0.637112 0.399082 0.638436 0.399082 0.638477 0.639119 0.638714 0.638711 0.399007 0.638377 0.399007 0.638437 0.638931        0 0.638737
0.398834        0  0.39885 0.399182 0.399009 0.399082 0.399007 0.806202 0.806202 0.637955 0.638697 0.638383 0.638436 0.638377        0 0.398834  0.39885 0.399182 0.399009 0.399082 0.399007 0.806139 0.637966 0.806139 0.638739 0.638444 0.638477 0.638437 0.805055 0.638508 0.805055 0.638555 0.638937 0.639119 0.638931 0.806372        0 0.806372        0 0.638975 0.638714        0 0.806703   0.6383 0.806703 0.638345 0.639192 0.638743 0.638737 0.806366 0.638346 0.806366 0.638399 0.638972 0.638828 0.638711
0.399681 0.399232   0.3997 0.400018 0.399791 0.399882  0.39979 0.399681 0.399681  0.63918 0.640636  0.63909  0.64045 0.639092 0.399232 0.399681   0.3997 0.400018 0.399791 0.399882  0.39979   0.3997  0.63918   0.3997 0.640679  0.63909 0.640491 0.639092 0.400018 0.640636 0.400018 0.640679 0.640908 0.641125 0.640906 0.399791  0.63909 0.399791  0.63909 0.640908 0.640725  0.63909 0.399882  0.64045 0.399882 0.640491 0.641125 0.640725 0.640723  0.39979 0.639092  0.39979 0.639092 0.640906  0.63909 0.640723
   0.088208   0.0882078           0    0.088208   0.0882079   0.0882079   0.0882079    0.088208    0.088208 3.39067e-06 2.96236e-06 2.61085e-06 3.83799e-06 2.62555e-06   0.0882078    0.088208    0.088208    0.088208   0.0882079   0.0882079   0.0882079    0.088208 3.39067e-06    0.088208 2.93893e-06 2.55941e-06 3.81386e-06 2.57417e-06    0.088208 2.96236e-06    0.088208 2.93893e-06 2.20167e-06 1.79871e-06 2.21795e-06   0.0882079 1.73387e-06   0.0882079 1.73387e-06 2.20167e-06 3.07728e-06 1.73387e-06   0.0882079 3.83799e-06   0.0882079 3.81386e-06 1.79871e-06 3.07728e-06 3.09356e-06   0.0882079 2.62555e-06   0.0882079 2.57417e-06 2.21795e-06 1.75041e-06 3.09356e-06
