8	12	12	1
 4 11  0  0  0  2  0  1  3  0  0  0
 0  0  0  0  0  0  5  1  3  0  0  0
 4  0  0  0  0  2  0  1  0  0  0  7
 0  0 12  0  0  0  5  1  0  0  0  7
 0  0  0  8  0  2  0  1  3  0  6  0
 0  0  0  0  9  0  0  1  3  0  0  0
 0  0  0  0  0  2  0  1  0 10  6  0
 0  0  0  0  0  0  0  1  0  0  0  0
1	0.4	0.1	0.5	0.7	0.5	0.8	0.6	1	0.8	0.3	0.3	
0.872	0.798	0.485	0.423	0.34	0.921	0.574	0.624	
------target--------
3
------result--------
4	
------details--------
0.496835  0.49253 0.572584 0.567573 0.497115 0.496487 0.496736 0.497404
0.501055 0.502317 0.439947 0.477548 0.501355 0.500736 0.500986 0.501668
8.36422e-06 3.95578e-05           0  0.00299249 8.88582e-06 7.56859e-06 8.30069e-06 9.08068e-06
------result2--------
3	8	
------details2--------
0.492045  0.57188 0.566683 0.496555 0.495956 0.496193 0.496835 0.492045 0.568311        0 0.492281  0.49179 0.491982  0.49253  0.57188 0.568311        0 0.572194 0.571084 0.571482 0.572584 0.566683 0.567573 0.567573 0.567099  0.56577 0.566274 0.567573 0.496555 0.492281 0.572194 0.567099 0.496217  0.49646 0.497115 0.495956  0.49179 0.571084  0.56577 0.496217 0.495873 0.496487 0.496193 0.491982 0.571482 0.566274  0.49646 0.495873 0.496736        0        0        0        0        0        0        0
0.503072        0 0.434204 0.498604 0.498052 0.498291        0  0.49385        0  0.49253 0.494108 0.493564 0.493784        0  0.57448 0.578082 0.572584 0.575038  0.57465 0.575071        0 0.569998        0        0 0.570589 0.570101 0.570556        0 0.498626 0.503389        0  0.43453 0.498354 0.498595        0 0.497933 0.502661        0 0.433741 0.498206 0.497893        0 0.498209 0.502954        0 0.434067 0.498486 0.497936        0 0.497404 0.497404 0.497404 0.497404 0.497404 0.497404 0.497404
 0.49385  0.57448 0.569998 0.498626 0.497933 0.498209 0.498937 0.503072 0.578082        0 0.503389 0.502661 0.502954 0.503711        0        0        0        0        0        0        0 0.434204 0.111207 0.578527  0.43453 0.433741 0.434067 0.434851 0.498604 0.494108 0.575038 0.570589 0.498206 0.498486 0.499223 0.498052 0.493564  0.57465 0.570101 0.498354 0.497936 0.498665 0.498291 0.493784 0.575071 0.570556 0.498595 0.497893 0.498909        0        0        0        0        0        0        0
 0.50209 0.483291 0.492981 0.501637 0.501518 0.501576 0.501668  0.50209 0.473305 0.502317 0.501913  0.50224 0.502139 0.501668 0.483291 0.473305 0.439947 0.492158 0.473504 0.480763 0.501668 0.492981 0.502317 0.439947 0.496966 0.489015 0.491947 0.501668 0.501637 0.501913 0.492158 0.496966 0.501605 0.501632 0.501668 0.501518  0.50224 0.473504 0.489015 0.501605 0.501497 0.501668 0.501576 0.502139 0.480763 0.491947 0.501632 0.501497 0.501668 0.501668 0.501668 0.501668 0.501668 0.501668 0.501668 0.501668
4.01735e-05   0.0392953           0 1.05005e-05 1.09698e-05 1.09151e-05 9.98163e-06 4.01735e-05   0.0324271 3.95578e-05 4.03997e-05 4.00411e-05 4.01197e-05   4.084e-05   0.0392953   0.0324271  0.00873011   0.0453419   0.0325468   0.0375606   0.0517585  0.00401045   0.0187242  0.00875742  0.00426268  0.00375865  0.00394625  0.00455706 1.05005e-05 4.03997e-05   0.0453419  0.00426268 1.07484e-05 1.06311e-05  9.6244e-06 1.09698e-05 4.00411e-05   0.0325468  0.00375865 1.07484e-05 1.10705e-05 1.02744e-05 1.09151e-05 4.01197e-05   0.0375606  0.00394625 1.06311e-05 1.10705e-05 1.01193e-05 9.08068e-06 9.08068e-06 9.08068e-06 9.08068e-06 9.08068e-06 9.08068e-06 9.08068e-06
