8	12	12	1
 4  5  8  0  0  0  2  0  7  0  1  0
 4  5  0  0  0  0  0  0  0  0  1  0
 4  0  0  0  0  0  2  6  7  3  1 10
 4  0  0  0  0  0  0  6  0  3  1  0
 0  0  8  0  9  0  2  0  0  0  1  0
 0  0  0  0  0  0  0  0  0  0  1  0
 0  0  0  0  9 12  2  0  0  3  1 10
 0  0  0 11  0  0  0  0  0  3  1  0
0.5	0.3	0.1	0.9	0.7	0.5	0.2	0.9	0.7	1	0.1	1	
0.021	0.259	0.859	0.317	0.032	0.089	0.348	0.641	
------target--------
3
------result--------
7	
------details--------
 0.282968  0.282973  0.582785  0.278862  0.282903  0.283144  0.516161  0.282141
  0.28592  0.285934  0.113912  0.296595  0.292907  0.290474 0.0908838  0.284907
1.63116e-06 1.60831e-06           0 0.000142526 7.35512e-06 1.22707e-06    0.115892  4.4728e-06
------result2--------
3	4	
------details2--------
 0.282968  0.582831  0.278688         0  0.282968  0.516077  0.281963         0  0.582827  0.278692  0.282731  0.282973  0.516077  0.281968  0.582831  0.582827  0.582785  0.582645  0.582785         0  0.582149  0.278688  0.278692         0  0.278605  0.278862  0.572298  0.277863  0.282731  0.282731  0.582645  0.278605  0.282903         0    0.2819         0         0         0         0         0         0         0  0.516077  0.516077  0.572298  0.572298  0.516161  0.516161  0.515142  0.281963  0.281968  0.582149  0.277863    0.2819  0.282141  0.515142
        0  0.111233  0.296642  0.282968         0 0.0874231  0.284593  0.282973  0.111234  0.296647   0.29375         0 0.0874197  0.284597  0.582212  0.582256         0  0.588877         0  0.582785  0.583805  0.281026  0.281028  0.278862  0.290387         0 0.0788647  0.280476    0.2851    0.2851  0.111156  0.296648         0  0.282903  0.284527  0.283144  0.283144  0.283144  0.283144  0.283144  0.283144  0.283144  0.517196  0.517225  0.398869  0.398869  0.516095         0    0.5178  0.284337  0.284337  0.111006  0.295764  0.292911         0 0.0873381
   0.2853  0.582212  0.281026    0.2851  0.285338  0.517196  0.284337         0  0.582256  0.281028    0.2851  0.285339  0.517225  0.284337  0.111233  0.111234         0  0.111156  0.111273  0.398869  0.111006  0.296642  0.296647         0  0.296648  0.296839  0.398869  0.295764  0.294601   0.29375  0.588877  0.290387  0.293967  0.516095  0.292911         0         0         0         0         0         0         0 0.0874231 0.0874197  0.640865 0.0788647    0.0795 0.0873956 0.0873381  0.284593  0.284597  0.583805  0.280476  0.284527  0.284769    0.5178
 0.285934  0.141855  0.296212  0.290464  0.290474  0.126022  0.287869  0.285934  0.142494   0.29616  0.291341  0.290474   0.12685  0.287887  0.141855  0.142494  0.296595  0.188077  0.290474 0.0292187  0.118461  0.296212   0.29616  0.296595  0.295753  0.290474  0.145366  0.297822  0.290464  0.291341  0.188077  0.295753  0.290474  0.286462  0.292904  0.290474  0.290474  0.290474  0.290474  0.290474  0.290474  0.290474  0.126022   0.12685 0.0292187  0.145366  0.286462  0.290474 0.0964029  0.287869  0.287887  0.118461  0.297822  0.292904  0.290474 0.0964029
1.63293e-06    0.124304           0 2.38671e-06 2.16871e-06     0.11626 5.94646e-06 1.60831e-06    0.124309 0.000143229 8.35516e-06  2.1441e-06    0.116268 5.92299e-06    0.124304    0.124309    0.201469    0.124639    0.125178    0.187177    0.124123 0.000143244 0.000143229 0.000142526 0.000148058 0.000143408    0.123819  0.00014615 8.56621e-06 8.35516e-06    0.124639 0.000148058 7.54829e-06 0.000105044 1.12463e-05 1.22707e-06 1.22707e-06 1.22707e-06 1.22707e-06 1.22707e-06 1.22707e-06 1.22707e-06     0.11626    0.116268    0.187636    0.123819    0.121015    0.117453    0.115958 5.94646e-06 5.92299e-06    0.124123  0.00014615 1.12463e-05 5.20337e-06    0.115958
