8	12	12	1
 0  0  0  0  1  0  2 11  6  7  0  0
 0  0  0  0  1  9  2  0  0  7  3  0
 0  0  0  0  1  0  0  0  0  0  0  0
 0  0  0  8  1  0  0  0  0  0  3  0
 0  0  0  0  0  0  2  0  6  0  0  0
 0  5 10  0  0  0  2  0  0  0  3  0
 4  0  0  0  0  0  0  0  0  0  0  0
 4  5  0  8  0  0  0  0  0  0  3 12
0.9	1	0.9	0.8	0.9	0.1	1	0.6	0.9	0.2	0.3	0.4	
0.785	0.591	0.516	0.073	0.477	0.111	0.636	0.4	
------target--------
3
------result--------
4	
------details--------
 0.773563  0.777232  0.778421  0.775422  0.472768  0.472631  0.471957    0.4642
 0.363556 0.0621104         0 0.0582837  0.472905  0.475045  0.474064    0.4813
  0.0683431    0.287987           0    0.290014 8.49588e-09 8.22789e-07 2.15006e-06  0.00014664
------result2--------
5	3	
------details2--------
  0.772224   0.773563   0.770309   0.773563   0.773521   0.773396    0.77022   0.772224   0.777232   0.774201   0.789421   0.777198   0.777097   0.774157          0          0          0   0.790525    0.77839     0.7783   0.775399   0.770309   0.774201   0.775422   0.787689   0.775387   0.775184          0          0   0.789421   0.790525   0.787689   0.472584   0.471911   0.464039   0.773521   0.777198    0.77839   0.775387   0.472584   0.471772   0.464007   0.773396   0.777097     0.7783   0.775184   0.471911   0.471772          0    0.77022   0.774157   0.775399   0.775399   0.464039   0.464007     0.4642
  0.796433          0   0.837437          0    0.77406   0.773802   0.776726   0.781141          0   0.836876   0.754831   0.777646   0.777429   0.780171   0.778421   0.778421   0.778421   0.756143   0.778803   0.778598   0.781314   0.779417   0.796603          0   0.752873   0.775838   0.775764   0.775422   0.472768  0.0612088          0  0.0572599   0.474994    0.47401   0.481323   0.363478  0.0621514          0  0.0582817   0.472722   0.473881   0.481114   0.363292  0.0623843          0  0.0598512   0.472045   0.474189   0.471957   0.356067  0.0607067          0          0   0.464507   0.466519          0
  0.781141   0.782219   0.779417   0.268097   0.363478   0.363292   0.356067   0.796433   0.799061   0.796603  0.0612088  0.0621514  0.0623843  0.0607067          0          0          0          0          0          0          0   0.837437   0.836876   0.837464  0.0572599  0.0582817  0.0598512          0          0   0.754831   0.756143   0.752873   0.472722   0.472045   0.464507    0.77406   0.777646   0.778803   0.775838   0.474994   0.474189   0.466519   0.773802   0.777429   0.778598   0.775764    0.47401   0.473881          0   0.776726   0.780171   0.781314   0.775445   0.481323   0.481114   0.511793
 0.0357685          0  0.0336808   0.472905   0.364501   0.363942    0.37104  0.0357685          0 0.00342011  0.0639597  0.0616088  0.0617086  0.0635503          0          0          0          0          0          0          0  0.0336808 0.00342011          0  0.0603852  0.0583078   0.055976   0.110369   0.472905  0.0639597          0  0.0603852   0.475145   0.474169   0.481255   0.364501  0.0616088          0  0.0583078   0.475145   0.476307   0.483566   0.363942  0.0617086          0   0.055976   0.474169   0.476307   0.474064    0.37104  0.0635503          0   0.110369   0.481255   0.483566   0.474064
   0.316252    0.370446           0   0.0849649   0.0683432   0.0683433     0.06844    0.316252    0.370458     0.36247    0.288441    0.287987    0.287987    0.288009    0.370414    0.370414    0.370414    0.370884    0.370414    0.370414    0.370429    0.317825     0.36247    0.370748    0.290477    0.290014    0.290028    0.306396 8.49588e-09    0.288441    0.370884    0.290477 8.31551e-07 2.15948e-06 0.000146691   0.0683432    0.287987    0.370414    0.290014 8.31551e-07 2.97749e-06 0.000147511   0.0683433    0.287987    0.370414    0.290028 2.15948e-06 2.97749e-06 2.15006e-06     0.06844    0.288009    0.370429    0.306396 0.000146691 0.000147511  0.00036913
