8	12	12	1
 0  1  0  0  0  0  0  5  0  2  0 12
 0  0  0  0  0  0  0  0  0  2 11  0
 0  1  0  0  0 10  0  5  0  0  0  0
 6  0  0  0  0  0  0  0  0  0  0  0
 0  1  0  3  0  0  0  0  0  2  0  0
 0  0  8  3  4  0  0  0  0  2  0  0
 0  1  0  0  0  0  7  0  0  0  0  0
 6  0  0  0  4  0  0  0  9  0  0  0
0.9	0.3	0.2	0.9	1	0.6	0.1	1	0.3	0.5	0.8	1	
0.028	0.258	0.435	0.237	0.209	0.934	0.003	0.536	
------target--------
4
------result--------
8	
------details--------
0.706943 0.706705 0.706617 0.861227 0.706677  0.70641 0.706977 0.857465
0.708588 0.708406 0.708314        0 0.708411 0.708243 0.708542 0.347819
 1.3499e-07 9.38057e-07 1.16331e-06           0 1.03876e-06 1.73265e-06  1.7298e-09     0.12545
------result2--------
8	4	
------details2--------
0.706671 0.706582 0.861222 0.706643 0.706375 0.706942 0.857458 0.706671 0.706343  0.86121 0.706405 0.706136 0.706705 0.857435 0.706582 0.706343 0.861252 0.706316 0.706046 0.706616 0.857473 0.861222  0.86121 0.861252 0.861151 0.861299 0.861228        0 0.706643 0.706405 0.706316 0.861151        0 0.706677 0.857377 0.706375 0.706136 0.706046 0.861299  0.70641  0.70641 0.857513 0.706942 0.706705 0.706616 0.861228 0.706677  0.70641 0.857465 0.857458 0.857435 0.857473 0.857465 0.857377 0.857513 0.857465
0.708372 0.708279        0 0.708377 0.708208 0.708579 0.347833 0.708319 0.708044        0 0.708141 0.707973 0.708315 0.347982 0.708232 0.708049        0 0.708053 0.707886 0.708237 0.348155 0.861473 0.861319 0.861134 0.861592 0.861067 0.860168 0.861227  0.70829 0.708108 0.708016        0 0.706677 0.708246 0.347877 0.708028 0.707844 0.707753        0        0  0.70805 0.348582 0.708589 0.708406 0.708313        0 0.708411 0.708242 0.347821 0.857776 0.857619 0.857435        0 0.857884 0.857358  0.85644
0.708319 0.708232 0.861473  0.70829 0.708028 0.708589 0.857776 0.708372 0.708049 0.861319 0.708108 0.707844 0.708406 0.857619 0.708279 0.708044 0.861134 0.708016 0.707753 0.708313 0.857435        0        0        0        0        0        0        0 0.708377 0.708141 0.708053 0.861592        0 0.708411 0.857884 0.708208 0.707973 0.707886 0.861067 0.708029 0.708242 0.857358 0.708579 0.708315 0.708237 0.860168 0.708246  0.70805  0.85644 0.347833 0.347982 0.348155 0.884051 0.347877 0.348582 0.347821
0.710019 0.709929        0 0.710026 0.709859 0.706823 0.347185 0.710019 0.709749        0 0.709845 0.709679 0.709765 0.346954 0.709929 0.709749        0 0.709753 0.709588 0.709709 0.346556        0        0        0        0        0        0        0 0.710026 0.709845 0.709753        0 0.708411  0.70998 0.347542 0.709859 0.709679 0.709588        0 0.708411 0.709693 0.346087 0.706823 0.709765 0.709709        0  0.70998 0.709693 0.342293 0.347185 0.346954 0.346556        0 0.347542 0.346087 0.342293
1.07352e-06 1.29897e-06    0.274237           0 1.86868e-06 1.36889e-07     0.12545 1.07352e-06 2.10655e-06    0.274237 1.98007e-06 2.67892e-06 9.39805e-07     0.12545 1.29897e-06 2.10655e-06    0.274237 2.20652e-06 2.90815e-06 1.16507e-06     0.12545    0.274237    0.274237    0.274237    0.274237    0.274237    0.274237    0.274237 1.17419e-06 1.98007e-06 2.20652e-06    0.274237 1.03876e-06  1.0405e-06     0.12545 1.86868e-06 2.67892e-06 2.90815e-06    0.274237 1.75953e-06 1.73443e-06     0.12545 1.36889e-07 9.39805e-07 1.16507e-06    0.274237  1.0405e-06 1.73443e-06     0.12545     0.12545     0.12545     0.12545    0.274545     0.12545     0.12545     0.12545
