8	12	12	1
 7  0 10  0  0  0  2  0  3  0  1  0
 7  0  0  0  0  0  2  6  0  0  1  0
 0  0  0  4  0  0  0  0  3  0  1 12
 0  0  0  4  0  9  0  6  0  0  1  0
 0  5  0  0  0  0  2  0  3  8  1  0
 0  0  0  0  0  0  2  0  0  8  1  0
 0  5  0  4  0  0  0  0  3  0  1  0
 0  0  0  4 11  9  0  0  0  0  1  0
0.7	0.6	0.1	0.6	0.7	0.8	0.4	0.6	0.3	0.4	0.8	0.8	
0.275	0.431	0.359	0.375	0.763	0.82	0.592	0.963	
------target--------
4
------result--------
8	
------details--------
0.582826 0.582878 0.582951 0.789605 0.581815 0.582652 0.582775 0.766915
0.585089 0.585106 0.585163        0 0.584422 0.584508 0.584923 0.453453
2.04575e-06 1.88759e-06 1.69068e-06           0 3.30391e-06 1.72064e-06 2.00215e-06   0.0508206
------result2--------
8	4	
------details2--------
0.582826 0.582351 0.789595 0.581204 0.582048 0.582173  0.76683        0 0.582403 0.789553 0.581259 0.582101 0.582225 0.766789 0.582351 0.582403 0.789549 0.581334 0.582175 0.582299 0.766795 0.789595 0.789553 0.789549 0.789929 0.789916  0.78959        0 0.581204 0.581259 0.581334 0.789929        0 0.581815 0.767043 0.582048 0.582101 0.582175 0.789916        0 0.581815 0.767138 0.582173 0.582225 0.582299  0.78959        0 0.581815 0.766813  0.76683 0.766789 0.766795 0.766915 0.767043 0.767138 0.766813
       0 0.584571        0 0.583827 0.583915  0.58433 0.453219 0.582878 0.584622        0 0.583878 0.583966 0.584381  0.45322  0.58462 0.584637        0 0.583951 0.584038 0.584454 0.453247 0.789633 0.789764 0.789809 0.789405 0.789169  0.78964 0.789605 0.583494 0.583509 0.583566        0 0.581815        0 0.452958 0.584323 0.584339 0.584397        0 0.582652 0.584245  0.45328 0.584444 0.584461 0.584519        0 0.582775 0.583942 0.453195 0.767149 0.767298 0.767352        0 0.766836 0.766605 0.767147
0.584869  0.58462 0.789633 0.583494 0.584323 0.584444 0.767149        0 0.584637 0.789764 0.583509 0.584339 0.584461 0.767298 0.584571 0.584622 0.789809 0.583566 0.584397 0.584519 0.767352        0        0        0        0        0        0        0 0.583827 0.583878 0.583951 0.789405 0.584245 0.583942 0.766836 0.583915 0.583966 0.584038 0.789169        0 0.583942 0.766605  0.58433 0.584381 0.584454  0.78964        0 0.584245 0.767147 0.453219  0.45322 0.453247  0.81862 0.452958  0.45328 0.453195
0.585106 0.586839        0   0.5861 0.586185 0.586599 0.454114 0.585106 0.586856        0 0.586117 0.586201 0.586616 0.454178 0.586839 0.586856        0 0.586174 0.586259 0.586673 0.454219        0        0        0        0        0        0        0   0.5861 0.586117 0.586174        0 0.584508 0.584923 0.453764 0.586185 0.586201 0.586259        0 0.584508 0.586283   0.4537 0.586599 0.586616 0.586673        0 0.584923 0.586283 0.454056 0.454114 0.454178 0.454219        0 0.453764   0.4537 0.454056
 2.0478e-06 3.74773e-06    0.299025           0 3.78483e-06 4.06271e-06   0.0508208 1.88759e-06 3.58799e-06    0.299025 5.21644e-06 3.62314e-06  3.9023e-06   0.0508209 3.74773e-06 3.58799e-06    0.299025 5.01628e-06 3.42425e-06 3.70381e-06   0.0508209    0.299025    0.299025    0.299025    0.299025    0.299025    0.299025    0.299025 5.38003e-06 5.21644e-06 5.01628e-06    0.299025 3.32323e-06 3.60956e-06   0.0508208 3.78483e-06 3.62314e-06 3.42425e-06    0.299025 1.72064e-06 4.18303e-06   0.0508207 4.06271e-06  3.9023e-06 3.70381e-06    0.299025 2.00215e-06 4.18303e-06   0.0508208   0.0508208   0.0508209   0.0508209    0.300503   0.0508208   0.0508207   0.0508208
