8	12	12	1
 0  1  0  0  0  0  2  0  0  8  0  0
 0  1  0  4  0  0  0  0 12  0  0  0
 0  1  3  0  0  0  2  0  0  8  0  9
 0  1  0  4  0 10  0  0  0  0  0  9
 6  0  0  0  5  0  2  0  0  0 11  0
 0  0  0  0  5  0  0  0  0  0  0  0
 6  0  3  0  0  0  2  7  0  0  0  0
 0  0  0  0  0  0  0  7  0  0  0  0
0.6	0.9	1	0.7	0.7	0.8	0.5	0.2	0.6	0.9	0.3	0.2	
0.331	0.06	0.699	0.148	0.415	0.677	0.472	0.82	
------target--------
1
------result--------
3	
------details--------
0.823932 0.618775 0.820498 0.599255 0.617844 0.618028 0.618391 0.618391
       0 0.620768 0.232473 0.709591 0.620121 0.620209 0.620398 0.620398
          0 2.57496e-07    0.169435  0.00388247 2.70339e-06   2.353e-06 1.47853e-06 1.47853e-06
------result2--------
3	1	
------details2--------
0.823936        0 0.820934 0.823991 0.823891 0.824184 0.824184 0.823936 0.820499 0.599174  0.61778 0.617965 0.618327 0.618327 0.820498 0.820499        0 0.820514 0.820424 0.820727 0.820727 0.820934 0.599174 0.820934 0.597958 0.598239 0.598553 0.598553 0.823991  0.61778 0.820514 0.597958 0.617844 0.617387 0.617387 0.823891 0.617965 0.820424 0.598239        0 0.617575 0.617575 0.824184 0.618327 0.820727 0.598553 0.617387 0.617575        0 0.824184 0.618327 0.820727 0.598553 0.617387 0.617575        0
0.823825 0.823932 0.835882 0.823857 0.824002 0.823057 0.823057        0 0.232525 0.709554 0.620059 0.620147 0.620337 0.620337        0 0.820474 0.820498 0.820477 0.820622 0.819708 0.819708        0 0.601739        0 0.600924 0.600971 0.601691 0.601691        0 0.619786 0.233402 0.709033        0  0.61942  0.61942        0 0.619967 0.232987 0.709078 0.618028 0.619599 0.619599        0  0.62033 0.233641 0.709514 0.619679 0.619766 0.618391        0  0.62033 0.233641 0.709514 0.619679 0.619766 0.618391
       0        0        0        0        0        0        0 0.823825 0.820474 0.601739 0.619786 0.619967  0.62033  0.62033 0.847932 0.232525        0 0.233402 0.232987 0.233641 0.233641 0.835882 0.709554  0.81588 0.709033 0.709078 0.709514 0.709514 0.823857 0.620059 0.820477 0.600924 0.619621 0.619679 0.619679 0.824002 0.620147 0.820622 0.600971        0 0.619766 0.619766 0.823057 0.620337 0.819708 0.601691  0.61942 0.619599        0 0.823057 0.620337 0.819708 0.601691  0.61942 0.619599        0
       0        0        0        0        0        0        0        0 0.230846 0.710728 0.622062 0.622149 0.622341 0.622341        0 0.230846 0.659768 0.231254  0.23159 0.228299 0.228299        0 0.710728 0.659768 0.710325 0.710473 0.709866 0.709866        0 0.622062 0.231254 0.710325 0.620209 0.621695 0.621695        0 0.622149  0.23159 0.710473 0.620209 0.621781 0.621781        0 0.622341 0.228299 0.709866 0.621695 0.621781 0.620398        0 0.622341 0.228299 0.709866 0.621695 0.621781 0.620398
          0    0.315095    0.315189    0.315095    0.315095    0.315095    0.315095    0.315095    0.169435  0.00388283 2.96378e-06 2.61273e-06 1.73846e-06 1.73846e-06    0.315315    0.169435    0.277915    0.169436    0.169435     0.16944     0.16944    0.315189  0.00388283     0.27792  0.00388635  0.00388565  0.00388541  0.00388541    0.315095 2.96378e-06    0.169436  0.00388635  2.7442e-06 4.20917e-06 4.20917e-06    0.315095 2.61273e-06    0.169435  0.00388565   2.353e-06 3.85093e-06 3.85093e-06    0.315095 1.73846e-06     0.16944  0.00388541 4.20917e-06 3.85093e-06 1.47853e-06    0.315095 1.73846e-06     0.16944  0.00388541 4.20917e-06 3.85093e-06 1.47853e-06
