8	12	12	1
 0  0  1  0  5  0  0  3  0  0  0  9
11  0  1  0  0  0  2  0  0  0  8  0
 0  0  0  0  0 12  0  3  0  7  0  9
 0  0  0  0  0  0  2  0  0  0  8  0
 0  0  1  0  5  0  0  3  6  0  0  0
 0  0  1  4  0  0  2  0  0  0  0  0
 0 10  0  0  0  0  0  3  6  7  0  0
 0  0  0  4  0  0  2  0  0  0  0  0
0.6	0.5	0.1	0.5	0.9	0.3	0.6	0.2	0.9	0.4	1	0.1	
0.331	0.777	0.408	0.291	0.333	0.749	0.335	0.854	
------target--------
4
------result--------
2	
------details--------
0.656998 0.846327 0.656801 0.857945 0.656601 0.656004 0.656358 0.656004
 0.65885  0.46337 0.658667        0 0.658575 0.657969 0.658434 0.657969
2.35941e-07   0.0847314 9.14526e-07           0 1.53738e-06 2.13098e-06 2.13794e-06 2.13098e-06
------result2--------
2	4	
------details2--------
0.846365        0 0.857983 0.656541 0.655942 0.656297 0.655942 0.846365 0.846425 0.846327  0.84622 0.846485 0.846252 0.846485 0.656801 0.846425 0.858056 0.656343  0.65574 0.656098  0.65574 0.857983        0 0.858056 0.857875  0.85818 0.857926  0.85818 0.656541  0.84622 0.656343 0.857875 0.655542        0 0.655542 0.655942 0.846485  0.65574  0.85818 0.655542 0.655293        0 0.656297 0.846252 0.656098 0.857926 0.656358 0.655293 0.655293 0.655942 0.846485  0.65574  0.85818 0.655542        0 0.655293
0.463417 0.656998        0 0.658517 0.657911 0.658376 0.657911 0.845206 0.845721        0 0.846682 0.846192 0.846474 0.846192        0 0.463489        0 0.658322 0.657716 0.658181 0.657716 0.856781 0.857945 0.857246 0.858176 0.857742 0.857981 0.857742 0.658401 0.463273 0.658216        0 0.657514 0.656601 0.657514 0.657832 0.463567 0.657634        0 0.657527 0.657386 0.656004 0.658166 0.463313 0.657978        0        0 0.657272 0.657272 0.657832 0.463567 0.657634        0 0.657527 0.656004 0.657386
0.845206        0 0.856781 0.658401 0.657832 0.658166 0.657832 0.463417 0.463489 0.880536 0.463273 0.463567 0.463313 0.463567 0.658612 0.845721 0.857246 0.658216 0.657634 0.657978 0.657634        0        0        0        0        0        0        0 0.658517 0.846682 0.658322 0.858176 0.657527        0 0.657527 0.657911 0.846192 0.657716 0.857742 0.657514 0.657272        0 0.658376 0.846474 0.658181 0.857981 0.658126 0.657386 0.657386 0.657911 0.846192 0.657716 0.857742 0.657514        0 0.657272
0.461936  0.65885        0 0.660375  0.65977 0.660236  0.65977 0.461936 0.462616        0 0.463696 0.463198 0.463485 0.463198  0.65885 0.462616        0 0.660193 0.659589 0.660055 0.659589        0        0        0        0        0        0        0 0.660375 0.463696 0.660193        0 0.659495 0.658575 0.659495  0.65977 0.463198 0.659589        0 0.659495 0.659355 0.657969 0.660236 0.463485 0.660055        0 0.658575 0.659355 0.659355  0.65977 0.463198 0.659589        0 0.659495 0.657969 0.659355
  0.0847316 2.35941e-07    0.329983           0 2.37258e-06  2.3775e-06 2.37258e-06   0.0847316   0.0847317    0.330828   0.0847316   0.0847315   0.0847315   0.0847315  9.1762e-07   0.0847317    0.329983 2.45857e-06 3.06266e-06 3.06419e-06 3.06266e-06    0.329983    0.329983    0.329983    0.329983    0.329983    0.329983    0.329983 1.77529e-06   0.0847316 2.45857e-06    0.329983 3.68171e-06 1.53738e-06 3.68171e-06 2.37258e-06   0.0847315 3.06266e-06    0.329983 3.68171e-06 4.29154e-06 2.13098e-06  2.3775e-06   0.0847315 3.06419e-06    0.329983 2.17043e-06 4.29154e-06 4.29154e-06 2.37258e-06   0.0847315 3.06266e-06    0.329983 3.68171e-06 2.13098e-06 4.29154e-06
