8	12	12	1
 0  0  1  0  0  0  0  0  0  0  0  8
 0  0  1  0  0  0  0  0  6  0  0  0
 0  0  1  0  0  0  0  5  0 10  7  0
11  2  1  0  0  0  0  5  6  0  0  0
 0  0  0  0 12  0  0  0  0  0  0  8
 0  0  0  0  0  0  4  0  0  0  0  0
 0  0  0  3  0  9  0  0  0  0  7  0
 0  2  0  3  0  0  4  0  0  0  0  0
0.4	0.8	0.9	1	0.8	0.1	1	1	0.9	1	0.8	0.8	
0.235	0.912	0.726	0.937	0.644	0.856	0.648	0.649	
------target--------
2
------result--------
4	
------details--------
0.263313 0.618005 0.262905 0.596415 0.262886 0.262368 0.263441 0.262368
0.264521        0 0.264266 0.115875 0.264256 0.263938 0.264618 0.263938
5.18584e-07           0 1.17892e-06    0.121046  1.1999e-06 1.25446e-06 2.05134e-07 1.25446e-06
------result2--------
4	2	
------details2--------
0.617929 0.262705  0.59631        0 0.262167 0.263241 0.262167 0.617929 0.617764        0 0.617864 0.617578 0.618089 0.617578 0.262705 0.617764 0.596088 0.262277 0.261758 0.262832 0.261758  0.59631 0.596415 0.596088 0.596177 0.595827  0.59649 0.595827 0.262886 0.617864 0.262277 0.596177 0.261738 0.262813 0.261738 0.262167 0.617578 0.261758 0.595827 0.261738 0.262295        0 0.263241 0.618089 0.262832  0.59649 0.262813 0.262295 0.262295 0.262167 0.617578 0.261758 0.595827 0.261738        0 0.262295
       0 0.264066 0.115851 0.263313 0.263738 0.264419 0.263738 0.618388 0.618302 0.618005 0.618171 0.618163 0.616729 0.618163 0.263913        0 0.115799 0.263648  0.26333 0.264014  0.26333 0.596942        0 0.596818 0.596695 0.596632 0.595287 0.596632        0        0 0.263639 0.115833  0.26331 0.263996  0.26331 0.263375        0  0.26312 0.115747  0.26311 0.263481 0.262368 0.264449        0 0.264194 0.115916 0.264184 0.263866 0.263866 0.263375        0  0.26312 0.115747  0.26311 0.262368 0.263481
0.618388 0.263913 0.596942        0 0.263375 0.264449 0.263375        0        0        0        0        0        0        0 0.264066 0.618302 0.596818 0.263639  0.26312 0.264194  0.26312 0.115851  0.67367 0.115799 0.115833 0.115747 0.115916 0.115747 0.264106 0.618171 0.263648 0.596695  0.26311 0.264184  0.26311 0.263738 0.618163  0.26333 0.596632  0.26331 0.263866        0 0.264419 0.616729 0.264014 0.595287 0.263996 0.263481 0.263481 0.263738 0.618163  0.26333 0.596632  0.26331        0 0.263866
       0 0.265278 0.115999 0.264521 0.264949 0.265631 0.264949        0        0        0        0        0        0        0 0.265278        0  0.11597 0.265013 0.264694 0.265376 0.264694 0.115999        0  0.11597 0.115925 0.115923 0.115247 0.115923 0.264521        0 0.265013 0.115925 0.264684 0.265366 0.264684 0.264949        0 0.264694 0.115923 0.264684 0.265047 0.263938 0.265631        0 0.265376 0.115247 0.265366 0.265047 0.265047 0.264949        0 0.264694 0.115923 0.264684 0.263938 0.265047
   0.293134           0    0.121046 5.18584e-07 1.77516e-06 7.24359e-07 1.77516e-06    0.293134    0.293134    0.293134    0.293134    0.293134    0.293134    0.293134 1.69946e-06    0.293134    0.121046 2.38377e-06 2.43814e-06 1.38552e-06 2.43814e-06    0.121046    0.294234    0.121046    0.121046    0.121046    0.121046    0.121046  1.2466e-06    0.293134 2.38377e-06    0.121046 2.45972e-06 1.40683e-06 2.45972e-06 1.77516e-06    0.293134 2.43814e-06    0.121046 2.45972e-06 1.46128e-06 1.25446e-06 7.24359e-07    0.293134 1.38552e-06    0.121046 1.40683e-06 1.46128e-06 1.46128e-06 1.77516e-06    0.293134 2.43814e-06    0.121046 2.45972e-06 1.25446e-06 1.46128e-06
