8	12	12	1
 0  0  8  0  0  0  0  0  2  0  1  0
11  0  0  0  0  0  0  0  0  0  1  0
 0  4  0  0  0  0 12  0  2  0  1  7
 0  0  0  0  0  0  0  0  0  5  1  7
 0  0  0  9  0  0  0  3  2  0  1  0
 0  0  0  0  0  6  0  0  0  0  1  0
 0  4  0  0 10  0  0  3  2  0  1  0
 0  0  0  0  0  6  0  0  0  5  1  0
0.3	0.7	0.7	0.9	0.1	0.3	1	1	0.8	1	0.5	0.9	
0.528	0.033	0.411	0.586	0.003	0.115	0.304	0.577	
------target--------
4
------result--------
3	
------details--------
0.422631 0.423333 0.666455 0.686867 0.423351 0.422905 0.423284 0.422905
0.425213 0.425767  0.21817        0 0.425794 0.425361 0.425724 0.425361
2.75557e-06 1.14799e-07     0.10547           0 2.60811e-08 1.85049e-06  3.4619e-07 1.85049e-06
------result2--------
3	4	
------details2--------
0.422608 0.666344 0.686825 0.422626 0.422176 0.422559 0.422176 0.422608 0.666464 0.686877 0.423327 0.422882 0.423261 0.422882 0.666344 0.666464 0.666455 0.666454 0.666638  0.66652 0.666638 0.686825 0.686877        0 0.686866 0.687082 0.686933 0.687082 0.422626 0.423327 0.666454 0.686866   0.4229 0.423279   0.4229 0.422176 0.422882 0.666638 0.687082   0.4229 0.422832        0 0.422559 0.423261  0.66652 0.686933 0.423279 0.422832 0.422832 0.422176 0.422882 0.666638 0.687082   0.4229        0 0.422832
0.425052  0.21796        0 0.425065 0.424644 0.425015 0.424644  0.42519 0.218165        0 0.425765 0.425339 0.425702 0.425339 0.666739 0.665608        0 0.667235 0.665654 0.664345 0.665654 0.686976 0.685836 0.686867 0.687421  0.68592 0.684717  0.68592 0.425208 0.425761 0.218169        0 0.425356 0.425719 0.425356 0.424766 0.425327 0.218065        0 0.425344 0.425293 0.422905 0.425143 0.425698 0.218156        0 0.425718 0.425293 0.425293 0.424766 0.425327 0.218065        0 0.425344 0.422905 0.425293
 0.42519 0.666739 0.686976 0.425208 0.424766 0.425143 0.424766 0.425052 0.665608 0.685836 0.425761 0.425327 0.425698 0.425327  0.21796 0.218165 0.745758 0.218169 0.218065 0.218156 0.218065        0        0        0        0        0        0        0 0.425065 0.425765 0.667235 0.687421 0.425344 0.425718 0.425344 0.424644 0.425339 0.665654  0.68592 0.425356 0.425293        0 0.425015 0.425702 0.664345 0.684717 0.425719 0.425293 0.425293 0.424644 0.425339 0.665654  0.68592 0.425356        0 0.425293
0.427642 0.218714        0  0.42769 0.427236 0.427598 0.427236 0.427642 0.218751        0 0.428872 0.427796 0.428183 0.427796 0.218714 0.218751        0 0.218958 0.218643 0.218654 0.218643        0        0        0        0        0        0        0  0.42769 0.428872 0.218958        0 0.427831 0.428363 0.427831 0.427236 0.427796 0.218643        0 0.427831  0.42775 0.425361 0.427598 0.428183 0.218654        0 0.428363  0.42775  0.42775 0.427236 0.427796 0.218643        0 0.427831 0.425361  0.42775
 2.8715e-06     0.10547    0.298234           0  4.6248e-06  3.1062e-06  4.6248e-06  2.8715e-06     0.10547    0.298234 1.40903e-07 1.96652e-06 4.61319e-07 1.96652e-06     0.10547     0.10547    0.300001     0.10547     0.10547     0.10547     0.10547    0.298234    0.298234    0.298234    0.298234    0.298234    0.298234    0.298234 2.78181e-06 1.40903e-07     0.10547    0.298234 1.87672e-06 3.72307e-07 1.87672e-06  4.6248e-06 1.96652e-06     0.10547    0.298234 1.87672e-06 2.20239e-06 1.85049e-06  3.1062e-06 4.61319e-07     0.10547    0.298234 3.72307e-07 2.20239e-06 2.20239e-06  4.6248e-06 1.96652e-06     0.10547    0.298234 1.87672e-06 1.85049e-06 2.20239e-06
