8	12	12	1
 0  0  0  0  0  5  0  0  0  8  1  0
 0  0  0  4  0  0 11  6  0  8  1  0
 3  0  2  0  0  5  0  0  0  0  1  0
 3  0  2  4  0  0  0  0  0  0  1  0
 0  9  0  0 10  0  0  0  0  0  1  0
 0  0  0  0  0  0  0  6  7  0  1  0
 0  9  2  0  0  0  0  0  0  0  1  0
 0  0  2  0  0  0  0  0  7  0  1 12
0.1	0.2	0.6	0.5	0.9	0.9	0.8	0.7	0.4	0.4	0.6	0.5	
0.201	0.803	0.497	0.456	0.503	0.337	0.634	0.512	
------target--------
3
------result--------
1	
------details--------
0.712114 0.475875 0.716683  0.48702 0.486321 0.486962 0.486988 0.486507
0.107683 0.496492        0 0.488185 0.488852 0.489324 0.489332 0.488998
   0.188775 0.000210337           0 4.56139e-07 3.00403e-06 1.25995e-06 1.15928e-06 2.63661e-06
------result2--------
1	3	
------details2--------
       0 0.712114 0.712211  0.71216 0.712169 0.712279 0.712253 0.713427 0.713427 0.475875 0.474814 0.475528 0.475542 0.475012        0 0.713427 0.716873 0.716758 0.716749 0.716857 0.716849 0.712211        0 0.716873 0.486067 0.486712 0.486736 0.486254  0.71216 0.474814 0.716758 0.486067  0.48601 0.486321 0.485548 0.712169 0.475528 0.716749 0.486712  0.48601 0.486679        0 0.712279 0.475542 0.716857 0.486736        0 0.486679 0.486221 0.712253 0.475012 0.716849 0.486254 0.485548 0.486507 0.486221
0.712114        0 0.711762 0.712038  0.71175 0.710914 0.711802        0        0        0 0.477626 0.478174 0.478281 0.477808 0.716683 0.719231 0.715985 0.716558 0.716245 0.715416 0.716309 0.109126  0.48702        0 0.488604 0.489078  0.48909 0.488751 0.107839 0.495552        0 0.487248 0.488387        0 0.488058 0.107746 0.496189        0 0.487883 0.488548 0.489032 0.486962 0.107797 0.496217        0 0.487911 0.486988 0.489049 0.488722 0.107839 0.495738        0 0.487433 0.488096        0 0.488586
       0 0.771982 0.109126 0.107839 0.107746 0.107797 0.107839 0.710926 0.719231 0.501713 0.495552 0.496189 0.496217 0.495738        0        0        0        0        0        0        0 0.711762        0 0.715985 0.487248 0.487883 0.487911 0.487433 0.712038 0.477626 0.716558 0.488604 0.488548 0.488627 0.488096  0.71175 0.478174 0.716245 0.489078 0.488387 0.489049        0 0.710914 0.478281 0.715416  0.48909        0 0.489032 0.488586 0.711802 0.477808 0.716309 0.488751 0.488058 0.488758 0.488722
0.179608        0 0.102267  0.10742 0.107261 0.106835 0.107325 0.179608        0 0.488185 0.498081 0.498549 0.498543 0.498225        0        0        0        0        0        0        0 0.102267 0.488185        0 0.489779  0.49025 0.490248 0.489925  0.10742 0.498081        0 0.489779 0.490923 0.489332 0.490597 0.107261 0.498549        0  0.49025 0.490923 0.491403 0.489324 0.106835 0.498543        0 0.490248 0.489332 0.491403 0.491079 0.107325 0.498225        0 0.489925 0.490597 0.489324 0.491079
   0.210863    0.288007           0    0.188775    0.188775    0.188775    0.188775    0.210866     0.28758 0.000258279 0.000213655 0.000211741 0.000211679 0.000213277    0.287567     0.28758    0.287567    0.287567    0.287567    0.287567    0.287567     0.18879 4.56139e-07    0.287567  3.4701e-06 1.72063e-06 1.62099e-06  3.1023e-06    0.188775 0.000213655    0.287567  3.4701e-06 4.27929e-06 3.08502e-06 5.67288e-06    0.188775 0.000211741    0.287567 1.72063e-06 4.27929e-06 2.42808e-06 1.25995e-06    0.188775 0.000211679    0.287567 1.62099e-06 1.15928e-06 2.42808e-06  3.8146e-06    0.188775 0.000213277    0.287567  3.1023e-06 5.67288e-06 2.68448e-06  3.8146e-06
