8	12	12	1
 1  0  0  0  0  0  0  0  3  0  0  0
 0  0  0  9  0  0  0  0  3  0  0  0
 1  0  0  0  0  0  0  7  0 12  4 10
 0  0  0  9 11  5  0  7  0  0  4  0
 1  0  2  0  0  0  6  0  3  0  0  0
 0  0  2  0  0  0  0  0  3  0  0  0
 1  8  2  0  0  0  6  0  0  0  4 10
 0  8  2  0  0  5  0  0  0  0  4  0
0.5	0.4	1	0.3	0.4	0.5	0.2	0.7	0.3	0.2	0.8	0.8	
0.314	0.6	0.516	0.056	0.52	0.541	0.676	0.299	
------target--------
6
------result--------
1	
------details--------
 0.54221 0.535543  0.45709 0.444379 0.538736  0.54221 0.449207 0.455396
0.197452 0.313457 0.453696 0.524554 0.278705 0.197452 0.462359 0.457878
  0.0480037   0.0233274 5.63063e-06  0.00156355    0.030504           0 8.71505e-05 1.29006e-06
------result2--------
2	6	
------details2--------
       0 0.544127 0.535642        0        0 0.540029  0.54213 0.535543 0.537447        0 0.531874 0.535543 0.533113 0.535439 0.544127 0.537447  0.44569 0.540117 0.544127 0.448933 0.456874 0.535642 0.535642  0.44569 0.531971 0.535642 0.437484 0.444043 0.538736 0.531874 0.540117 0.531971 0.538736        0 0.538621        0        0 0.544127 0.535642        0 0.540029  0.54213 0.540029 0.533113        0 0.437484 0.540029 0.540029 0.449207  0.54213 0.535439 0.456874 0.444043 0.538621  0.54213        0
 0.54221 0.539488 0.576236  0.54221  0.54221 0.544372 0.542807        0 0.532849 0.535543 0.572083        0 0.537945 0.536312 0.197706 0.314768 0.525722  0.28628 0.197706 0.486952 0.458412 0.196439 0.196439 0.442522  0.27112 0.196439 0.451476 0.446889        0 0.579228 0.536826 0.573788        0 0.538736 0.539586  0.54221  0.54221 0.539488 0.576236  0.54221 0.544372 0.542807 0.197121 0.307849 0.449207 0.520597 0.197121 0.197121        0 0.197376 0.313347 0.453419 0.524332 0.278873 0.197376 0.455396
       0 0.197706 0.196439        0        0 0.197121 0.197376 0.581524 0.314768 0.196439 0.579228 0.581524 0.307849 0.313347 0.539488 0.532849 0.442522 0.536826 0.539488 0.451942 0.453419 0.576236 0.530609 0.525722 0.573788 0.576236 0.520597 0.524332  0.57677 0.572083  0.28628  0.27112  0.57677 0.197121 0.278873        0        0 0.197706 0.196439        0 0.197121 0.197376 0.544372 0.537945 0.486952 0.451476  0.53717 0.544372 0.463766 0.542807 0.536312 0.458412 0.446889 0.539586 0.542807        0
0.197452 0.197089 0.209228 0.197452 0.197452 0.197833 0.198032 0.197452 0.311578 0.523961    0.213 0.197452 0.319666 0.314299 0.197089 0.311578 0.522854 0.267284 0.197089 0.453916 0.456639 0.209228 0.523961 0.522854  0.34939 0.209228 0.528627 0.526256 0.197452    0.213 0.267284  0.34939 0.197452 0.337935 0.277406 0.197452 0.197452 0.197089 0.209228 0.197452 0.197833 0.198032 0.197833 0.319666 0.453916 0.528627 0.337935 0.197833 0.457878 0.198032 0.314299 0.456639 0.526256 0.277406 0.198032 0.457878
  0.0480037   0.0480117   0.0483515   0.0480037   0.0480037           0   0.0480038    0.048401   0.0233361   0.0435282   0.0448314    0.048401    0.023364   0.0233276   0.0480117   0.0233361  0.00156835   0.0305766   0.0480117 0.000293456 6.64525e-06   0.0483515   0.0435288  0.00156835   0.0312389   0.0483515  0.00165322  0.00156512   0.0481857   0.0448314   0.0305766   0.0312389   0.0481857    0.034443   0.0305044   0.0480037   0.0480037   0.0480117   0.0483515   0.0480037    0.048011   0.0480038    0.048011    0.023364 0.000292689  0.00165322   0.0344458    0.048011 9.34008e-05   0.0480038   0.0233276 6.64525e-06  0.00156512   0.0305044   0.0480038 1.29006e-06
