8	12	12	1
 2  9  0  8  0  0  1  0  0  0  0  0
 0  0  0  0  0  0  1  0  7 10  0  3
 2  0  0  8  0  0  1  0  0  0 11  0
 0  0  0  0  0  0  1  0  0  0  0  3
 2  0  6  0  4  0  1 12  0  0  0  0
 0  0  0  0  4  5  1  0  7  0  0  3
 2  0  6  0  0  0  1  0  0  0  0  0
 0  0  0  0  0  5  1  0  0  0  0  3
0.5	0.5	0.6	1	0.7	1	0.3	0.9	0.5	0.2	0.7	1	
0.145	0.127	0.448	0.465	0.719	0.014	0.39	0.725	
------target--------
8
------result--------
6	
------details--------
0.346566 0.340276 0.346102 0.341151 0.345183 0.598571 0.346185 0.599049
0.349043  0.35748 0.348686 0.356753 0.348104 0.202631 0.348702 0.201094
8.23458e-07 0.000152838 2.70231e-06 0.000123173 4.69221e-06   0.0796609 2.36014e-06           0
------result2--------
8	4	
------details2--------
 0.340113  0.345939  0.340989  0.345019  0.598574  0.346023  0.599052  0.340113  0.339644  0.340276  0.338716  0.598426  0.339728  0.598426  0.345939  0.339644  0.340522   0.34455  0.598446  0.345557  0.598925  0.340989         0  0.340522    0.3396         0  0.340606         0  0.345019  0.338716   0.34455    0.3396  0.598219  0.345183  0.598702  0.598574         0  0.598446  0.598571  0.598219  0.598464  0.598571  0.346023  0.339728  0.345557  0.340606         0  0.598464  0.598944  0.599052  0.598426  0.598925  0.599049  0.598702         0  0.598944
 0.357311  0.348526  0.356583  0.347943   0.20256  0.348542  0.201023  0.342605  0.342247         0   0.34166         0  0.342264         0  0.348422   0.35683  0.356101  0.347479  0.202355  0.348079  0.200818  0.343463  0.341151  0.343111  0.342527  0.341151  0.343127  0.341151  0.347509  0.355874  0.347146  0.355144  0.201948         0   0.20041  0.598532  0.598571   0.59896         0  0.598881  0.598957         0  0.348505  0.356917  0.348146  0.356188  0.346185  0.202392  0.200855  0.599001  0.620057  0.599431         0  0.599354  0.599049  0.599427
 0.342605  0.348422  0.343463  0.347509  0.598532  0.348505  0.599001  0.357311   0.35683  0.372305  0.355874  0.604631  0.356917  0.620057  0.348526  0.342247  0.343111  0.347146   0.59896  0.348146  0.599431  0.356583         0  0.356101  0.355144         0  0.356188         0  0.347943   0.34166  0.347479  0.342527  0.598881  0.347693  0.599354   0.20256         0  0.202355 0.0049646  0.201948  0.202392  0.685091  0.348542  0.342264  0.348079  0.343127         0  0.598957  0.599427  0.201023         0  0.200818         0   0.20041         0  0.200855
 0.359931   0.35102  0.359206  0.350437  0.203658  0.351035  0.202127  0.359931  0.359537  0.356753  0.358928  0.351738  0.359554  0.349891   0.35102  0.359537  0.358811  0.350079    0.2035  0.350678  0.201965  0.359206  0.356753  0.358811  0.358202  0.356753  0.358828  0.356753  0.350437  0.358928  0.350079  0.358202  0.203244  0.348702  0.201709  0.203658  0.351738    0.2035  0.356753  0.203244  0.203507  0.201094  0.351035  0.359554  0.350678  0.358828  0.348702  0.203507  0.201972  0.202127  0.349891  0.201965  0.356753  0.201709  0.201094  0.201972
0.000153704 3.53169e-06 0.000124031 5.52577e-06    0.079661 3.18879e-06   0.0807279           0 0.000155664 0.000161593 0.000157742    0.162623 0.000155307    0.163066 3.53169e-06 0.000155664 0.000125977 7.42346e-06   0.0796614  5.0773e-06   0.0807283 0.000124031 0.000123173 0.000125977 0.000128038 0.000123173 0.000125622 0.000123173 5.52577e-06 0.000157742 7.42346e-06 0.000128038   0.0796618  4.9784e-06   0.0807287    0.079661    0.162622   0.0796614    0.158681   0.0796618   0.0796613     0.08076 3.18879e-06 0.000155307  5.0773e-06 0.000125622 2.36014e-06   0.0796613   0.0807282   0.0807279    0.163066   0.0807283    0.166111   0.0807287   0.0807278   0.0807282
