8	12	12	1
 0  0  0  4  2  6  0  0  0 12  0  3
 0  0  0  4  2  0  0  0  0  0  9  0
 0  0  0  0  2  0  0  8  0  0  0  3
 0  0  0  0  2  0  0  8  0  0  0  0
 1  5  0  0  0  6  7  0  0  0  0  3
 1  0 10  0  0  0  7  0  0  0  9  0
 1  5  0  0  0  0  0  0  0  0  0  3
 1  0 10  0  0  0  0  0 11  0  0  0
0.5	0.3	0.8	0.2	0.9	0.8	1	0.2	0.2	1	0.9	0.2	
0.742	0.414	0.366	0.064	0.582	0.487	0.558	0.556	
------target--------
2
------result--------
6	
------details--------
 0.54785 0.770836 0.548832 0.548832 0.541465  0.75121 0.548703 0.518783
0.550413        0  0.55104  0.55104  0.55758 0.450202 0.550636 0.629406
3.28521e-06           0 7.22907e-07 7.22907e-07  0.00013059   0.0419025 1.00535e-06  0.00495751
------result2--------
6	2	
------details2--------
0.770597 0.547671 0.547671 0.540283 0.750864 0.547539 0.517467 0.770597 0.770939 0.770939 0.768057        0 0.771005  0.75947 0.547671 0.770939        0 0.541287 0.751307 0.548524 0.518564 0.547671 0.770939        0 0.541287 0.751307 0.548524 0.518564 0.540283 0.768057 0.541287 0.541287        0 0.541465  0.49799 0.750864  0.75121 0.751307 0.751307 0.751352 0.751352        0 0.547539 0.771005 0.548524 0.548524        0 0.751352 0.518733 0.517467  0.75947 0.518564 0.518564  0.49799  0.75167 0.518733
       0 0.549896 0.549896 0.556383 0.449445 0.549489 0.628153 0.771124 0.769652 0.769652 0.773926 0.770836 0.769937 0.796985 0.550238        0 0.548832 0.557386 0.450109 0.550466 0.629153 0.550238        0 0.548832 0.557386 0.450109 0.550466 0.629153 0.542888        0 0.543495 0.543495 0.541465        0 0.636459 0.751623        0  0.75011  0.75011 0.750568 0.750568  0.75121 0.550108        0 0.550745 0.550745 0.548703  0.45374 0.628566 0.520371        0  0.52129  0.52129 0.539751 0.359129 0.519051
0.771124 0.550238 0.550238 0.542888 0.751623 0.550108 0.520371        0        0        0        0        0        0        0 0.549896 0.769652        0 0.543495  0.75011 0.550745  0.52129 0.549896 0.769652        0 0.543495  0.75011 0.550745  0.52129 0.556383 0.773926 0.557386 0.557386 0.750568 0.561121 0.539751 0.449445 0.787614 0.450109 0.450109 0.327308  0.45374 0.359129 0.549489 0.769937 0.550466 0.550466        0 0.750568 0.519051 0.628153 0.796985 0.629153 0.629153 0.636459 0.747041 0.628566
       0 0.552456 0.552456 0.559044 0.451126 0.552051 0.630941        0        0        0        0        0        0        0 0.552456        0  0.55104 0.559854 0.451292 0.552675 0.632387 0.552456        0  0.55104 0.559854 0.451292 0.552675 0.632387 0.559044        0 0.559854 0.559854 0.529414 0.550636 0.618317 0.451126        0 0.451292 0.451292 0.529414  0.42961 0.613435 0.552051        0 0.552675 0.552675 0.550636  0.42961  0.63384 0.630941        0 0.632387 0.632387 0.618317 0.613435  0.63384
   0.304971           0 4.01748e-06 0.000134053   0.0419036 4.30389e-06  0.00496168    0.304971    0.304971    0.304971    0.304988    0.304971    0.304971     0.30558 4.01748e-06    0.304971 7.22907e-07 0.000131396   0.0419027 1.73526e-06  0.00495875 4.01748e-06    0.304971 7.22907e-07 0.000131396   0.0419027 1.73526e-06  0.00495875 0.000134053    0.304988 0.000131396 0.000131396  0.00556259 0.000153906  0.00563807   0.0419036    0.305633   0.0419027   0.0419027   0.0553042   0.0420017   0.0621577 4.30389e-06    0.304971 1.73526e-06 1.73526e-06 1.00535e-06   0.0420017  0.00495972  0.00496168     0.30558  0.00495875  0.00495875  0.00563807   0.0621594  0.00495972
