8	12	12	1
 0 12  0  1  0  0  0  0  0  0  2  0
 0  0  0  0  0  0  0  0  0  0  2  0
 0  0  7  1  0  0 11  4  0  0  2  0
 0  0  7  0  0 10  0  0  0  0  2  8
 0  0  0  1  3  0  0  0  5  0  0  0
 9  0  0  0  0  0  0  0  5  6  0  0
 0  0  0  1  3  0  0  4  0  0  0  0
 0  0  0  0  0  0  0  0  0  6  0  8
0.3	0.8	0.8	0.8	0.4	1	0.7	0.6	0.9	1	0.2	0.7	
0.1	0.066	0.767	0.732	0.54	0.763	0.601	0.125	
------target--------
7
------result--------
3	
------details--------
0.417864 0.418017  0.58287 0.416643 0.417089 0.416659 0.610927 0.417949
0.421614 0.427553 0.289674 0.419707 0.419882 0.419658        0 0.420377
 2.0376e-06  2.5724e-06    0.043873 4.82015e-06 3.77717e-06 4.62076e-06           0 9.21039e-07
------result2--------
3	7	
------details2--------
0.417864 0.582815  0.41649   0.4168 0.416369 0.610879 0.417661        0        0        0 0.416955 0.416524 0.610916 0.417815 0.582815  0.58287 0.582295 0.582217 0.582383  0.58287  0.58278  0.41649 0.416643 0.582295 0.415573 0.415135 0.610479 0.416643   0.4168 0.416955 0.582217 0.415573        0 0.610419 0.416886 0.416369 0.416524 0.582383 0.415135 0.416659 0.610652 0.416455 0.610879 0.610916        0 0.610479 0.610419 0.610652 0.610868 0.417661 0.417815  0.58278        0 0.416886 0.416455 0.610868
       0 0.286058 0.419323 0.419597 0.419373        0 0.420098 0.418017 0.418017 0.418017  0.41975 0.419526        0  0.42025 0.583666        0 0.583475 0.583925 0.583355        0 0.583852 0.418898        0 0.285274 0.418376 0.418153        0        0 0.420557 0.426491  0.28913 0.418645 0.417089        0 0.419319 0.420133 0.426052 0.288972 0.418217        0        0 0.418893 0.611507 0.611681 0.610927 0.611388 0.611753 0.611204 0.611577 0.421419  0.42736 0.289588 0.417949 0.419681 0.419457        0
0.420283 0.583666 0.418898 0.420557 0.420133 0.611507 0.421419        0        0        0 0.426491 0.426052 0.611681  0.42736 0.286058 0.286154 0.285274  0.28913 0.288972 0.660852 0.289588 0.419323 0.419477 0.583475 0.418645 0.418217 0.611388 0.419571 0.419597  0.41975 0.583925 0.418376        0 0.611753 0.419681 0.419373 0.419526 0.583355 0.418153 0.418932 0.611204 0.419457        0        0        0        0        0        0        0 0.420098  0.42025 0.583852        0 0.419319 0.418893 0.611577
0.427553 0.328011 0.423606  0.42336 0.423138        0 0.423815 0.427553 0.427553 0.427553 0.429317 0.429115        0 0.429815 0.328011 0.427553 0.294151 0.290568 0.290392        0 0.290638 0.423606 0.427553 0.294151 0.421451 0.421228        0 0.420377  0.42336 0.429317 0.290568 0.421451 0.419882        0 0.422122 0.423138 0.429115 0.290392 0.421228 0.419882        0   0.4219        0        0        0        0        0        0        0 0.423815 0.429815 0.290638 0.420377 0.422122   0.4219        0
3.27492e-06   0.0440582 6.69095e-06 5.82486e-06 6.67474e-06    0.222247           0  2.5724e-06  2.5724e-06  2.5724e-06 6.35612e-06 7.20536e-06    0.222247 3.49929e-06   0.0440582     0.04449   0.0439002   0.0438743   0.0438739    0.224281   0.0438732 6.69095e-06 6.63693e-06   0.0439002  8.6279e-06 9.48812e-06    0.222247 4.91209e-06 5.82486e-06 6.35612e-06   0.0438743  8.6279e-06 3.77717e-06    0.222248  4.7045e-06 6.67474e-06 7.20536e-06   0.0438739 9.48812e-06 4.78695e-06    0.222247 5.55147e-06    0.222247    0.222247    0.222247    0.222247    0.222248    0.222247    0.222247 2.96302e-06 3.49929e-06   0.0438732 9.21039e-07  4.7045e-06 5.55147e-06    0.222247
