8	12	12	1
 0  0  0 10  0  0  1  0  0  0  0  9
11  0  0  0  0  0  1  0  0  0  0  0
 0  0  0  0  8  0  0  0  0  7  0  0
 0  0 12  0  0  0  0  0  0  7  0  0
 0  0  0  0  0  3  1  5  0  0  2  9
 0  4  0  0  0  3  1  0  0  0  2  0
 0  0  0  0  8  0  0  5  6  0  2  0
 0  4  0  0  0  0  0  0  6  0  2  0
0.1	0.7	0.2	0.6	0.9	0.7	0.5	0.6	0.7	1	0.4	0.6	
0.466	0.72	0.942	0.678	0.909	0.517	0.441	0.263	
------target--------
6
------result--------
8	
------details--------
0.475249 0.476551 0.477933  0.47642 0.475628 0.666409 0.456438 0.656461
0.477987 0.478927 0.476055 0.478795 0.478193        0 0.485363 0.190072
3.73948e-06 7.03472e-07 1.60469e-06 1.20966e-06 3.21523e-06           0 0.000351942    0.109227
------result2--------
8	6	
------details2--------
0.475085 0.476493 0.474951 0.475249 0.666428 0.454748 0.656398 0.475085 0.477776 0.476259 0.475466 0.666545  0.45624 0.656594 0.476493 0.477776 0.477646 0.476866 0.668329        0 0.656408 0.474951 0.476259 0.477646 0.475332 0.666583 0.456083 0.656623        0 0.475466 0.476866 0.475332 0.666334 0.455197 0.656326 0.666428 0.666545 0.668329 0.666583 0.666334 0.656408        0 0.454748  0.45624        0 0.456083 0.455197 0.656408 0.656408 0.656398 0.656594 0.656408 0.656623 0.656326 0.656461        0
0.477502 0.474591 0.477359        0        0  0.48389 0.189773  0.47783 0.475897 0.478645 0.478036        0 0.485202 0.190052 0.479174 0.480091 0.479961 0.479377        0 0.477933 0.213568   0.4777 0.478654 0.475766 0.477906        0  0.48507  0.19003 0.475628 0.477869 0.474971  0.47773        0 0.484272  0.18984 0.666392 0.664515 0.665382 0.665163  0.66651  0.67051 0.666409 0.457892 0.459147 0.456438 0.458941 0.458115        0        0 0.656516 0.654623 0.656488 0.655307 0.656646        0 0.656461
 0.47783 0.479174   0.4777  0.47721 0.666392 0.457892 0.656516 0.477502 0.480091 0.478654 0.477869 0.664515 0.459147 0.654623 0.474591 0.475897 0.475766 0.474971 0.665382        0 0.656488 0.477359 0.478645 0.479961  0.47773 0.665163 0.458941 0.655307        0 0.478036 0.479377 0.477906  0.66651 0.458115 0.656646        0        0        0        0        0        0        0  0.48389 0.485202 0.608363  0.48507 0.484272  0.67051 0.656488 0.189773 0.190052 0.213568  0.19003  0.18984 0.727088        0
0.480221 0.477345 0.480089 0.478193        0 0.486661 0.190336 0.480221 0.478286 0.481034 0.480424        0 0.487642 0.190353 0.477345 0.478286 0.478156 0.477552        0 0.476055   0.1766 0.480089 0.481034 0.478156 0.480293        0 0.487494 0.190376 0.478193 0.480424 0.477552 0.480293        0 0.486868 0.190393        0        0        0        0        0        0        0 0.486661 0.487642 0.476055 0.487494 0.486868        0 0.248942 0.190336 0.190353   0.1766 0.190376 0.190393        0 0.248942
4.45917e-06 5.31967e-06 4.97295e-06 3.91029e-06     0.23661           0    0.109228 4.45917e-06 2.30062e-06 1.92387e-06 3.93118e-06     0.23661  0.00035278    0.109228 5.31967e-06 2.30062e-06 2.80302e-06 4.80006e-06    0.236613 1.60469e-06    0.109619 4.97295e-06 1.92387e-06 2.80302e-06 4.44349e-06     0.23661 0.000353353    0.109228 3.21523e-06 3.93118e-06 4.80006e-06 4.44349e-06     0.23661 0.000355501    0.109228     0.23661     0.23661    0.236613     0.23661     0.23661    0.236675     0.23661 0.000356107  0.00035278  0.00196618 0.000353353 0.000355501    0.236675    0.131529    0.109228    0.109228    0.109619    0.109228    0.109228    0.237609    0.131529
