8	12	12	1
 0  2  0  1  0  0  0  0  0  0  0  8
 4  0  0  0  0  0  0  0  0  0  0  0
 0  0  0  1  0  0  0  7  0  0  0  8
 4  0  0  0 12  0  6  7  0  0  0  0
 0  2  3  1  0  0  0  0  0  0  0  0
 0  0  3  0  0  0  0  0  0  0 11  0
 0  0  0  1  0  5  0  0  0 10  0  0
 0  0  0  0  0  5  6  0  9  0  0  0
0.7	0.1	0.6	0.8	0.7	0.3	0.8	0.6	0.5	0.9	0.3	0.3	
0.911	0.609	0.637	0.261	0.31	0.708	0.316	0.906	
------target--------
5
------result--------
6	
------details--------
0.640145 0.640173 0.640145 0.639948 0.777243 0.770687 0.640437 0.640159
0.642086 0.642229 0.642086 0.642108        0 0.367489 0.642451 0.642148
1.89093e-06 2.02535e-06 1.89093e-06 2.46329e-06           0   0.0761116 1.42916e-06 1.94532e-06
------result2--------
6	5	
------details2--------
0.639462        0 0.639233 0.777527 0.770912  0.63973 0.639445 0.639462 0.639462        0  0.77715 0.770546  0.63976 0.639478        0 0.639462 0.639233 0.777527 0.770912  0.63973 0.639445 0.639233 0.639948 0.639233 0.777158 0.770537 0.639533  0.63925 0.777527  0.77715 0.777527 0.777158        0 0.777148 0.777317 0.770912 0.770546 0.770912 0.770537 0.770687 0.770565 0.770706  0.63973  0.63976  0.63973 0.639533 0.777148 0.770565 0.639745 0.639445 0.639478 0.639445  0.63925 0.777317 0.770706 0.639745
0.641532 0.640145  0.64141        0 0.368241 0.641754 0.641453 0.641417 0.641417 0.640173        0 0.367616  0.64178 0.641478 0.640145 0.641532  0.64141        0 0.368241 0.641754 0.641453 0.641194        0 0.641194        0  0.36771 0.641556 0.641255 0.776744 0.777432 0.776744 0.777361 0.777243 0.777614 0.777103 0.770295 0.770974 0.770295 0.770897        0 0.771164 0.770652 0.641679 0.641821 0.641679 0.641699        0 0.367514 0.641741 0.641406 0.641546 0.641406 0.641423        0 0.367858 0.641767
0.641417        0 0.641194 0.776744 0.770295 0.641679 0.641406 0.641532 0.641532        0 0.777432 0.770974 0.641821 0.641546        0 0.641417 0.641194 0.776744 0.770295 0.641679 0.641406  0.64141 0.641657  0.64141 0.777361 0.770897 0.641699 0.641423        0        0        0        0        0        0        0 0.368241 0.367616 0.368241  0.36771 0.807573 0.367514 0.367858 0.641754  0.64178 0.641754 0.641556 0.777614 0.771164 0.641767 0.641453 0.641478 0.641453 0.641255 0.777103 0.770652 0.641741
0.643478 0.642086 0.643357        0 0.366132 0.643699 0.643399 0.643478 0.643478 0.642229        0 0.367225 0.643841 0.643539 0.642086 0.643478 0.643357        0 0.366132 0.643699 0.643399 0.643357 0.642229 0.643357        0 0.367175 0.643719 0.643418        0        0        0        0        0        0        0 0.366132 0.367225 0.366132 0.367175        0 0.367389 0.366778 0.643699 0.643841 0.643699 0.643719        0 0.367389  0.64376 0.643399 0.643539 0.643399 0.643418        0 0.366778  0.64376
3.93756e-06 1.89093e-06 4.38165e-06    0.215627           0 3.33318e-06 3.86383e-06 3.93756e-06 3.93756e-06 2.02535e-06    0.215627   0.0761117 3.46423e-06 3.98851e-06 1.89093e-06 3.93756e-06 4.38165e-06    0.215627   0.0761125 3.33318e-06 3.86383e-06 4.38165e-06 2.51305e-06 4.38165e-06    0.215627   0.0761117  3.9047e-06 4.43139e-06    0.215627    0.215627    0.215627    0.215627    0.215627    0.215627    0.215627   0.0761125   0.0761117   0.0761125   0.0761117    0.216113   0.0761117   0.0761118 3.33318e-06 3.46423e-06 3.33318e-06  3.9047e-06    0.215627   0.0761117 3.38572e-06 3.86383e-06 3.98851e-06 3.86383e-06 4.43139e-06    0.215627   0.0761118 3.38572e-06
