8	12	12	1
 9  0  0  6  0  0  0  2  3  0  0  4
 0  0  0  0  1  0  0  0  3  0  0  4
 0  0  0  6  0  0  5  2  3 10  0  0
 0  0  0  0  1  0  0  0  3  0 11  0
 0  0  7  0  0  0  0  2  0  0  0  4
 0  0  0  0  1  0  0  0  0  0  0  4
 0  0  7  0  0  8  5  2  0  0  0  0
 0 12  0  0  1  8  0  0  0  0  0  0
1	0.5	0.7	0.2	0.4	0.7	0.1	0.1	0.5	0.2	0.7	0.9	
0.916	0.587	0.537	0.569	0.109	0.208	0.18	0.866	
------target--------
2
------result--------
6	
------details--------
0.679809 0.719993  0.42749 0.426964 0.715617 0.719993 0.419658 0.427238
0.346665 0.154752  0.42993 0.429551 0.187952 0.154752 0.471836 0.428446
  0.0417708           0 1.08004e-06 2.84984e-06     0.14771    0.173518 0.000722961 7.20137e-07
------result2--------
1	2	
------details2--------
0.679809 0.679931 0.679566 0.674398 0.679809  0.67448 0.680238        0 0.720143 0.719903        0        0 0.715719 0.720519 0.679931 0.720143  0.42672 0.715762 0.720143   0.4194 0.426994 0.679566 0.719903  0.42672 0.715506 0.719903 0.418858 0.426467 0.674398 0.715617 0.715762 0.715506 0.715617        0 0.715822        0        0 0.720143 0.719903        0 0.715719 0.720519  0.67448 0.715719   0.4194 0.418858 0.715719 0.715719        0 0.680238 0.720519 0.426994 0.426467 0.715822 0.720519 0.418797
       0 0.678711 0.680376 0.768978        0 0.705555 0.679194 0.719993  0.71864 0.720207 0.719993 0.719993 0.740513 0.719234 0.346549 0.154697 0.429313 0.187913 0.154697   0.4716 0.428209 0.346233 0.154577 0.429175 0.187781 0.154577 0.471065 0.427682 0.757644        0 0.714303 0.715876        0 0.715617 0.715323 0.719993 0.719993  0.71864 0.720207 0.719993 0.740513 0.719234 0.339847 0.154104 0.422012 0.421555 0.154104 0.154104 0.419658 0.346571 0.154579 0.429443 0.429054 0.189706 0.154579 0.618614
0.760803 0.346549 0.346233 0.757644 0.760803 0.339847 0.346571        0 0.154697 0.154577        0        0 0.154104 0.154579 0.678711  0.71864 0.429175 0.714303  0.71864 0.422012 0.429443 0.680376 0.720207 0.429313 0.715876 0.720207 0.421555 0.429054 0.768978 0.789711 0.187913 0.187781 0.789711 0.154104 0.189706        0        0 0.154697 0.154577        0 0.154104 0.154579 0.705555 0.740513   0.4716 0.471065 0.714867 0.740513 0.618614 0.679194 0.719234 0.428209 0.427682 0.715323 0.719234 0.421418
0.154752  0.34773 0.347696  0.17274 0.154752 0.385511 0.346803 0.154752 0.155258 0.155169 0.154752 0.154752 0.158791 0.155005  0.34773 0.155258 0.431767 0.188313 0.155258 0.474032 0.430661 0.347696 0.155169 0.431767 0.188361 0.155169 0.473688 0.430283  0.17274 0.154752 0.188313 0.188361 0.154752 0.338809 0.185368 0.154752 0.154752 0.155258 0.155169 0.154752 0.158791 0.155005 0.385511 0.158791 0.474032 0.473688 0.338809 0.158791 0.443507 0.346803 0.155005 0.430661 0.430283 0.185368 0.155005 0.443507
   0.175489           0   0.0417716    0.161101    0.175489    0.042285    0.041771    0.173518    0.173518    0.173518    0.173518    0.173518     0.17363    0.173519   0.0417711    0.173518 3.94257e-06     0.14771    0.173518 0.000724175 1.80884e-06   0.0417716    0.173518 3.94257e-06     0.14771    0.173518 0.000726038 3.58337e-06    0.161101    0.173904     0.14771     0.14771    0.173904    0.155842    0.147718    0.173518    0.173518    0.173518    0.173518    0.173518     0.17363    0.173519    0.042285     0.17363 0.000724175 0.000726038    0.155842     0.17363  0.00201793    0.041771    0.173519 1.80884e-06 3.58337e-06    0.147718    0.173519  0.00202056
